epoch: 1
100
83.33928942680359
200
165.3198218345642
300
248.30099487304688
400
332.56255078315735
500
412.3329873085022
600
496.68181681632996
Epoch: 1 | Training Loss: 0.561053 | Train ACC: 0.7516
epoch: 2
100
677.3404641151428
200
772.4423797130585
300
854.7019009590149
400
934.2187502384186
500
1015.5056924819946
600
1098.7301290035248
Epoch: 2 | Training Loss: 0.415698 | Train ACC: 0.8274
epoch: 3
100
1237.2928504943848
200
1308.3599576950073
300
1378.4923515319824
400
1449.9795529842377
500
1529.6421959400177
600
1623.6187374591827
Epoch: 3 | Training Loss: 0.358982 | Train ACC: 0.8506
epoch: 4
100
1781.0343902111053
200
1865.5606615543365
300
1948.505298614502
400
2029.0250680446625
500
2107.5534040927887
600
2187.825706720352
Epoch: 4 | Training Loss: 0.299514 | Train ACC: 0.8798
epoch: 5
100
2330.520212650299
200
2409.9402635097504
300
2495.667943716049
400
2580.544012784958
500
2664.950823068619
600
2753.233478784561
Epoch: 5 | Training Loss: 0.286047 | Train ACC: 0.8872
epoch: 6
100
2905.1692328453064
200
2992.827186346054
300
3080.257013320923
400
3167.853828191757
500
3257.904704093933
600
3332.5982336997986
Epoch: 6 | Training Loss: 0.244350 | Train ACC: 0.9015
epoch: 7
100
3487.650441646576
200
3579.500374317169
300
3661.4470274448395
400
3748.823073863983
500
3836.170391559601
600
3923.193278312683
Epoch: 7 | Training Loss: 0.222228 | Train ACC: 0.9117
epoch: 8
100
4079.2206857204437
200
4172.459324598312
300
4261.273218631744
400
4335.911509990692
500
4417.821363925934
600
4502.629166841507
Epoch: 8 | Training Loss: 0.209868 | Train ACC: 0.9172
epoch: 9
100
4641.849184989929
200
4712.839714050293
300
4784.714704036713
400
4859.615784883499
500
4932.60906791687
600
5004.395222663879
Epoch: 9 | Training Loss: 0.196926 | Train ACC: 0.9238
epoch: 10
100
5128.485746622086
200
5194.97863984108
300
5261.527637243271
400
5329.162608623505
500
5399.612160921097
600
5473.752302408218
Epoch: 10 | Training Loss: 0.174185 | Train ACC: 0.9321
epoch: 11
100
5606.993460416794
200
5681.083652019501
300
5753.684502124786
400
5826.056666135788
500
5899.386095046997
600
5971.970361948013
Epoch: 11 | Training Loss: 0.147590 | Train ACC: 0.9407
epoch: 12
100
6103.15300822258
200
6175.99901843071
300
6248.510913848877
400
6321.37616610527
500
6392.184123277664
600
6465.048179864883
Epoch: 12 | Training Loss: 0.155263 | Train ACC: 0.9422
epoch: 13
100
6596.00726890564
200
6668.700399160385
300
6740.43004488945
400
6811.821177244186
500
6884.232800722122
600
6956.878144025803
Epoch: 13 | Training Loss: 0.125670 | Train ACC: 0.9503
epoch: 14
100
7087.283803462982
200
7160.127881526947
300
7233.233362197876
400
7306.154410839081
500
7376.77703166008
600
7449.622125148773
Epoch: 14 | Training Loss: 0.121493 | Train ACC: 0.9562
epoch: 15
100
7591.312164783478
200
7670.878270149231
300
7749.926647901535
400
7831.087804079056
500
7912.029044866562
600
7993.713355064392
Epoch: 15 | Training Loss: 0.108961 | Train ACC: 0.9630
epoch: 16
100
8139.940027475357
200
8221.614443540573
300
8303.303651809692
400
8384.63168144226
500
8466.23099565506
600
8540.486843585968
Epoch: 16 | Training Loss: 0.106163 | Train ACC: 0.9597
epoch: 17
100
8679.314413309097
200
8759.030189275742
300
8838.863764047623
400
8918.306371688843
500
8994.118710041046
600
9069.060398817062
Epoch: 17 | Training Loss: 0.105938 | Train ACC: 0.9634
epoch: 18
100
9212.627161026001
200
9293.96385383606
300
9374.213197231293
400
9453.920694589615
500
9533.97492814064
600
9612.709828615189
Epoch: 18 | Training Loss: 0.094035 | Train ACC: 0.9661
epoch: 19
100
9756.369659900665
200
9837.381125688553
300
9917.430037021637
400
9996.606960058212
500
10069.700920343399
600
10149.726438999176
Epoch: 19 | Training Loss: 0.123829 | Train ACC: 0.9564
epoch: 20
100
10285.27414226532
200
10358.91160440445
300
10432.511984348297
400
10511.306508302689
500
10591.119645357132
600
10667.031166315079
Epoch: 20 | Training Loss: 0.090434 | Train ACC: 0.9658
Training complete in 178m 47s
Validation Loss: 2.061103 | Validation ACC: 0.6659
epoch: 1
100
76.40304279327393
200
151.32074189186096
300
221.9915144443512
400
297.5658149719238
500
377.60091733932495
600
458.6755528450012
Epoch: 1 | Training Loss: 0.560423 | Train ACC: 0.7538
epoch: 2
100
603.552407503128
200
677.4019310474396
300
744.832489490509
400
816.6959087848663
500
891.0138761997223
600
966.7566726207733
Epoch: 2 | Training Loss: 0.420456 | Train ACC: 0.8329
epoch: 3
100
1102.377819776535
200
1176.8645901679993
300
1247.5011930465698
400
1322.4784903526306
500
1397.6020247936249
600
1472.349598646164
Epoch: 3 | Training Loss: 0.360827 | Train ACC: 0.8535
epoch: 4
100
1596.1771540641785
200
1662.6590719223022
300
1737.2074251174927
400
1807.183200597763
500
1880.310115814209
600
1955.863802433014
Epoch: 4 | Training Loss: 0.323892 | Train ACC: 0.8762
epoch: 5
100
2092.3815071582794
200
2167.980057954788
300
2243.416613817215
400
2319.0680639743805
500
2394.9042539596558
600
2463.3355429172516
Epoch: 5 | Training Loss: 0.289804 | Train ACC: 0.8878
epoch: 6
100
2594.5077047348022
200
2670.4212448596954
300
2745.5785386562347
400
2821.1587619781494
500
2896.6285099983215
600
2971.936166524887
Epoch: 6 | Training Loss: 0.256627 | Train ACC: 0.8990
epoch: 7
100
3106.818067073822
200
3182.7958319187164
300
3258.1000752449036
400
3327.223492860794
500
3394.51403093338
600
3460.782876968384
Epoch: 7 | Training Loss: 0.226727 | Train ACC: 0.9154
epoch: 8
100
3579.292301416397
200
3646.900695323944
300
3713.6755833625793
400
3780.505202293396
500
3846.142074108124
600
3912.746046066284
Epoch: 8 | Training Loss: 0.212992 | Train ACC: 0.9178
epoch: 9
100
4032.03453874588
200
4099.478345155716
300
4167.046000242233
400
4242.872660398483
500
4319.008279323578
600
4397.176565647125
Epoch: 9 | Training Loss: 0.183982 | Train ACC: 0.9282
epoch: 10
100
4536.077374219894
200
4606.942250728607
300
4678.418528556824
400
4746.040761232376
500
4815.2471215724945
600
4882.345592737198
Epoch: 10 | Training Loss: 0.173023 | Train ACC: 0.9297
epoch: 11
100
5002.5189390182495
200
5076.707012653351
300
5152.142513990402
400
5228.381414651871
500
5304.405885457993
600
5380.719717741013
Epoch: 11 | Training Loss: 0.169528 | Train ACC: 0.9349
epoch: 12
100
5518.152297258377
200
5594.712086677551
300
5671.183728456497
400
5747.6208555698395
500
5824.557925701141
600
5898.639075517654
Epoch: 12 | Training Loss: 0.139488 | Train ACC: 0.9468
epoch: 13
100
6024.39612865448
200
6092.686270713806
300
6162.569131612778
400
6231.153475522995
500
6304.954263448715
600
6381.539435625076
Epoch: 13 | Training Loss: 0.146840 | Train ACC: 0.9420
epoch: 14
100
6518.11625623703
200
6593.9575135707855
300
6670.1076056957245
400
6746.051527500153
500
6821.814346313477
600
6899.060289382935
Epoch: 14 | Training Loss: 0.123805 | Train ACC: 0.9522
epoch: 15
100
7040.327179908752
200
7112.52988576889
300
7185.020507574081
400
7261.809864282608
500
7339.5443778038025
600
7416.900510072708
Epoch: 15 | Training Loss: 0.102397 | Train ACC: 0.9610
epoch: 16
100
7555.238391637802
200
7627.588507890701
300
7707.0870480537415
400
7788.466729402542
500
7864.596276521683
600
7940.630113601685
Epoch: 16 | Training Loss: 0.107189 | Train ACC: 0.9610
epoch: 17
100
8076.003185033798
200
8143.802577018738
300
8210.73692035675
400
8284.210695266724
500
8358.90353012085
600
8434.07115483284
Epoch: 17 | Training Loss: 0.098221 | Train ACC: 0.9625
epoch: 18
100
8561.340464830399
200
8629.51912021637
300
8697.840997219086
400
8766.0802257061
500
8834.416326284409
600
8907.668920993805
Epoch: 18 | Training Loss: 0.084627 | Train ACC: 0.9663
epoch: 19
100
9061.31510090828
200
9141.194667339325
300
9220.483890771866
400
9296.601239681244
500
9372.511591672897
600
9448.250236988068
Epoch: 19 | Training Loss: 0.084868 | Train ACC: 0.9704
epoch: 20
100
9600.044342279434
200
9686.50932598114
300
9757.300081729889
400
9833.37946844101
500
9905.553653240204
600
9975.345582723618
Epoch: 20 | Training Loss: 0.089831 | Train ACC: 0.9672
Training complete in 167m 12s
Validation Loss: 1.009770 | Validation ACC: 0.7740
epoch: 1
100
70.67053818702698
200
141.68283581733704
300
211.65747666358948
400
282.1611421108246
500
354.5188236236572
600
425.9476864337921
Epoch: 1 | Training Loss: 0.555899 | Train ACC: 0.7586
epoch: 2
100
557.1553318500519
200
628.6608572006226
300
702.4486861228943
400
777.0406682491302
500
852.4067614078522
600
927.4696164131165
Epoch: 2 | Training Loss: 0.410850 | Train ACC: 0.8315
epoch: 3
100
1063.3062388896942
200
1140.0925450325012
300
1215.1992416381836
400
1290.2525243759155
500
1361.8508875370026
600
1432.9650094509125
Epoch: 3 | Training Loss: 0.353763 | Train ACC: 0.8537
epoch: 4
100
1552.1874785423279
200
1622.2929110527039
300
1696.5204236507416
400
1772.3231256008148
500
1843.4312336444855
600
1910.4322526454926
Epoch: 4 | Training Loss: 0.303877 | Train ACC: 0.8760
epoch: 5
100
2028.6777637004852
200
2094.890529155731
300
2163.7843470573425
400
2234.9327495098114
500
2310.4118554592133
600
2384.9586119651794
Epoch: 5 | Training Loss: 0.270015 | Train ACC: 0.8918
epoch: 6
100
2520.4877605438232
200
2595.9000494480133
300
2670.6970183849335
400
2745.1958327293396
500
2819.326511859894
600
2889.2846405506134
Epoch: 6 | Training Loss: 0.247334 | Train ACC: 0.8994
epoch: 7
100
3020.1691484451294
200
3096.218973875046
300
3170.8433470726013
400
3248.4876766204834
500
3323.3327016830444
600
3397.25009560585
Epoch: 7 | Training Loss: 0.210972 | Train ACC: 0.9146
epoch: 8
100
3537.2718255519867
200
3614.6701233386993
300
3691.4322352409363
400
3766.930830478668
500
3840.950736761093
600
3918.4399213790894
Epoch: 8 | Training Loss: 0.201674 | Train ACC: 0.9183
epoch: 9
100
4045.980314016342
200
4121.40873336792
300
4197.508537530899
400
4268.86063170433
500
4336.046063661575
600
4402.618452548981
Epoch: 9 | Training Loss: 0.187209 | Train ACC: 0.9279
epoch: 10
100
4520.717903852463
200
4586.492434978485
300
4652.113323688507
400
4718.080317974091
500
4783.645901441574
600
4849.317326784134
Epoch: 10 | Training Loss: 0.181851 | Train ACC: 0.9281
epoch: 11
100
4966.887623786926
200
5033.004545927048
300
5098.643620729446
400
5164.015903949738
500
5229.391548871994
600
5294.678491830826
Epoch: 11 | Training Loss: 0.152784 | Train ACC: 0.9417
epoch: 12
100
5412.097904205322
200
5477.680560588837
300
5543.532078742981
400
5618.588636875153
500
5697.760477304459
600
5771.736899852753
Epoch: 12 | Training Loss: 0.138940 | Train ACC: 0.9479
epoch: 13
100
5889.437306165695
200
5954.838099718094
300
6021.013612985611
400
6085.938504695892
500
6151.353765487671
600
6216.962496042252
Epoch: 13 | Training Loss: 0.139241 | Train ACC: 0.9439
epoch: 14
100
6334.764089584351
200
6400.965023756027
300
6466.208064556122
400
6531.024965763092
500
6596.161842107773
600
6660.949770927429
Epoch: 14 | Training Loss: 0.122864 | Train ACC: 0.9523
epoch: 15
100
6777.21565413475
200
6841.77566242218
300
6906.918858528137
400
6972.286546468735
500
7037.175681114197
600
7102.464680194855
Epoch: 15 | Training Loss: 0.120301 | Train ACC: 0.9525
epoch: 16
100
7219.356845378876
200
7284.590401649475
300
7354.502948284149
400
7436.656834363937
500
7518.817351102829
600
7600.955100297928
Epoch: 16 | Training Loss: 0.107327 | Train ACC: 0.9569
epoch: 17
100
7747.571836233139
200
7829.33725810051
300
7911.069657087326
400
7992.26570224762
500
8069.5102734565735
600
8150.686095952988
Epoch: 17 | Training Loss: 0.097380 | Train ACC: 0.9643
epoch: 18
100
8296.358690023422
200
8377.98554444313
300
8459.462094068527
400
8540.384753704071
500
8620.854907751083
600
8701.290934801102
Epoch: 18 | Training Loss: 0.093898 | Train ACC: 0.9661
epoch: 19
100
8841.578312635422
200
8922.248937606812
300
9002.960552215576
400
9082.578097820282
500
9162.906517028809
600
9243.11028122902
Epoch: 19 | Training Loss: 0.113924 | Train ACC: 0.9586
epoch: 20
100
9387.396546125412
200
9466.96909570694
300
9551.374065637589
400
9636.501755952835
500
9729.602113485336
600
9821.02224111557
Epoch: 20 | Training Loss: 0.083809 | Train ACC: 0.9696
Training complete in 164m 54s
Validation Loss: 0.657382 | Validation ACC: 0.8278
kfold preds 0: [2, 2, 0, 0, 1, 0, 1, 1, 2, 2, 0, 0, 0, 2, 0, 1, 2, 1, 2, 2, 2, 0, 2, 2, 1, 2, 2, 0, 0, 0, 0, 2, 2, 0, 0, 0, 2, 1, 2, 0, 2, 0, 1, 2, 0, 2, 1, 2, 0, 2, 2, 2, 0, 2, 2, 0, 0, 1, 0, 2, 1, 2, 2, 0, 0, 0, 1, 0, 2, 2, 0, 2, 2, 0, 2, 2, 1, 2, 2, 2, 0, 2, 2, 0, 2, 0, 2, 2, 0, 2, 2, 2, 1, 2, 0, 0, 0, 2, 2, 2, 2, 2, 1, 2, 2, 0, 0, 2, 2, 2, 0, 0, 2, 2, 2, 2, 2, 2, 2, 2, 0, 0, 0, 0, 1, 0, 2, 0, 0, 2, 2, 2, 1, 2, 1, 0, 0, 1, 0, 0, 1, 0, 2, 2, 0, 2, 2, 2, 0, 2, 2, 2, 2, 0, 1, 0, 1, 0, 1, 1, 2, 0, 2, 0, 1, 0, 2, 2, 2, 2, 1, 2, 2, 0, 2, 1, 2, 2, 1, 0, 2, 1, 0, 1, 0, 2, 2, 0, 2, 2, 2, 2, 0, 0, 2, 2, 2, 0, 2, 2, 2, 2, 2, 2, 0, 2, 2, 2, 0, 0, 2, 0, 0, 0, 2, 2, 0, 2, 0, 2, 2, 2, 2, 1, 2, 1, 2, 0, 2, 0, 0, 2, 0, 0, 2, 2, 0, 1, 2, 2, 0, 2, 2, 2, 0, 0, 2, 0, 1, 2, 2, 0, 2, 2, 2, 2, 1, 2, 2, 0, 0, 2, 2, 2, 0, 2, 0, 0, 2, 2, 2, 1, 2, 2, 2, 2, 0, 0, 2, 2, 2, 2, 1, 1, 0, 2, 0, 2, 2, 1, 2, 2, 1, 0, 2, 0, 0, 2, 2, 2, 0, 2, 0, 2, 2, 0, 0, 0, 0, 0, 2, 1, 0, 0, 2, 0, 2, 2, 0, 2, 0, 0, 0, 2, 2, 0, 2, 1, 2, 0, 2, 2, 1, 2, 2, 2, 2, 2, 0, 2, 1, 0, 1, 2, 0, 2, 0, 2, 0, 2, 0, 1, 2, 1, 2, 0, 0, 1, 2, 1, 1, 2, 2, 1, 2, 2, 0, 1, 0, 1, 1, 2, 0, 2, 2, 0, 2, 2, 0, 0, 2, 0, 2, 0, 2, 0, 2, 2, 1, 0, 2, 0, 1, 2, 0, 0, 1, 2, 0, 0, 2, 1, 0, 1, 2, 2, 0, 0, 2, 0, 2, 0, 0, 0, 2, 1, 2, 1, 2, 2, 2, 0, 2, 2, 2, 2, 2, 2, 0, 2, 0, 2, 1, 0, 2, 0, 2, 2, 0, 2, 2, 0, 1, 2, 2, 0, 2, 2, 2, 2, 2, 2, 0, 2, 1, 2, 2, 2, 2, 0, 2, 0, 2, 2, 1, 0, 0, 2, 2, 2, 1, 2, 0, 2, 0, 2, 2, 2, 1, 0, 0, 1, 0, 1, 2, 2, 1, 0, 1, 0, 0, 2, 0, 0, 0, 2, 2, 1, 1, 2, 2, 0, 2, 2, 2, 2, 2, 1, 1, 2, 2, 1, 2, 2, 0, 2, 2, 2, 0, 1, 2, 1, 2, 2, 1, 2, 2, 0, 0, 2, 2, 2, 1, 1, 2, 2, 2, 2, 2, 2, 0, 2, 2, 2, 1, 1, 1, 2, 2, 2, 2, 0, 2, 2, 2, 2, 2, 2, 2, 1, 0, 2, 2, 0, 1, 1, 2, 2, 2, 2, 0, 0, 0, 0, 2, 2, 2, 2, 1, 2, 2, 1, 0, 0, 2, 2, 0, 2, 2, 2, 2, 2, 2, 1, 2, 2, 0, 2, 2, 0, 0, 2, 1, 1, 0, 2, 1, 1, 1, 0, 2, 0, 1, 0, 2, 2, 1, 2, 0, 0, 0, 1, 1, 0, 2, 2, 1, 1, 2, 0, 0, 2, 1, 2, 0, 2, 1, 2, 2, 2, 1, 2, 0, 2, 2, 2, 2, 0, 2, 2, 0, 0, 0, 2, 2, 0, 2, 2, 2, 0, 2, 2, 0, 1, 0, 2, 0, 0, 2, 2, 1, 1, 0, 0, 0, 2, 2, 0, 2, 2, 2, 2, 1, 2, 2, 0, 0, 2, 2, 0, 0, 2, 0, 2, 0, 0, 2, 2, 2, 0, 2, 0, 2, 2, 2, 0, 2, 0, 2, 0, 2, 2, 0, 2, 2, 0, 2, 2, 2, 2, 0, 0, 2, 1, 0, 1, 2, 0, 2, 0, 0, 0, 2, 0, 2, 1, 2, 2, 0, 2, 2, 1, 2, 1, 1, 2, 0, 2, 0, 1, 1, 2, 0, 2, 1, 2, 2, 0, 2, 0, 2, 2, 1, 2, 2, 2, 2, 2, 2, 1, 2, 2, 2, 2, 1, 0, 2, 2, 1, 2, 0, 1, 0, 1, 0, 2, 0, 0, 0, 2, 2, 1, 0, 2, 2, 2, 2, 2, 2, 2, 2, 0, 2, 2, 2, 2, 0, 0, 2, 1, 1, 2, 2, 2, 0, 2, 2, 2, 0, 0, 2, 2, 0, 2, 2, 1, 2, 0, 2, 2, 2, 1, 2, 0, 2, 2, 2, 0, 2, 0, 0, 2, 2, 1, 2, 0, 2, 2, 0, 2, 2, 2, 1, 2, 0, 0, 0, 0, 2, 0, 0, 2, 1, 2, 2, 2, 1, 1, 2, 2, 0, 0, 2, 0, 2, 0, 2, 0, 2, 2, 0, 2, 1, 0, 2, 0, 0, 2, 1, 2, 0, 0, 1, 2, 2, 0, 2, 1, 0, 0, 0, 2, 0, 2, 2, 2, 2, 1, 2, 0, 2, 2, 0, 2, 0, 0, 2, 2, 2, 0, 1, 0, 2, 0, 2, 0, 2, 2, 2, 0, 1, 0, 2, 2, 2, 0, 0, 2, 0, 0, 2, 0, 2, 2, 2, 0, 0, 0, 0, 2, 2, 2, 0, 0, 2, 2, 0, 1, 2, 2, 2, 2, 0, 2, 0, 2, 0, 2, 0, 1, 0, 1, 2, 2, 2, 2, 2, 2, 0, 1, 0, 0, 2, 0, 2, 0, 1, 1, 2, 2, 0, 1, 2, 0, 2, 2, 2, 2, 2, 0, 0, 1, 1, 0, 2, 2, 1, 2, 2, 0, 0, 0, 2, 1, 1, 2, 0, 2, 2, 2, 2, 2, 2, 0, 2, 2, 2, 2, 2, 0, 1, 2, 2, 0, 2, 0, 0, 0, 2, 1, 0, 2, 2, 2, 2, 0, 0, 0, 2, 2, 0, 1, 0, 0, 2, 0, 0, 0, 0, 2, 0, 0, 2, 0, 2, 0, 2, 1, 2, 2, 2, 1, 2, 0, 1, 0, 1, 2, 2, 0, 0, 1, 0, 2, 0, 0, 2, 2, 2, 0, 2, 2, 0, 2, 1, 1, 0, 2, 2, 0, 0, 2, 2, 2, 1, 2, 1, 0, 0, 2, 0, 2, 2, 2, 2, 0, 0, 2, 2, 2, 2, 1, 2, 0, 0, 2, 0, 0, 2, 2, 0, 1, 2, 1, 1, 0, 0, 0, 1, 0, 1, 2, 2, 2, 0, 1, 2, 0, 2, 2, 2, 0, 2, 0, 2, 2, 2, 0, 2, 0, 1, 0, 0, 0, 1, 2, 0, 2, 2, 2, 2, 0, 0, 0, 2, 0, 1, 2, 2, 2, 1, 1, 0, 1, 2, 2, 2, 2, 0, 1, 2, 2, 0, 1, 2, 0, 0, 2, 2, 0, 2, 2, 2, 2, 2, 2, 2, 0, 2, 0, 0, 2, 2, 2, 2, 2, 2, 2, 0, 2, 0, 2, 2, 2, 2, 2, 0, 2, 0, 0, 2, 2, 2, 2, 2, 2, 1, 0, 2, 2, 2, 0, 2, 0, 0, 0, 2, 2, 0, 2, 1, 2, 2, 1, 2, 2, 0, 2, 0, 0, 2, 2, 2, 2, 1, 1, 0, 2, 0, 2, 2, 2, 2, 0, 2, 0, 1, 2, 0, 2, 1, 2, 0, 2, 2, 2, 2, 2, 0, 2, 2, 2, 2, 0, 2, 2, 2, 0, 2, 0, 2, 2, 0, 0, 2, 2, 2, 1, 2, 2, 0, 1, 2, 2, 2, 2, 0, 2, 1, 0, 0, 2, 2, 0, 2, 2, 1, 0, 1, 2, 0, 2, 0, 2, 0, 1, 1, 0, 2, 1, 1, 2, 1, 1, 0, 2, 2, 2, 1, 2, 2, 0, 2, 2, 2, 2, 0, 2, 2, 2, 0, 2, 0, 0, 2, 2, 0, 1, 2, 2, 0, 2, 2, 1, 1, 2, 0, 0, 0, 2, 2, 2, 2, 2, 1, 2, 0, 2, 1, 2, 0, 0, 1, 2, 2, 0, 2, 0, 2, 2, 2, 0, 2, 2, 0, 2, 0, 0, 0, 0, 0, 2, 0, 0, 2, 1, 0, 1, 1, 0, 1, 0, 2, 2, 2, 2, 0, 0, 2, 0, 0, 2, 2, 0, 1, 2, 2, 2, 0, 2, 0, 0, 1, 1, 0, 2, 2, 2, 1, 2, 2, 0, 0, 1, 0, 2, 1, 0, 1, 0, 0, 0, 0, 2, 1, 1, 2, 2, 2, 0, 1, 2, 2, 2, 2, 0, 2, 1, 2, 2, 0, 2, 2, 1, 2, 2, 2, 2, 2, 0, 2, 1, 2, 0, 0, 1, 0, 2, 0, 0, 1, 0, 2, 2, 0, 2, 0, 0, 1, 0, 2, 2, 0, 2, 0, 2, 2, 2, 1, 2, 0, 2, 0, 2, 2, 2, 2, 1, 2, 0, 2, 1, 2, 0, 2, 2, 0, 0, 0, 0, 1, 2, 2, 2, 2, 2, 1, 2, 1, 2, 0, 2, 2, 2, 0, 2, 2, 2, 2, 0, 2, 2, 0, 2, 2, 2, 0, 0, 0, 0, 2, 2, 2, 2, 0, 1, 2, 2, 0, 2, 2, 1, 0, 2, 2, 1, 0, 0, 2, 2, 2, 0, 1, 2, 2, 2, 1, 0, 1, 0, 0, 1, 2, 2, 0, 2, 1, 2, 0, 2, 0, 2, 2, 2, 0, 0, 0, 2, 0, 2, 1, 2, 1, 2, 2, 2, 1, 1, 0, 2, 0, 0, 2, 2, 2, 1, 1, 2, 2, 0, 2, 2, 2, 1, 1, 2, 1, 0, 2, 2, 2, 1, 0, 2, 0, 2, 2, 1, 1, 2, 2, 1, 2, 2, 0, 1, 0, 1, 1, 1, 2, 0, 2, 2, 1, 1, 2, 0, 0, 2, 2, 1, 2, 2, 0, 0, 2, 2, 0, 0, 0, 0, 2, 2, 1, 2, 2, 1, 0, 2, 2, 2, 0, 2, 0, 2, 0, 2, 0, 2, 2, 2, 2, 2, 2, 2, 1, 1, 2, 1, 0, 0, 2, 2, 2, 1, 2, 0, 0, 2, 2, 0, 0, 1, 1, 2, 0, 0, 2, 0, 1, 2, 2, 2, 0, 0, 2, 2, 2, 2, 0, 2, 0, 2, 1, 0, 0, 2, 2, 2, 0, 2, 1, 0, 1, 0, 1, 0, 0, 2, 1, 0, 0, 2, 2, 2, 0, 0, 2, 0, 2, 2, 2, 0, 2, 2, 0, 0, 0, 2, 2, 0, 2, 2, 0, 0, 2, 2, 2, 0, 0, 2, 1, 1, 0, 2, 2, 1, 0, 2, 0, 2, 2, 2, 2, 0, 2, 2, 2, 2, 2, 0, 2, 0, 0, 2, 2, 0, 2, 2, 0, 2, 2, 2, 2, 2, 0, 2, 2, 1, 2, 1, 1, 0, 1, 2, 2, 1, 0, 0, 1, 0, 0, 0, 0, 0, 2, 0, 2, 0, 2, 0, 2, 2, 2, 2, 2, 0, 2, 2, 1, 2, 0, 2, 0, 2, 1, 2, 2, 0, 2, 2, 2, 1, 2, 2, 2, 2, 2, 0, 1, 2, 0, 2, 2, 2, 0, 2, 1, 1, 1, 2, 2, 2, 2, 0, 0, 2, 2, 2, 2, 2, 2, 2, 1, 2, 2, 1, 2, 0, 2, 2, 2, 0, 2, 0, 1, 2, 2, 2, 2, 2, 2, 0, 2, 2, 2, 2, 2, 1, 0, 2, 1, 2, 2, 2, 0, 2, 1, 0, 2, 2, 2, 1, 2, 2, 1, 2, 2, 0, 2, 2, 2, 2, 2, 2, 0, 2, 2, 2, 0, 1, 0, 0, 2, 1, 1, 0, 2, 1, 1, 0, 2, 0, 0, 2, 0, 2, 0, 0, 0, 2, 2, 2, 0, 2, 2, 2, 0, 0, 2, 0, 0, 2, 0, 0, 2, 2, 2, 2, 2, 0, 0, 2, 0, 1, 2, 1, 0, 2, 2, 2, 0, 2, 0, 1, 2, 0, 1, 0, 2, 1, 1, 1, 2, 2, 2, 2, 1, 2, 0, 1, 2, 1, 0, 2, 0, 2, 2, 1, 2, 2, 2, 2, 1, 0, 0, 2, 2, 1, 2, 0, 1, 2, 2, 0, 1, 2, 2, 2, 2, 0, 2, 2, 2, 2, 2, 2, 0, 1, 0, 2, 2, 2, 0, 1, 0, 0, 2, 0, 2, 1, 0, 2, 1, 2, 2, 1, 1, 2, 0, 1, 2, 2, 2, 1, 0, 0, 0, 1, 1, 2, 1, 2, 0, 1, 1, 2, 2, 2, 2, 2, 0, 0, 2, 1, 0, 2, 0, 1, 2, 0, 0, 1, 0, 2, 1, 1, 0, 0, 2, 2, 0, 0, 0, 2, 0, 2, 0, 1, 2, 0, 2, 0, 0, 1, 1, 2, 2, 2, 2, 0, 0, 2, 2, 0, 2, 2, 2, 2, 0, 0, 0, 1, 0, 2, 2, 0, 1, 2, 2, 2, 2, 1, 2, 1, 2, 2, 2, 2, 2, 1, 2, 1, 2, 0, 2, 0, 2, 1, 0, 1, 0, 2, 0, 2, 2, 0, 0, 2, 1, 0, 2, 1, 2, 1, 2, 0, 2, 0, 0, 2, 2, 1, 2, 0, 2, 1, 2, 2, 0, 2, 0, 0, 1, 2, 0, 2, 1, 0, 0, 0, 2, 2, 0, 0, 2, 2, 2, 0, 2, 2, 2, 0, 2, 2, 2, 2, 2, 2, 2, 1, 2, 0, 2, 0, 1, 0, 2, 0, 2, 2, 2, 2, 0, 0, 2, 2, 2, 0, 0, 0, 2, 0, 2, 0, 0, 2, 0, 2, 2, 1, 0, 2, 0, 0, 2, 1, 2, 0, 0, 2, 1, 2, 2, 2, 0, 2, 2, 0, 2, 2, 2, 2, 2, 2, 0, 0, 2, 2, 0, 2, 1, 0, 0, 1, 2, 0, 0, 2, 2, 0, 0, 2, 2, 2, 2, 2, 2, 0, 2, 2, 0, 2, 1, 2, 2, 2, 2, 2, 2, 0, 1, 0, 0, 0, 2, 2, 0, 0, 0, 2, 0, 1, 2, 0, 2, 0, 2, 2, 0, 2, 1, 2, 2, 1, 0, 2, 2, 2, 2, 2, 2, 0, 2, 0, 2, 2, 2, 0, 0, 2, 2, 1, 2, 2, 1, 2, 0, 2, 2, 0, 1, 1, 0, 2, 2, 2, 2, 2, 1, 1, 2, 2, 1, 0, 2, 2, 1, 0, 1, 2, 2, 2, 2, 2, 0, 2, 1, 1, 2, 0, 2, 1, 0, 0, 2, 0, 1, 1, 0, 2, 2, 2, 2, 2, 1, 1, 2, 2, 2, 0, 0, 1, 0, 2, 2, 0, 0, 2, 1, 0, 0, 0, 2, 2, 0, 2, 1, 2, 0, 2, 1, 2, 0, 2, 2, 2, 0, 0, 2, 1, 0, 0, 0, 2, 0, 2, 2, 1, 2, 2, 0, 0, 1, 2, 0, 2, 2, 1, 2, 2, 2, 0, 0, 1, 0, 0, 0, 0, 2, 2, 1, 1, 1, 1, 2, 0, 2, 0, 2, 2, 0, 2, 2, 2, 2, 2, 2, 0, 2, 2, 1, 1, 0, 1, 0, 2, 0, 1, 0, 1, 1, 2, 1, 0, 2, 2, 2, 2, 2, 2, 0, 2, 1, 2, 0, 2, 2, 2, 2, 1, 2, 0, 2, 1, 1, 2, 2, 2, 2, 0, 2, 2, 0, 1, 2, 2, 2, 2, 0, 2, 2, 2, 1, 2, 2, 1, 2, 2, 2, 1, 0, 2, 2, 2, 0, 2, 1, 0, 2, 2, 2, 2, 0, 0, 0, 2, 2, 2, 0, 2, 0, 2, 2, 2, 2, 2, 2, 0, 1, 2, 2, 0, 0, 2, 2, 0, 2, 2, 2, 1, 2, 0, 1, 2, 0, 1, 2, 2, 2, 2, 1, 0, 0, 0, 2, 1, 2, 0, 0, 2, 2, 2, 0, 2, 2, 2, 2, 0, 2, 1, 2, 0, 2, 2, 2, 0, 2, 2, 0, 2, 2, 1, 0, 0, 1, 2, 0, 0, 2, 2, 1, 2, 2, 2, 2, 2, 2, 1, 2, 0, 0, 1, 2, 2, 1, 0, 2, 2, 0, 2, 2, 2, 2, 0, 2, 2, 0, 0, 2, 2, 2, 2, 0, 0, 0, 0]
kfold targets 0: [1, 2, 0, 0, 2, 0, 1, 1, 1, 0, 0, 0, 0, 2, 0, 1, 2, 1, 1, 2, 1, 0, 2, 2, 1, 0, 2, 0, 0, 0, 0, 2, 2, 0, 0, 0, 0, 1, 1, 0, 2, 0, 1, 2, 0, 1, 1, 1, 0, 0, 2, 1, 0, 0, 2, 0, 0, 1, 0, 0, 1, 1, 2, 0, 0, 0, 1, 0, 0, 0, 0, 1, 1, 0, 0, 0, 2, 1, 1, 0, 0, 0, 2, 0, 0, 0, 1, 0, 0, 0, 1, 1, 2, 1, 0, 0, 0, 0, 0, 1, 0, 0, 0, 1, 1, 0, 0, 2, 2, 0, 0, 0, 2, 0, 2, 2, 2, 0, 2, 2, 0, 0, 0, 0, 1, 0, 1, 0, 0, 2, 2, 2, 1, 2, 2, 0, 0, 1, 0, 0, 1, 0, 1, 2, 0, 2, 2, 1, 0, 2, 1, 2, 0, 0, 1, 0, 1, 0, 1, 1, 2, 0, 2, 0, 1, 0, 0, 1, 0, 1, 2, 0, 0, 0, 2, 1, 0, 2, 2, 0, 1, 1, 0, 1, 0, 1, 2, 0, 2, 0, 2, 1, 0, 0, 2, 2, 2, 0, 0, 1, 0, 2, 2, 2, 0, 2, 2, 2, 0, 0, 2, 0, 0, 0, 0, 2, 0, 2, 0, 2, 1, 2, 0, 2, 2, 2, 0, 0, 1, 0, 0, 2, 0, 0, 2, 1, 0, 2, 1, 0, 0, 1, 2, 2, 0, 0, 1, 0, 1, 0, 0, 0, 0, 2, 1, 2, 1, 0, 2, 0, 0, 1, 0, 2, 0, 1, 0, 0, 2, 0, 2, 2, 1, 0, 0, 1, 0, 0, 0, 2, 1, 0, 1, 2, 0, 2, 0, 1, 1, 0, 1, 2, 1, 0, 0, 0, 0, 0, 2, 2, 0, 2, 0, 2, 2, 0, 0, 0, 0, 0, 0, 1, 0, 0, 2, 0, 0, 2, 0, 0, 0, 0, 0, 0, 0, 0, 0, 1, 1, 0, 1, 0, 0, 2, 1, 0, 2, 2, 0, 0, 1, 0, 1, 1, 0, 2, 0, 2, 0, 0, 0, 1, 0, 1, 0, 0, 0, 1, 2, 1, 1, 2, 0, 1, 0, 2, 0, 1, 0, 2, 1, 2, 0, 2, 2, 0, 1, 0, 0, 0, 2, 0, 2, 0, 0, 0, 1, 2, 1, 0, 0, 0, 1, 2, 0, 0, 0, 0, 0, 0, 1, 1, 0, 1, 2, 2, 0, 0, 2, 0, 1, 0, 0, 0, 1, 1, 0, 1, 0, 2, 2, 0, 2, 0, 1, 2, 2, 1, 0, 2, 0, 2, 1, 0, 2, 0, 0, 2, 0, 0, 2, 0, 1, 0, 1, 0, 2, 1, 1, 0, 1, 2, 0, 1, 1, 2, 2, 2, 2, 0, 0, 0, 0, 2, 0, 0, 0, 2, 1, 1, 1, 2, 0, 0, 0, 1, 0, 0, 1, 0, 0, 1, 0, 1, 0, 1, 1, 0, 2, 0, 0, 1, 0, 0, 0, 2, 2, 0, 1, 2, 2, 0, 2, 0, 0, 2, 2, 1, 1, 2, 2, 1, 2, 1, 0, 1, 2, 2, 0, 2, 2, 1, 2, 0, 2, 2, 2, 0, 0, 2, 2, 0, 1, 0, 0, 2, 1, 2, 1, 2, 0, 1, 1, 1, 1, 1, 1, 0, 1, 2, 1, 0, 1, 2, 2, 0, 0, 2, 2, 1, 0, 2, 1, 0, 2, 1, 0, 0, 2, 1, 0, 0, 0, 0, 2, 2, 2, 2, 1, 1, 1, 1, 0, 0, 2, 0, 0, 1, 2, 1, 1, 1, 0, 2, 2, 0, 0, 0, 0, 0, 0, 0, 1, 1, 0, 1, 0, 1, 1, 0, 2, 0, 2, 0, 0, 2, 2, 2, 0, 0, 0, 1, 2, 0, 2, 0, 1, 0, 2, 0, 0, 1, 1, 2, 0, 1, 1, 0, 0, 2, 1, 2, 0, 2, 2, 2, 1, 0, 2, 2, 0, 0, 0, 1, 2, 0, 2, 0, 0, 0, 2, 1, 0, 2, 0, 1, 0, 0, 0, 2, 2, 1, 0, 0, 0, 2, 1, 0, 2, 2, 1, 2, 1, 0, 2, 0, 0, 2, 0, 0, 0, 0, 0, 2, 0, 0, 2, 2, 2, 0, 2, 0, 0, 1, 1, 0, 2, 0, 0, 0, 0, 0, 0, 0, 2, 0, 0, 2, 1, 0, 0, 0, 2, 1, 0, 2, 2, 0, 1, 0, 0, 0, 1, 0, 1, 1, 2, 1, 0, 2, 2, 1, 1, 1, 1, 1, 0, 2, 0, 1, 2, 2, 0, 1, 0, 2, 0, 0, 0, 0, 2, 2, 0, 0, 0, 2, 1, 2, 0, 0, 0, 0, 2, 1, 1, 0, 1, 2, 1, 0, 0, 1, 0, 1, 0, 2, 0, 0, 0, 1, 0, 2, 0, 2, 0, 2, 1, 2, 0, 2, 2, 0, 0, 1, 2, 1, 0, 0, 2, 1, 1, 2, 2, 2, 0, 2, 1, 2, 0, 0, 2, 2, 0, 1, 0, 2, 1, 0, 2, 1, 1, 1, 1, 0, 1, 2, 0, 0, 1, 0, 0, 1, 2, 1, 0, 0, 0, 1, 0, 2, 2, 2, 2, 2, 0, 0, 0, 0, 2, 0, 0, 1, 1, 2, 1, 2, 1, 2, 0, 2, 0, 0, 1, 0, 2, 0, 0, 0, 0, 2, 0, 0, 0, 0, 1, 0, 0, 2, 1, 0, 0, 0, 1, 1, 2, 0, 2, 1, 0, 0, 0, 0, 0, 2, 1, 2, 2, 0, 2, 0, 2, 1, 0, 2, 0, 0, 2, 0, 1, 0, 2, 0, 2, 0, 0, 0, 2, 2, 1, 0, 2, 0, 2, 1, 0, 0, 0, 2, 0, 0, 0, 0, 2, 2, 0, 0, 0, 0, 0, 2, 2, 1, 0, 0, 2, 0, 0, 1, 0, 0, 0, 0, 0, 0, 0, 2, 0, 2, 0, 1, 0, 1, 1, 2, 2, 2, 0, 0, 0, 1, 0, 0, 1, 0, 2, 0, 0, 0, 0, 2, 0, 1, 2, 0, 0, 2, 0, 2, 2, 0, 0, 1, 1, 0, 2, 0, 1, 2, 2, 0, 0, 0, 1, 0, 1, 2, 0, 2, 1, 2, 2, 2, 2, 0, 2, 2, 2, 0, 0, 0, 1, 1, 2, 0, 2, 0, 0, 0, 2, 1, 0, 0, 2, 0, 1, 0, 0, 0, 2, 0, 0, 1, 0, 0, 1, 0, 0, 0, 0, 2, 0, 0, 1, 0, 1, 0, 2, 1, 2, 0, 0, 1, 2, 0, 1, 0, 1, 2, 0, 0, 0, 2, 0, 1, 0, 0, 0, 2, 0, 0, 2, 0, 0, 0, 1, 1, 0, 0, 1, 0, 0, 0, 0, 1, 2, 2, 1, 0, 0, 1, 0, 2, 0, 1, 1, 0, 0, 0, 2, 1, 2, 1, 2, 0, 0, 1, 0, 0, 2, 1, 0, 1, 1, 1, 1, 0, 0, 0, 1, 0, 1, 2, 2, 1, 0, 1, 2, 0, 2, 2, 2, 0, 0, 0, 2, 2, 2, 0, 1, 0, 1, 0, 0, 0, 1, 0, 0, 0, 0, 1, 2, 0, 0, 0, 2, 0, 2, 1, 2, 2, 1, 1, 0, 1, 1, 2, 0, 2, 0, 1, 2, 0, 0, 1, 1, 0, 0, 0, 1, 0, 2, 2, 0, 2, 1, 1, 2, 0, 0, 0, 0, 1, 0, 2, 2, 0, 1, 2, 0, 1, 0, 2, 1, 1, 1, 2, 0, 2, 0, 0, 2, 1, 2, 2, 0, 2, 1, 0, 2, 2, 0, 0, 1, 0, 0, 0, 2, 2, 0, 2, 2, 0, 1, 1, 0, 0, 0, 1, 0, 0, 2, 2, 2, 1, 1, 1, 0, 2, 0, 2, 2, 1, 0, 0, 2, 0, 1, 0, 0, 1, 1, 0, 0, 0, 0, 0, 1, 1, 0, 2, 0, 1, 2, 0, 2, 2, 2, 0, 1, 0, 2, 2, 0, 0, 0, 2, 2, 2, 2, 2, 0, 1, 1, 2, 2, 0, 0, 1, 1, 0, 0, 0, 2, 0, 2, 0, 1, 0, 1, 2, 0, 2, 0, 1, 0, 1, 1, 0, 0, 1, 1, 2, 0, 2, 0, 1, 1, 2, 2, 2, 2, 0, 2, 2, 0, 0, 0, 2, 2, 2, 0, 2, 0, 0, 2, 0, 0, 1, 2, 1, 0, 2, 1, 2, 1, 0, 0, 0, 0, 2, 0, 1, 2, 0, 1, 1, 0, 1, 1, 2, 0, 0, 1, 2, 1, 0, 1, 0, 1, 2, 2, 0, 1, 1, 0, 2, 0, 0, 0, 0, 0, 2, 0, 0, 2, 1, 0, 1, 0, 0, 2, 0, 2, 1, 0, 2, 0, 0, 1, 0, 0, 1, 2, 0, 1, 2, 0, 0, 0, 2, 0, 0, 1, 1, 0, 2, 1, 2, 2, 1, 2, 0, 0, 2, 0, 0, 1, 0, 1, 0, 0, 0, 0, 0, 2, 1, 2, 0, 2, 0, 0, 1, 1, 0, 0, 0, 2, 2, 0, 2, 0, 2, 0, 1, 0, 2, 0, 0, 2, 0, 1, 1, 1, 0, 0, 1, 0, 0, 0, 0, 2, 0, 2, 2, 0, 1, 0, 0, 2, 0, 2, 1, 0, 0, 0, 2, 2, 2, 1, 0, 0, 2, 0, 2, 0, 0, 2, 2, 1, 0, 1, 2, 2, 0, 2, 0, 0, 0, 0, 0, 2, 2, 0, 0, 0, 2, 1, 1, 1, 2, 0, 1, 2, 0, 0, 2, 1, 2, 0, 0, 2, 0, 0, 0, 2, 2, 0, 0, 0, 0, 2, 0, 2, 1, 0, 1, 2, 1, 0, 0, 0, 1, 0, 2, 2, 2, 0, 0, 2, 2, 0, 0, 1, 1, 1, 1, 1, 0, 0, 0, 0, 0, 2, 0, 0, 1, 1, 2, 0, 0, 0, 2, 0, 2, 0, 0, 0, 2, 0, 0, 1, 2, 1, 2, 0, 1, 1, 1, 0, 0, 0, 0, 1, 2, 2, 1, 1, 0, 0, 0, 2, 0, 1, 1, 2, 2, 1, 0, 1, 1, 2, 1, 0, 2, 0, 2, 0, 1, 1, 0, 0, 1, 1, 2, 0, 0, 0, 1, 1, 1, 1, 0, 1, 0, 2, 1, 2, 0, 0, 0, 1, 1, 0, 2, 0, 0, 2, 2, 0, 0, 0, 0, 2, 1, 2, 1, 2, 0, 0, 1, 0, 1, 0, 2, 0, 2, 0, 1, 0, 1, 0, 2, 2, 0, 0, 1, 1, 1, 1, 2, 0, 0, 1, 2, 0, 1, 2, 0, 0, 0, 2, 0, 0, 1, 1, 0, 0, 0, 0, 0, 0, 1, 1, 2, 0, 0, 1, 2, 1, 0, 0, 0, 0, 2, 1, 0, 0, 2, 0, 1, 0, 0, 1, 0, 1, 0, 0, 0, 0, 0, 1, 0, 0, 2, 1, 1, 0, 0, 0, 0, 2, 2, 0, 0, 0, 0, 0, 0, 0, 0, 0, 0, 1, 1, 0, 0, 1, 0, 2, 0, 0, 0, 1, 1, 0, 0, 1, 1, 0, 1, 0, 2, 2, 0, 2, 0, 0, 0, 2, 0, 2, 0, 1, 0, 0, 0, 2, 0, 1, 1, 0, 2, 2, 2, 1, 1, 0, 0, 2, 1, 1, 1, 1, 0, 1, 1, 0, 2, 0, 0, 0, 0, 0, 0, 0, 0, 2, 0, 2, 0, 1, 0, 0, 2, 1, 2, 2, 0, 1, 2, 0, 2, 0, 2, 0, 2, 1, 1, 0, 0, 2, 2, 1, 1, 0, 0, 0, 2, 2, 0, 1, 2, 0, 2, 2, 0, 0, 2, 1, 1, 1, 1, 0, 2, 2, 0, 0, 2, 1, 2, 1, 0, 2, 1, 2, 1, 2, 1, 2, 0, 1, 1, 1, 0, 1, 0, 1, 2, 2, 2, 1, 2, 2, 0, 0, 1, 2, 0, 1, 1, 0, 0, 1, 2, 0, 0, 0, 1, 1, 0, 0, 0, 2, 1, 2, 1, 2, 1, 2, 0, 2, 2, 2, 0, 0, 2, 0, 1, 0, 0, 0, 1, 0, 0, 1, 0, 1, 0, 1, 1, 0, 0, 1, 0, 0, 1, 0, 2, 0, 0, 0, 1, 2, 0, 0, 2, 1, 1, 0, 0, 2, 0, 0, 0, 0, 0, 1, 2, 0, 1, 0, 0, 0, 0, 0, 1, 0, 1, 0, 2, 1, 2, 0, 0, 0, 0, 2, 0, 0, 0, 1, 0, 1, 2, 2, 1, 2, 1, 1, 1, 0, 1, 1, 1, 0, 1, 0, 2, 2, 2, 2, 0, 0, 2, 2, 0, 0, 2, 0, 1, 2, 0, 0, 1, 1, 0, 1, 2, 0, 0, 2, 0, 2, 1, 2, 0, 2, 0, 0, 1, 0, 0, 2, 0, 0, 0, 0, 0, 0, 0, 1, 1, 0, 0, 1, 2, 0, 1, 0, 2, 0, 1, 2, 2, 0, 1, 0, 0, 0, 1, 1, 1, 0, 2, 0, 2, 1, 2, 0, 0, 1, 2, 0, 0, 0, 2, 0, 2, 0, 1, 0, 0, 0, 0, 0, 2, 1, 1, 0, 0, 2, 2, 0, 0, 0, 2, 0, 2, 0, 1, 2, 0, 1, 0, 0, 1, 1, 1, 1, 1, 0, 0, 0, 2, 1, 0, 1, 1, 2, 1, 0, 0, 0, 1, 0, 0, 1, 0, 0, 0, 2, 2, 1, 0, 2, 1, 0, 2, 2, 1, 1, 1, 2, 1, 2, 0, 1, 0, 0, 1, 0, 2, 0, 2, 0, 0, 2, 0, 0, 2, 1, 0, 2, 1, 2, 0, 0, 0, 0, 0, 0, 0, 2, 0, 2, 0, 0, 1, 0, 1, 0, 0, 0, 0, 1, 0, 0, 2, 1, 0, 0, 0, 2, 2, 0, 0, 0, 2, 2, 0, 2, 2, 1, 0, 2, 0, 2, 1, 2, 2, 1, 0, 2, 0, 0, 0, 1, 0, 0, 0, 2, 2, 2, 1, 0, 0, 2, 1, 2, 0, 0, 0, 0, 0, 0, 0, 0, 0, 0, 2, 0, 2, 0, 1, 0, 0, 2, 1, 2, 0, 0, 1, 1, 2, 1, 1, 0, 0, 1, 0, 2, 0, 2, 2, 0, 1, 0, 0, 2, 2, 0, 2, 1, 0, 0, 1, 2, 0, 0, 2, 0, 0, 0, 0, 2, 1, 2, 1, 1, 0, 2, 1, 0, 1, 1, 1, 0, 0, 2, 2, 1, 0, 1, 0, 0, 0, 1, 1, 0, 0, 0, 2, 0, 2, 0, 0, 2, 0, 1, 2, 0, 1, 1, 2, 1, 1, 0, 1, 1, 1, 0, 0, 1, 0, 1, 0, 2, 2, 2, 0, 0, 1, 0, 2, 2, 1, 1, 2, 0, 2, 0, 0, 1, 2, 0, 2, 2, 0, 2, 1, 2, 1, 2, 2, 1, 0, 2, 2, 1, 0, 1, 1, 1, 2, 1, 2, 0, 2, 1, 2, 2, 0, 1, 1, 0, 0, 2, 0, 1, 1, 0, 2, 0, 2, 0, 2, 1, 2, 1, 0, 0, 0, 0, 1, 0, 1, 2, 0, 0, 2, 1, 0, 0, 0, 1, 0, 0, 1, 1, 0, 0, 1, 2, 2, 0, 0, 1, 1, 0, 0, 2, 0, 0, 0, 0, 0, 0, 0, 2, 1, 2, 2, 0, 0, 2, 1, 0, 1, 0, 2, 1, 1, 2, 0, 0, 0, 0, 0, 0, 0, 0, 1, 2, 2, 1, 1, 0, 0, 2, 0, 2, 2, 0, 2, 1, 0, 2, 2, 1, 0, 2, 1, 1, 2, 0, 1, 0, 2, 0, 2, 0, 1, 1, 2, 0, 0, 1, 2, 2, 0, 2, 1, 0, 2, 1, 0, 0, 2, 0, 2, 1, 1, 2, 0, 2, 1, 1, 2, 0, 0, 0, 0, 0, 1, 0, 1, 2, 0, 2, 0, 0, 2, 0, 2, 2, 2, 0, 1, 0, 1, 2, 0, 0, 0, 0, 1, 0, 1, 1, 0, 1, 1, 2, 0, 0, 0, 0, 0, 2, 2, 0, 1, 0, 2, 2, 2, 1, 2, 1, 0, 1, 2, 2, 0, 0, 2, 2, 0, 2, 0, 1, 1, 2, 0, 1, 2, 0, 2, 1, 1, 1, 1, 1, 0, 0, 0, 2, 1, 0, 0, 0, 2, 1, 0, 0, 1, 2, 1, 0, 0, 2, 2, 0, 0, 0, 0, 0, 0, 1, 0, 0, 0, 2, 1, 0, 0, 1, 1, 0, 0, 2, 0, 1, 2, 0, 0, 2, 2, 2, 1, 1, 0, 0, 1, 0, 2, 1, 0, 0, 1, 0, 2, 0, 0, 2, 0, 2, 0, 0, 0, 2, 1, 1, 2, 0, 0, 0, 0]
0.6659308314937454
array([[854,  47, 399],
       [  0, 296, 383],
       [  0,  79, 660]])
kfold preds 1: [2, 0, 0, 0, 1, 1, 0, 0, 1, 2, 0, 2, 0, 0, 0, 2, 2, 2, 0, 0, 0, 0, 1, 2, 0, 2, 0, 2, 1, 1, 0, 0, 0, 0, 2, 0, 1, 0, 0, 0, 1, 0, 2, 0, 0, 0, 0, 0, 0, 0, 0, 0, 0, 0, 1, 0, 1, 0, 1, 0, 1, 0, 2, 0, 0, 0, 2, 2, 0, 0, 0, 1, 0, 1, 1, 0, 0, 0, 2, 0, 1, 0, 1, 0, 2, 0, 1, 0, 2, 1, 1, 2, 1, 1, 0, 0, 1, 2, 0, 0, 0, 0, 0, 0, 1, 0, 1, 0, 0, 0, 1, 1, 0, 0, 0, 2, 0, 0, 1, 0, 0, 1, 0, 1, 0, 0, 0, 0, 0, 0, 0, 0, 1, 0, 1, 0, 0, 1, 0, 0, 0, 0, 0, 2, 1, 0, 2, 1, 0, 1, 1, 2, 0, 1, 0, 2, 0, 2, 0, 2, 0, 0, 2, 0, 2, 0, 0, 0, 0, 0, 1, 0, 0, 0, 1, 0, 0, 2, 2, 0, 0, 2, 2, 0, 0, 1, 1, 0, 0, 0, 2, 1, 2, 2, 1, 0, 1, 0, 0, 0, 0, 1, 1, 2, 1, 0, 2, 1, 0, 0, 1, 1, 0, 0, 0, 0, 1, 1, 1, 1, 0, 0, 0, 1, 2, 1, 0, 2, 0, 2, 0, 2, 0, 0, 0, 2, 0, 0, 0, 2, 0, 0, 2, 2, 0, 0, 0, 0, 2, 1, 2, 0, 0, 0, 2, 2, 0, 1, 0, 0, 0, 0, 1, 2, 0, 0, 0, 1, 2, 0, 1, 1, 1, 0, 0, 1, 0, 1, 0, 0, 2, 1, 0, 1, 2, 1, 0, 2, 0, 0, 1, 0, 1, 0, 0, 0, 1, 0, 0, 1, 0, 1, 0, 1, 1, 0, 0, 0, 0, 0, 2, 0, 0, 0, 1, 0, 0, 2, 1, 0, 2, 0, 0, 0, 0, 0, 0, 0, 2, 1, 0, 2, 0, 0, 0, 0, 2, 2, 0, 2, 1, 0, 1, 1, 0, 0, 0, 1, 1, 1, 0, 0, 1, 2, 0, 0, 2, 2, 0, 1, 0, 1, 0, 1, 0, 0, 2, 1, 0, 1, 0, 2, 0, 0, 1, 0, 2, 0, 2, 0, 0, 0, 1, 1, 0, 0, 0, 2, 0, 2, 0, 2, 0, 0, 0, 0, 1, 0, 1, 2, 0, 0, 1, 0, 2, 2, 0, 0, 0, 0, 0, 0, 1, 1, 1, 0, 0, 1, 0, 0, 2, 0, 0, 0, 0, 1, 0, 1, 0, 1, 0, 1, 0, 0, 1, 0, 1, 0, 0, 0, 2, 0, 1, 1, 0, 2, 0, 0, 0, 0, 1, 2, 1, 0, 1, 0, 2, 1, 2, 0, 1, 0, 0, 0, 1, 0, 2, 2, 0, 0, 1, 0, 0, 0, 1, 0, 0, 1, 1, 1, 1, 0, 0, 1, 1, 0, 0, 0, 2, 1, 2, 1, 0, 1, 0, 0, 0, 0, 0, 0, 0, 1, 1, 0, 0, 2, 0, 1, 1, 1, 2, 0, 1, 0, 1, 2, 0, 1, 0, 0, 0, 0, 1, 0, 0, 0, 2, 2, 1, 0, 0, 0, 0, 0, 1, 0, 1, 1, 0, 2, 0, 1, 0, 0, 1, 0, 1, 0, 1, 0, 0, 0, 1, 0, 1, 0, 0, 2, 0, 1, 0, 2, 0, 0, 2, 0, 0, 1, 0, 0, 0, 2, 1, 0, 0, 0, 0, 0, 0, 1, 0, 2, 0, 0, 0, 1, 0, 1, 0, 0, 0, 0, 2, 2, 0, 1, 0, 0, 1, 0, 0, 0, 1, 2, 0, 0, 0, 1, 0, 0, 0, 0, 0, 2, 2, 1, 0, 1, 0, 0, 0, 0, 1, 0, 0, 0, 1, 2, 0, 0, 0, 2, 2, 0, 2, 2, 0, 1, 2, 2, 1, 2, 0, 1, 0, 0, 0, 0, 2, 0, 0, 1, 0, 0, 0, 1, 0, 2, 0, 0, 0, 1, 1, 1, 0, 1, 0, 2, 0, 0, 1, 1, 0, 0, 0, 2, 1, 0, 0, 1, 0, 0, 0, 0, 1, 0, 0, 2, 0, 0, 0, 2, 1, 2, 1, 0, 1, 0, 0, 0, 1, 0, 1, 1, 0, 1, 0, 0, 0, 0, 0, 0, 1, 0, 2, 0, 0, 1, 0, 1, 0, 0, 0, 0, 0, 1, 1, 1, 0, 1, 0, 1, 0, 0, 0, 0, 2, 0, 1, 2, 0, 0, 0, 0, 1, 1, 0, 1, 0, 2, 0, 1, 0, 0, 1, 2, 0, 0, 0, 0, 1, 0, 1, 0, 0, 0, 1, 2, 0, 1, 0, 1, 1, 0, 0, 2, 1, 0, 2, 1, 0, 1, 0, 2, 1, 1, 0, 0, 0, 1, 0, 0, 0, 1, 0, 0, 1, 0, 0, 2, 1, 0, 0, 1, 0, 2, 2, 2, 0, 0, 0, 0, 1, 1, 0, 0, 0, 1, 0, 0, 0, 1, 0, 0, 0, 2, 2, 0, 1, 1, 0, 2, 0, 0, 1, 0, 2, 0, 1, 2, 1, 1, 0, 1, 0, 0, 0, 2, 1, 2, 2, 1, 2, 2, 0, 1, 0, 1, 0, 0, 0, 1, 0, 2, 1, 1, 2, 0, 0, 0, 1, 0, 0, 0, 0, 0, 2, 2, 0, 0, 0, 0, 0, 1, 0, 0, 0, 1, 1, 1, 0, 0, 0, 0, 2, 0, 0, 0, 0, 0, 0, 0, 0, 1, 1, 0, 1, 1, 0, 1, 1, 2, 0, 2, 0, 1, 0, 0, 0, 1, 1, 0, 0, 0, 0, 0, 2, 0, 0, 0, 1, 2, 2, 0, 0, 0, 1, 1, 0, 0, 0, 0, 2, 0, 2, 0, 0, 2, 0, 0, 2, 1, 1, 0, 1, 1, 2, 0, 2, 2, 0, 1, 2, 2, 0, 2, 0, 1, 0, 1, 0, 0, 0, 2, 2, 1, 2, 1, 2, 0, 0, 2, 2, 0, 1, 0, 1, 0, 0, 1, 0, 1, 0, 0, 1, 1, 0, 0, 1, 0, 1, 1, 2, 0, 0, 1, 1, 0, 1, 0, 0, 0, 1, 1, 0, 2, 0, 2, 0, 0, 2, 1, 2, 0, 2, 0, 1, 1, 0, 0, 2, 0, 0, 0, 1, 0, 1, 0, 1, 2, 1, 1, 0, 0, 0, 0, 0, 0, 2, 0, 0, 0, 0, 0, 0, 2, 1, 1, 0, 1, 0, 2, 0, 0, 0, 0, 0, 0, 0, 0, 0, 2, 2, 0, 1, 0, 0, 1, 0, 2, 1, 2, 0, 1, 0, 0, 0, 0, 0, 2, 1, 0, 1, 0, 1, 0, 0, 2, 0, 0, 0, 0, 1, 0, 0, 2, 0, 0, 2, 0, 0, 1, 0, 1, 0, 1, 1, 0, 2, 0, 2, 1, 0, 0, 0, 1, 0, 0, 1, 0, 0, 0, 1, 1, 0, 1, 1, 1, 0, 1, 1, 0, 1, 0, 1, 2, 0, 2, 2, 0, 0, 0, 0, 1, 0, 2, 0, 0, 0, 1, 1, 0, 0, 0, 2, 0, 0, 0, 1, 1, 0, 0, 2, 0, 1, 0, 0, 0, 0, 0, 0, 1, 0, 1, 0, 1, 0, 0, 0, 1, 1, 2, 0, 1, 2, 0, 0, 1, 0, 0, 2, 1, 2, 2, 0, 0, 0, 0, 2, 1, 0, 0, 2, 2, 1, 2, 1, 1, 1, 2, 0, 1, 0, 0, 0, 2, 0, 2, 0, 0, 1, 1, 1, 1, 0, 2, 0, 0, 0, 0, 0, 0, 0, 0, 0, 0, 2, 2, 0, 1, 1, 0, 1, 2, 2, 1, 1, 2, 1, 1, 1, 0, 1, 0, 0, 1, 0, 0, 0, 0, 0, 0, 1, 0, 0, 0, 1, 0, 1, 1, 1, 2, 0, 0, 0, 2, 0, 0, 0, 0, 0, 0, 0, 0, 2, 1, 0, 0, 0, 2, 0, 1, 1, 2, 0, 0, 1, 1, 2, 1, 0, 2, 2, 1, 0, 0, 0, 2, 0, 0, 0, 0, 0, 2, 1, 1, 0, 1, 0, 0, 0, 2, 1, 0, 2, 0, 0, 0, 0, 1, 2, 0, 0, 0, 1, 0, 2, 0, 1, 2, 0, 1, 0, 1, 2, 0, 2, 0, 2, 0, 0, 1, 0, 0, 1, 1, 0, 1, 2, 1, 0, 1, 1, 1, 1, 0, 0, 0, 1, 0, 2, 0, 2, 0, 0, 1, 1, 0, 0, 0, 0, 0, 0, 2, 0, 0, 2, 0, 0, 0, 1, 0, 2, 2, 0, 1, 0, 0, 1, 0, 0, 0, 0, 0, 1, 0, 0, 0, 0, 2, 2, 0, 1, 1, 1, 2, 0, 0, 2, 0, 1, 1, 0, 1, 1, 0, 2, 0, 1, 2, 1, 0, 0, 0, 0, 0, 0, 0, 0, 1, 1, 0, 0, 1, 0, 0, 0, 0, 2, 0, 0, 0, 0, 1, 2, 0, 0, 0, 2, 1, 0, 0, 2, 1, 0, 0, 2, 0, 0, 0, 0, 1, 0, 1, 1, 0, 0, 0, 0, 0, 1, 0, 2, 0, 0, 2, 1, 1, 0, 0, 0, 0, 0, 0, 0, 2, 0, 2, 1, 0, 0, 1, 0, 0, 0, 1, 1, 0, 0, 0, 0, 0, 2, 0, 2, 2, 0, 0, 0, 2, 1, 0, 2, 0, 1, 0, 0, 0, 0, 0, 1, 0, 2, 0, 2, 1, 0, 0, 0, 0, 0, 1, 2, 0, 1, 0, 0, 2, 1, 0, 1, 1, 0, 0, 0, 0, 1, 0, 0, 1, 0, 0, 2, 2, 0, 0, 0, 0, 0, 0, 0, 1, 0, 0, 1, 0, 0, 0, 1, 0, 1, 0, 0, 1, 1, 0, 0, 0, 0, 0, 0, 0, 0, 0, 1, 0, 2, 0, 0, 0, 1, 0, 0, 1, 0, 0, 0, 2, 1, 0, 2, 0, 1, 0, 0, 0, 1, 2, 0, 0, 1, 0, 1, 0, 2, 2, 0, 0, 0, 2, 0, 2, 0, 1, 0, 1, 0, 0, 1, 1, 1, 0, 1, 1, 0, 2, 0, 2, 0, 0, 0, 1, 1, 2, 0, 0, 0, 1, 1, 1, 0, 1, 0, 0, 2, 2, 0, 1, 0, 0, 1, 0, 0, 1, 0, 0, 2, 2, 0, 0, 1, 1, 0, 1, 1, 2, 0, 2, 2, 1, 0, 1, 0, 1, 0, 2, 0, 0, 0, 0, 0, 0, 0, 0, 0, 1, 0, 0, 1, 1, 0, 0, 1, 0, 0, 2, 2, 0, 0, 1, 0, 0, 0, 1, 1, 1, 1, 1, 0, 0, 0, 1, 0, 0, 0, 0, 1, 1, 0, 0, 0, 1, 0, 1, 1, 1, 0, 1, 0, 0, 1, 0, 0, 0, 2, 0, 1, 1, 0, 0, 0, 0, 0, 0, 0, 1, 0, 0, 0, 2, 1, 1, 0, 0, 1, 0, 0, 0, 1, 0, 2, 0, 1, 2, 0, 0, 1, 0, 0, 0, 0, 0, 1, 1, 0, 0, 1, 2, 0, 1, 0, 1, 0, 0, 0, 2, 2, 0, 0, 2, 0, 1, 0, 0, 0, 0, 0, 1, 1, 0, 0, 2, 2, 0, 1, 1, 0, 0, 0, 2, 1, 2, 1, 0, 0, 0, 0, 2, 0, 0, 1, 1, 0, 2, 0, 0, 0, 0, 1, 0, 0, 0, 0, 0, 2, 0, 0, 0, 0, 1, 1, 1, 0, 1, 0, 2, 0, 0, 0, 2, 0, 0, 0, 0, 0, 0, 0, 0, 0, 0, 0, 1, 0, 0, 1, 0, 1, 1, 0, 0, 1, 0, 0, 0, 0, 0, 2, 1, 1, 1, 1, 1, 0, 0, 2, 1, 1, 1, 1, 0, 1, 1, 1, 1, 0, 2, 2, 1, 0, 2, 0, 0, 2, 0, 0, 0, 0, 1, 2, 2, 0, 0, 2, 0, 0, 2, 1, 1, 0, 1, 0, 0, 0, 2, 1, 1, 0, 0, 2, 0, 1, 0, 0, 1, 0, 2, 0, 0, 0, 0, 0, 2, 1, 0, 2, 0, 1, 0, 1, 0, 0, 0, 1, 1, 0, 2, 0, 1, 0, 0, 0, 1, 0, 0, 0, 1, 0, 2, 0, 0, 1, 0, 1, 0, 0, 1, 2, 0, 0, 0, 0, 0, 0, 0, 0, 1, 0, 1, 0, 0, 2, 1, 2, 0, 0, 0, 0, 0, 0, 0, 0, 1, 0, 1, 0, 0, 2, 0, 0, 2, 1, 0, 2, 0, 0, 1, 2, 0, 1, 2, 0, 0, 1, 2, 2, 0, 0, 2, 0, 1, 0, 1, 0, 0, 2, 2, 1, 0, 2, 0, 0, 0, 0, 1, 0, 1, 0, 1, 0, 1, 0, 2, 1, 0, 1, 0, 0, 0, 0, 0, 2, 0, 0, 0, 0, 0, 0, 0, 1, 0, 1, 2, 2, 2, 1, 2, 0, 0, 2, 1, 2, 0, 0, 2, 1, 1, 2, 2, 0, 0, 0, 1, 0, 1, 0, 1, 0, 1, 0, 0, 2, 0, 0, 0, 0, 2, 1, 0, 0, 2, 2, 0, 0, 0, 1, 0, 2, 2, 2, 1, 1, 0, 2, 1, 2, 1, 2, 0, 1, 0, 0, 0, 0, 0, 2, 1, 1, 2, 0, 2, 0, 0, 0, 2, 0, 0, 1, 0, 2, 0, 1, 0, 0, 1, 0, 1, 0, 2, 2, 0, 0, 1, 0, 1, 0, 0, 1, 0, 0, 2, 1, 2, 1, 0, 0, 0, 1, 1, 0, 2, 0, 1, 2, 0, 1, 0, 0, 1, 0, 0, 1, 0, 1, 0, 2, 1, 0, 1, 0, 2, 0, 0, 0, 0, 0, 0, 0, 0, 0, 0, 0, 1, 0, 0, 0, 2, 2, 2, 2, 1, 1, 0, 2, 0, 0, 1, 0, 1, 2, 0, 2, 0, 0, 0, 0, 0, 1, 1, 0, 2, 0, 1, 2, 0, 1, 0, 1, 1, 2, 0, 0, 2, 0, 2, 1, 0, 0, 1, 0, 1, 0, 0, 0, 1, 1, 0, 0, 0, 1, 0, 1, 0, 1, 1, 2, 2, 1, 1, 0, 2, 0, 1, 1, 0, 2, 0, 0, 0, 2, 0, 1, 2, 0, 1, 2, 0, 0, 0, 0, 0, 2, 0, 2, 0, 2, 0, 1, 0, 0, 2, 0, 0, 2, 1, 0, 1, 0, 0, 0, 2, 1, 2, 2, 1, 0, 1, 0, 0, 0, 0, 0, 0, 2, 0, 1, 0, 1, 1, 0, 1, 2, 1, 0, 1, 0, 1, 0, 1, 0, 0, 0, 0, 0, 0, 1, 0, 1, 2, 0, 0, 0, 0, 0, 0, 1, 1, 2, 1, 1, 0, 0, 1, 1, 0, 1, 0, 0, 2, 2, 0, 1, 2, 0, 1, 2, 0, 0, 2, 0, 1, 1, 0, 2, 2, 1, 0, 2, 1, 1, 2, 0, 0, 0, 2, 0, 2, 0, 1, 0, 0, 0, 0, 0, 0, 0, 0, 0, 1, 0, 0, 0, 0, 0, 0, 0, 1, 0, 1, 0, 0, 0, 2, 0, 0, 0, 0, 0, 1, 0, 0, 2, 0, 1, 0, 0, 1, 0, 0, 0, 2, 0, 0, 0, 1, 2, 0, 1, 0, 0, 0, 0, 0, 0, 1, 0, 0, 1, 0, 0, 1, 1, 0, 0, 0, 0, 0, 0, 0, 0, 0, 0, 1, 0, 0, 0, 1, 2, 0, 2, 0, 2, 1, 2, 0, 0, 2, 2, 2, 1, 2, 0, 1, 0, 0, 1, 1, 0, 0, 2, 0, 1, 1, 0, 0, 0, 0, 1, 0, 0, 2, 0, 0, 1, 1, 0, 0, 1, 2, 1, 2, 0, 2, 2, 2, 0, 2, 1, 0, 2, 2, 0, 2, 2, 0, 2, 0, 0, 0, 0, 0, 0, 1, 1, 2, 1, 2, 2, 0, 0, 2, 0, 0, 0, 1, 0, 0, 1, 0, 0, 1, 0, 1, 0, 0, 2, 0, 0, 0, 2, 0, 2, 1, 2, 0, 0, 0, 2, 0, 0, 2, 1, 0, 0, 0, 1, 1, 1, 1, 2, 2, 1, 2, 0, 0, 1, 0, 0, 1, 0, 0, 1, 0, 2, 0, 0, 0, 1, 0, 0, 0, 0, 0, 2, 1, 0, 0, 2, 2, 0, 1, 2, 0, 0, 0, 0, 0, 1, 0, 0, 1, 0, 2, 2, 0, 0, 2, 0, 0, 0, 0, 0, 0, 2, 0, 1, 0, 1, 2, 0, 2, 2, 0, 0, 0, 0, 2, 0, 1, 0, 0, 1, 0, 0, 1, 0, 0, 1, 2, 0, 1, 1, 2, 0, 0, 1, 0, 0]
kfold targets 1: [2, 2, 0, 0, 1, 1, 2, 0, 1, 2, 0, 1, 0, 1, 0, 2, 2, 2, 0, 0, 0, 0, 2, 2, 0, 1, 0, 2, 2, 2, 0, 2, 0, 0, 2, 0, 1, 0, 0, 0, 1, 0, 1, 1, 0, 0, 2, 2, 0, 0, 0, 0, 0, 0, 1, 0, 1, 0, 2, 0, 1, 0, 2, 0, 0, 0, 0, 2, 0, 0, 0, 1, 0, 1, 2, 0, 2, 2, 1, 0, 1, 0, 1, 0, 2, 0, 2, 0, 1, 1, 1, 1, 1, 1, 0, 0, 2, 2, 0, 0, 0, 0, 1, 0, 1, 0, 1, 0, 0, 0, 1, 1, 2, 0, 0, 1, 0, 0, 1, 0, 2, 2, 0, 2, 2, 0, 0, 0, 0, 0, 2, 2, 1, 0, 1, 0, 0, 1, 0, 0, 2, 0, 2, 2, 2, 1, 0, 1, 0, 2, 1, 2, 0, 2, 0, 2, 0, 2, 0, 2, 0, 0, 2, 0, 2, 0, 0, 2, 0, 0, 2, 0, 0, 0, 1, 0, 0, 2, 2, 0, 0, 1, 1, 2, 0, 2, 2, 0, 0, 0, 2, 1, 2, 2, 1, 0, 1, 0, 0, 0, 1, 1, 2, 2, 2, 2, 2, 1, 0, 0, 1, 2, 0, 0, 0, 0, 1, 2, 1, 1, 0, 0, 0, 1, 2, 1, 2, 2, 0, 2, 0, 2, 1, 0, 1, 2, 0, 0, 2, 2, 0, 2, 2, 2, 0, 0, 0, 0, 2, 2, 1, 0, 0, 0, 2, 2, 0, 1, 2, 0, 0, 0, 1, 2, 0, 0, 0, 1, 2, 0, 1, 1, 1, 0, 0, 1, 0, 2, 0, 0, 2, 1, 0, 1, 1, 2, 0, 2, 1, 2, 1, 0, 2, 0, 1, 0, 1, 0, 0, 1, 0, 2, 0, 0, 1, 0, 0, 2, 0, 0, 2, 0, 0, 0, 2, 0, 0, 2, 2, 0, 1, 0, 0, 0, 0, 2, 0, 0, 2, 1, 0, 1, 0, 0, 0, 0, 2, 2, 0, 2, 2, 0, 1, 2, 0, 0, 0, 2, 1, 1, 0, 0, 2, 2, 2, 0, 1, 2, 2, 1, 0, 1, 0, 2, 1, 1, 2, 1, 0, 1, 0, 2, 2, 0, 1, 0, 2, 0, 2, 0, 0, 0, 2, 1, 0, 0, 0, 2, 1, 2, 0, 2, 0, 2, 2, 0, 2, 0, 1, 2, 0, 0, 2, 0, 2, 2, 0, 0, 0, 0, 2, 0, 2, 1, 1, 0, 0, 2, 0, 0, 2, 0, 2, 0, 0, 1, 0, 2, 0, 1, 0, 1, 0, 0, 1, 0, 1, 0, 0, 0, 2, 0, 1, 1, 0, 2, 2, 1, 2, 0, 1, 2, 1, 0, 1, 2, 2, 1, 2, 0, 2, 0, 0, 0, 2, 0, 2, 2, 2, 0, 1, 0, 0, 1, 2, 0, 0, 1, 1, 1, 1, 0, 0, 1, 1, 0, 0, 0, 2, 1, 2, 1, 0, 2, 0, 2, 0, 0, 0, 0, 0, 2, 1, 0, 0, 1, 2, 1, 2, 2, 2, 0, 1, 0, 1, 2, 0, 1, 0, 0, 0, 0, 1, 0, 1, 0, 2, 1, 2, 0, 2, 0, 0, 0, 2, 2, 1, 2, 2, 2, 0, 1, 2, 0, 1, 0, 1, 0, 2, 2, 0, 0, 1, 1, 1, 0, 0, 2, 0, 1, 0, 1, 0, 0, 2, 0, 0, 2, 0, 0, 0, 2, 1, 0, 1, 0, 2, 2, 0, 1, 0, 1, 0, 0, 0, 1, 0, 1, 2, 0, 0, 1, 1, 2, 0, 1, 1, 0, 1, 0, 2, 1, 1, 2, 0, 0, 0, 2, 0, 0, 1, 0, 0, 1, 2, 1, 0, 2, 0, 0, 0, 0, 1, 0, 0, 0, 2, 2, 0, 1, 0, 1, 2, 2, 2, 1, 0, 1, 2, 2, 1, 2, 0, 1, 1, 0, 2, 2, 1, 2, 2, 2, 0, 0, 2, 2, 0, 2, 0, 0, 2, 1, 1, 1, 0, 1, 0, 2, 0, 0, 1, 1, 2, 0, 0, 1, 1, 1, 0, 1, 0, 1, 0, 0, 1, 2, 0, 2, 0, 0, 0, 2, 1, 2, 1, 0, 1, 0, 2, 0, 1, 0, 2, 1, 1, 2, 0, 0, 0, 0, 0, 0, 1, 0, 2, 2, 0, 2, 0, 1, 0, 0, 2, 2, 1, 1, 2, 2, 0, 1, 0, 2, 0, 0, 0, 0, 2, 0, 1, 2, 1, 0, 0, 2, 1, 1, 0, 1, 0, 2, 0, 1, 0, 0, 2, 2, 0, 0, 0, 0, 1, 0, 2, 0, 0, 0, 2, 2, 0, 1, 1, 2, 1, 0, 0, 1, 1, 0, 1, 1, 0, 1, 0, 2, 1, 1, 0, 0, 0, 1, 0, 2, 0, 1, 0, 2, 1, 0, 0, 1, 1, 0, 0, 1, 0, 2, 1, 1, 0, 2, 0, 0, 2, 1, 0, 0, 2, 2, 0, 0, 0, 2, 0, 1, 0, 2, 2, 0, 1, 1, 0, 1, 0, 0, 1, 0, 2, 0, 1, 2, 1, 1, 0, 1, 0, 0, 0, 2, 0, 2, 1, 2, 2, 2, 0, 1, 0, 2, 0, 0, 0, 1, 0, 1, 1, 1, 1, 2, 0, 2, 1, 0, 0, 0, 2, 0, 2, 2, 0, 0, 0, 0, 0, 1, 1, 0, 0, 1, 1, 2, 0, 0, 0, 0, 2, 0, 0, 0, 0, 0, 0, 0, 0, 1, 2, 0, 1, 2, 2, 1, 1, 2, 0, 0, 2, 1, 2, 0, 1, 1, 1, 0, 0, 0, 0, 2, 2, 1, 0, 0, 2, 1, 2, 0, 0, 0, 1, 1, 0, 0, 0, 0, 2, 1, 1, 1, 0, 2, 0, 2, 2, 1, 1, 0, 1, 1, 1, 2, 2, 1, 0, 2, 2, 2, 0, 1, 0, 1, 0, 2, 0, 1, 0, 2, 2, 2, 1, 2, 2, 0, 0, 1, 2, 0, 1, 0, 2, 0, 0, 1, 0, 1, 0, 0, 2, 2, 0, 0, 2, 0, 1, 1, 1, 0, 0, 1, 1, 0, 1, 0, 0, 0, 2, 2, 0, 2, 0, 2, 0, 2, 1, 2, 2, 0, 2, 0, 1, 1, 0, 0, 2, 0, 0, 0, 1, 0, 1, 1, 1, 1, 1, 1, 0, 0, 0, 0, 0, 0, 2, 0, 0, 1, 0, 0, 0, 2, 2, 1, 0, 1, 2, 1, 0, 0, 0, 2, 0, 2, 0, 2, 0, 2, 1, 0, 1, 0, 0, 2, 2, 1, 2, 0, 0, 1, 0, 0, 0, 0, 0, 1, 2, 0, 2, 0, 1, 0, 0, 2, 0, 0, 0, 0, 1, 2, 1, 2, 2, 0, 2, 0, 0, 2, 0, 1, 0, 2, 1, 0, 2, 0, 2, 1, 0, 0, 0, 1, 0, 0, 1, 0, 2, 0, 1, 1, 0, 1, 1, 1, 0, 1, 2, 0, 0, 1, 1, 2, 0, 2, 2, 0, 0, 0, 0, 2, 0, 2, 0, 0, 2, 2, 2, 2, 0, 0, 2, 0, 0, 0, 1, 1, 0, 2, 2, 0, 1, 0, 0, 0, 0, 0, 0, 1, 0, 2, 0, 2, 0, 0, 0, 1, 1, 2, 0, 1, 2, 0, 0, 1, 0, 0, 2, 1, 2, 1, 2, 1, 0, 0, 2, 1, 0, 0, 1, 2, 1, 2, 1, 1, 1, 2, 0, 1, 0, 0, 0, 2, 0, 2, 0, 0, 1, 1, 1, 2, 0, 2, 2, 0, 0, 0, 0, 0, 0, 0, 0, 0, 2, 2, 2, 1, 1, 0, 1, 1, 2, 1, 1, 2, 2, 1, 1, 0, 1, 1, 0, 1, 0, 0, 0, 1, 0, 0, 2, 0, 0, 0, 1, 0, 2, 1, 1, 1, 0, 0, 0, 2, 1, 0, 0, 1, 0, 2, 2, 0, 2, 2, 0, 0, 2, 2, 2, 1, 0, 2, 0, 0, 1, 1, 2, 1, 0, 1, 2, 2, 2, 0, 0, 2, 0, 0, 0, 0, 2, 1, 2, 2, 0, 1, 0, 1, 0, 2, 1, 0, 2, 0, 2, 0, 0, 1, 2, 0, 0, 2, 2, 0, 2, 0, 1, 2, 1, 1, 0, 1, 2, 0, 2, 0, 2, 0, 0, 2, 2, 0, 1, 2, 0, 1, 2, 1, 1, 2, 2, 1, 1, 0, 2, 0, 1, 2, 2, 0, 2, 0, 0, 1, 1, 0, 2, 1, 0, 0, 2, 2, 0, 0, 1, 0, 0, 0, 2, 0, 2, 2, 2, 2, 0, 0, 1, 0, 0, 2, 0, 0, 1, 1, 0, 1, 0, 2, 2, 0, 1, 1, 1, 2, 0, 1, 2, 0, 1, 2, 0, 1, 1, 2, 2, 0, 1, 1, 1, 0, 0, 2, 0, 0, 0, 0, 0, 1, 1, 0, 0, 1, 0, 0, 0, 0, 1, 0, 0, 0, 0, 1, 2, 0, 0, 0, 2, 1, 0, 2, 2, 1, 0, 0, 2, 1, 0, 1, 0, 1, 0, 1, 2, 2, 0, 0, 0, 0, 2, 0, 2, 2, 0, 2, 2, 2, 0, 0, 1, 0, 0, 0, 0, 2, 0, 1, 2, 0, 2, 2, 0, 0, 0, 1, 1, 0, 0, 0, 0, 0, 1, 0, 2, 2, 0, 0, 0, 2, 1, 0, 2, 0, 2, 0, 0, 0, 0, 0, 2, 0, 2, 0, 1, 1, 1, 0, 0, 0, 0, 1, 2, 0, 2, 0, 2, 2, 1, 0, 1, 1, 0, 0, 0, 2, 2, 0, 0, 2, 0, 0, 1, 1, 0, 1, 2, 0, 0, 0, 1, 2, 0, 2, 1, 0, 1, 0, 1, 0, 1, 0, 0, 1, 1, 0, 0, 0, 0, 2, 0, 0, 2, 0, 2, 2, 2, 0, 0, 0, 2, 0, 0, 2, 0, 0, 0, 2, 1, 1, 1, 0, 1, 0, 0, 0, 1, 1, 0, 1, 2, 1, 1, 2, 2, 2, 0, 0, 0, 2, 0, 2, 0, 1, 0, 1, 0, 0, 1, 1, 2, 0, 2, 1, 0, 2, 2, 2, 0, 1, 0, 2, 1, 2, 0, 0, 2, 1, 1, 1, 0, 2, 1, 0, 1, 1, 1, 1, 0, 0, 2, 0, 2, 1, 0, 0, 2, 2, 0, 0, 2, 2, 0, 1, 1, 1, 0, 2, 2, 1, 0, 2, 0, 2, 0, 2, 0, 1, 0, 0, 0, 0, 0, 0, 0, 2, 0, 0, 1, 1, 0, 0, 1, 0, 0, 1, 2, 0, 1, 2, 2, 0, 2, 1, 2, 1, 1, 1, 0, 0, 2, 1, 1, 1, 1, 0, 1, 1, 2, 0, 0, 1, 0, 1, 1, 0, 0, 1, 0, 0, 1, 1, 1, 0, 2, 0, 1, 1, 0, 0, 0, 0, 0, 0, 1, 1, 0, 0, 0, 1, 1, 2, 0, 0, 1, 0, 0, 0, 1, 0, 2, 0, 1, 2, 0, 0, 1, 0, 0, 0, 0, 0, 1, 1, 0, 0, 1, 2, 0, 1, 2, 2, 0, 0, 2, 2, 2, 0, 2, 2, 0, 2, 0, 0, 0, 0, 2, 1, 1, 2, 0, 2, 2, 0, 1, 1, 0, 0, 0, 1, 2, 1, 2, 0, 0, 2, 0, 2, 0, 0, 2, 1, 0, 2, 0, 0, 2, 0, 1, 0, 0, 0, 0, 2, 2, 0, 0, 0, 2, 2, 1, 1, 0, 1, 0, 2, 0, 0, 0, 2, 2, 2, 2, 0, 1, 0, 0, 0, 2, 0, 0, 1, 2, 0, 1, 0, 1, 1, 0, 0, 1, 0, 0, 0, 2, 0, 2, 2, 1, 1, 2, 2, 0, 0, 2, 1, 1, 1, 1, 0, 1, 2, 1, 1, 0, 1, 2, 1, 0, 2, 0, 2, 2, 0, 0, 0, 0, 2, 2, 2, 2, 0, 2, 0, 0, 2, 1, 1, 0, 1, 0, 0, 0, 1, 1, 1, 1, 0, 2, 0, 1, 2, 0, 2, 0, 2, 0, 0, 0, 0, 0, 1, 0, 0, 2, 0, 1, 0, 1, 0, 0, 0, 1, 1, 0, 1, 0, 1, 0, 0, 0, 1, 0, 0, 0, 1, 0, 2, 0, 0, 2, 0, 1, 0, 0, 2, 1, 0, 0, 2, 0, 0, 0, 0, 0, 1, 0, 2, 0, 1, 2, 2, 2, 0, 0, 0, 0, 0, 0, 0, 0, 2, 0, 1, 0, 0, 2, 0, 0, 2, 1, 2, 2, 0, 0, 1, 1, 0, 1, 2, 0, 0, 1, 2, 2, 0, 0, 2, 1, 1, 0, 1, 0, 0, 2, 2, 1, 0, 2, 0, 0, 0, 2, 1, 0, 2, 0, 2, 0, 1, 0, 2, 2, 0, 1, 0, 0, 0, 0, 2, 2, 0, 2, 0, 1, 0, 0, 1, 2, 0, 2, 2, 2, 2, 2, 2, 2, 0, 2, 1, 2, 0, 0, 2, 2, 1, 2, 2, 0, 2, 0, 1, 0, 1, 0, 2, 0, 1, 0, 0, 2, 0, 0, 0, 0, 2, 1, 2, 0, 2, 2, 0, 0, 0, 1, 2, 1, 2, 2, 1, 1, 0, 2, 1, 2, 2, 2, 0, 1, 2, 0, 0, 0, 0, 2, 2, 2, 2, 0, 1, 0, 2, 0, 2, 0, 1, 1, 0, 2, 0, 2, 0, 0, 2, 2, 1, 0, 2, 2, 0, 2, 1, 0, 1, 1, 0, 1, 0, 0, 1, 2, 2, 1, 2, 0, 0, 1, 1, 0, 2, 2, 2, 1, 2, 2, 2, 0, 1, 0, 0, 1, 1, 1, 0, 2, 2, 0, 2, 0, 2, 0, 0, 0, 0, 2, 0, 0, 1, 0, 0, 0, 1, 2, 2, 0, 0, 2, 2, 2, 1, 1, 0, 1, 0, 0, 1, 0, 1, 2, 0, 2, 1, 0, 0, 0, 0, 1, 2, 0, 2, 0, 2, 2, 0, 2, 0, 2, 1, 2, 0, 0, 2, 0, 2, 1, 0, 0, 2, 0, 1, 0, 2, 2, 1, 1, 0, 2, 0, 1, 0, 1, 2, 2, 1, 2, 2, 2, 1, 0, 2, 0, 1, 2, 0, 2, 0, 0, 0, 1, 0, 1, 1, 0, 0, 2, 2, 0, 0, 0, 0, 2, 0, 0, 0, 2, 0, 2, 0, 0, 2, 1, 0, 2, 1, 2, 2, 0, 0, 0, 2, 1, 2, 2, 1, 0, 1, 2, 0, 0, 0, 2, 0, 2, 0, 2, 0, 1, 2, 1, 2, 2, 2, 0, 1, 0, 2, 1, 1, 2, 0, 0, 0, 0, 0, 2, 0, 1, 2, 0, 0, 0, 0, 2, 0, 1, 1, 2, 1, 1, 0, 0, 1, 2, 0, 2, 1, 0, 2, 2, 2, 1, 2, 0, 1, 1, 0, 0, 2, 2, 2, 1, 2, 2, 2, 1, 0, 2, 1, 1, 2, 0, 0, 0, 2, 0, 2, 0, 1, 0, 0, 2, 0, 0, 0, 0, 0, 0, 1, 1, 0, 0, 0, 1, 0, 0, 1, 0, 2, 0, 0, 0, 1, 0, 0, 0, 0, 1, 1, 0, 0, 2, 0, 1, 0, 0, 1, 0, 2, 0, 2, 0, 0, 0, 2, 2, 0, 1, 0, 0, 0, 0, 0, 0, 2, 0, 0, 1, 0, 0, 1, 1, 0, 0, 0, 0, 0, 0, 0, 0, 0, 0, 1, 0, 1, 1, 1, 1, 2, 1, 0, 2, 1, 2, 2, 0, 2, 2, 1, 1, 2, 1, 2, 0, 1, 2, 1, 1, 0, 1, 0, 2, 2, 0, 0, 0, 2, 1, 0, 0, 2, 0, 1, 1, 1, 1, 0, 1, 2, 1, 2, 0, 2, 2, 2, 0, 1, 1, 0, 2, 2, 0, 1, 1, 0, 2, 0, 0, 0, 0, 0, 2, 1, 2, 2, 1, 2, 2, 1, 2, 1, 0, 0, 0, 2, 0, 0, 2, 2, 0, 1, 0, 1, 0, 0, 2, 0, 0, 0, 2, 0, 2, 2, 2, 0, 2, 0, 2, 0, 2, 2, 1, 1, 0, 1, 1, 1, 1, 2, 1, 2, 1, 2, 0, 0, 1, 0, 0, 1, 0, 0, 1, 0, 1, 0, 0, 0, 2, 0, 0, 0, 2, 0, 2, 1, 0, 0, 2, 2, 0, 2, 2, 1, 0, 0, 0, 0, 1, 1, 0, 2, 0, 2, 2, 0, 0, 2, 0, 0, 0, 0, 0, 0, 2, 0, 1, 0, 2, 2, 0, 2, 2, 0, 0, 0, 0, 2, 0, 1, 1, 0, 1, 0, 0, 1, 0, 0, 1, 2, 0, 1, 2, 1, 2, 0, 2, 0, 0]
0.7740154582259845
array([[1265,    7,    6],
       [ 104,  481,   96],
       [ 187,  214,  357]])
kfold preds 2: [1, 1, 0, 0, 0, 0, 1, 1, 2, 0, 0, 2, 0, 0, 0, 1, 0, 2, 1, 1, 1, 0, 1, 0, 1, 1, 0, 2, 0, 0, 0, 2, 1, 0, 1, 0, 2, 0, 0, 0, 2, 0, 1, 1, 0, 1, 2, 1, 0, 0, 0, 1, 1, 0, 1, 0, 1, 1, 0, 1, 2, 0, 0, 0, 0, 0, 2, 2, 0, 0, 0, 1, 1, 1, 1, 0, 1, 1, 0, 0, 0, 0, 1, 0, 1, 0, 2, 0, 0, 1, 2, 1, 2, 0, 0, 0, 0, 0, 0, 1, 0, 0, 2, 1, 0, 0, 0, 1, 2, 1, 0, 1, 2, 1, 2, 1, 2, 0, 1, 0, 2, 0, 0, 0, 1, 0, 1, 0, 0, 0, 1, 1, 1, 1, 1, 0, 0, 1, 0, 0, 1, 0, 1, 2, 0, 2, 2, 1, 1, 2, 2, 0, 0, 0, 0, 1, 2, 0, 0, 1, 0, 0, 0, 2, 2, 0, 0, 1, 0, 1, 2, 0, 0, 0, 2, 1, 0, 1, 1, 0, 1, 1, 0, 0, 0, 1, 2, 0, 0, 0, 2, 1, 0, 0, 2, 0, 1, 0, 0, 1, 0, 2, 1, 1, 1, 2, 2, 0, 0, 0, 1, 1, 2, 0, 1, 0, 0, 1, 0, 1, 1, 0, 0, 1, 2, 1, 1, 1, 2, 1, 0, 1, 0, 0, 2, 1, 0, 1, 1, 0, 0, 0, 2, 0, 0, 0, 0, 0, 0, 1, 2, 0, 0, 1, 1, 1, 1, 0, 1, 0, 0, 2, 0, 1, 0, 2, 1, 1, 2, 0, 0, 2, 1, 0, 0, 0, 0, 2, 0, 1, 1, 1, 1, 2, 0, 0, 0, 2, 1, 0, 2, 0, 0, 0, 0, 0, 0, 0, 0, 2, 0, 1, 0, 2, 2, 0, 0, 1, 0, 0, 1, 0, 0, 1, 1, 0, 1, 1, 1, 0, 0, 0, 1, 0, 0, 0, 0, 1, 1, 0, 1, 0, 1, 2, 2, 0, 1, 2, 1, 1, 1, 1, 2, 1, 0, 0, 0, 0, 0, 1, 0, 0, 2, 1, 0, 0, 0, 2, 0, 1, 1, 1, 1, 0, 1, 1, 0, 1, 1, 1, 1, 0, 2, 1, 2, 0, 1, 0, 1, 0, 0, 2, 2, 1, 0, 0, 0, 1, 1, 2, 0, 1, 1, 2, 0, 0, 0, 0, 0, 2, 1, 2, 0, 1, 2, 0, 0, 1, 2, 1, 1, 0, 0, 0, 1, 1, 1, 1, 0, 2, 2, 0, 1, 0, 1, 0, 2, 1, 0, 1, 0, 0, 2, 1, 2, 0, 1, 0, 0, 0, 1, 0, 1, 1, 0, 2, 1, 1, 1, 0, 2, 1, 2, 2, 2, 1, 2, 2, 2, 0, 0, 0, 0, 0, 0, 0, 2, 0, 2, 2, 1, 1, 0, 0, 1, 1, 0, 0, 2, 0, 0, 2, 0, 0, 0, 2, 1, 0, 1, 1, 2, 1, 1, 0, 1, 0, 1, 0, 0, 2, 1, 0, 1, 0, 0, 1, 1, 2, 1, 2, 2, 0, 2, 2, 2, 1, 0, 1, 0, 1, 0, 1, 2, 0, 0, 1, 0, 0, 0, 2, 2, 0, 2, 0, 0, 0, 1, 0, 2, 1, 0, 1, 1, 0, 2, 1, 0, 0, 1, 1, 1, 2, 1, 1, 0, 0, 0, 1, 0, 2, 0, 2, 1, 0, 0, 0, 0, 0, 1, 1, 1, 0, 0, 0, 1, 0, 1, 1, 0, 1, 2, 1, 0, 0, 2, 0, 0, 2, 2, 0, 2, 1, 0, 0, 2, 0, 1, 0, 2, 0, 1, 1, 2, 0, 0, 1, 0, 1, 1, 0, 2, 0, 2, 0, 0, 2, 0, 0, 0, 0, 0, 1, 1, 0, 0, 1, 2, 1, 1, 0, 0, 1, 1, 1, 1, 2, 0, 1, 0, 1, 1, 2, 0, 1, 1, 0, 2, 0, 2, 0, 1, 2, 0, 2, 2, 2, 1, 1, 0, 0, 1, 2, 0, 0, 0, 0, 0, 2, 0, 0, 2, 2, 2, 0, 0, 1, 1, 0, 2, 1, 0, 1, 0, 0, 1, 0, 0, 1, 1, 0, 0, 2, 1, 1, 0, 0, 2, 2, 1, 0, 2, 0, 0, 1, 1, 0, 0, 0, 0, 1, 0, 0, 0, 0, 1, 1, 1, 1, 1, 2, 0, 0, 1, 1, 1, 2, 0, 1, 1, 0, 1, 0, 1, 0, 0, 0, 1, 2, 0, 1, 2, 1, 1, 2, 1, 2, 0, 2, 0, 0, 2, 2, 0, 2, 1, 2, 0, 0, 0, 0, 0, 1, 0, 0, 0, 1, 1, 2, 0, 1, 2, 0, 0, 0, 1, 1, 1, 0, 1, 0, 0, 0, 0, 1, 0, 2, 2, 0, 0, 2, 1, 0, 0, 2, 0, 2, 1, 0, 0, 2, 1, 0, 1, 0, 0, 1, 0, 0, 2, 1, 2, 1, 0, 2, 0, 0, 2, 2, 0, 0, 0, 0, 0, 0, 0, 2, 2, 0, 0, 0, 1, 1, 1, 0, 1, 1, 2, 0, 1, 0, 1, 2, 2, 1, 0, 0, 0, 2, 0, 1, 1, 0, 2, 2, 0, 0, 0, 0, 0, 0, 0, 2, 1, 0, 1, 0, 0, 0, 0, 2, 0, 0, 2, 0, 1, 0, 2, 0, 1, 1, 0, 0, 0, 1, 1, 0, 0, 1, 2, 1, 0, 0, 1, 0, 1, 0, 2, 1, 0, 0, 1, 0, 0, 1, 2, 1, 2, 2, 2, 0, 0, 0, 0, 2, 0, 2, 0, 0, 2, 2, 1, 2, 1, 0, 0, 1, 2, 0, 1, 1, 1, 0, 1, 1, 0, 0, 0, 2, 0, 0, 0, 0, 1, 2, 1, 0, 0, 1, 0, 2, 2, 1, 0, 0, 0, 0, 0, 1, 1, 1, 0, 0, 0, 0, 0, 2, 0, 1, 0, 0, 1, 1, 0, 2, 1, 1, 1, 0, 1, 1, 0, 0, 2, 1, 2, 0, 1, 0, 0, 1, 0, 1, 1, 0, 0, 2, 0, 0, 1, 0, 0, 1, 1, 0, 0, 2, 1, 0, 1, 0, 0, 0, 1, 0, 1, 0, 1, 0, 2, 1, 1, 2, 1, 0, 0, 1, 2, 1, 0, 0, 0, 0, 0, 0, 2, 0, 0, 0, 2, 1, 0, 1, 0, 0, 2, 0, 0, 0, 2, 0, 0, 1, 0, 0, 2, 1, 1, 0, 0, 1, 1, 0, 1, 0, 2, 0, 2, 0, 0, 1, 0, 1, 2, 0, 2, 0, 1, 0, 0, 0, 1, 2, 0, 1, 0, 0, 0, 1, 0, 0, 2, 0, 1, 0, 1, 2, 0, 0, 1, 0, 0, 0, 1, 1, 1, 1, 1, 0, 2, 1, 0, 1, 2, 2, 0, 0, 0, 0, 2, 0, 1, 0, 1, 0, 1, 1, 0, 0, 2, 1, 0, 1, 2, 0, 1, 0, 0, 1, 1, 0, 0, 1, 2, 1, 0, 0, 1, 0, 2, 2, 0, 1, 0, 0, 0, 1, 2, 0, 1, 0, 0, 0, 0, 2, 2, 0, 1, 0, 1, 2, 2, 1, 1, 1, 0, 0, 2, 2, 2, 2, 0, 0, 0, 1, 2, 1, 0, 0, 0, 1, 1, 1, 0, 0, 1, 0, 0, 0, 0, 0, 2, 2, 0, 1, 2, 1, 2, 0, 1, 0, 0, 1, 0, 1, 1, 0, 1, 2, 0, 2, 0, 0, 2, 2, 2, 1, 0, 1, 0, 0, 2, 1, 1, 1, 0, 2, 1, 0, 2, 0, 0, 0, 2, 0, 0, 0, 2, 1, 0, 1, 2, 0, 0, 1, 0, 0, 2, 1, 1, 1, 0, 0, 2, 1, 1, 2, 0, 1, 0, 1, 0, 2, 0, 1, 2, 0, 1, 0, 1, 0, 0, 1, 0, 0, 0, 1, 1, 2, 0, 1, 0, 2, 1, 0, 2, 0, 1, 0, 1, 0, 2, 1, 0, 0, 0, 0, 2, 1, 1, 1, 2, 1, 2, 0, 1, 0, 0, 1, 0, 0, 0, 0, 0, 0, 0, 1, 1, 0, 0, 1, 0, 0, 0, 0, 1, 1, 2, 0, 1, 1, 1, 1, 0, 1, 1, 1, 1, 0, 1, 2, 2, 0, 2, 2, 0, 0, 0, 0, 2, 0, 0, 0, 1, 0, 2, 0, 0, 1, 2, 1, 0, 1, 1, 0, 1, 0, 0, 0, 1, 1, 1, 0, 2, 0, 1, 2, 0, 1, 1, 0, 0, 0, 1, 2, 2, 0, 1, 0, 1, 1, 1, 0, 2, 2, 1, 2, 0, 0, 0, 0, 0, 1, 0, 0, 2, 1, 0, 0, 0, 1, 2, 0, 1, 0, 2, 2, 0, 0, 1, 0, 0, 2, 2, 0, 1, 1, 1, 0, 2, 2, 2, 0, 0, 0, 0, 0, 0, 1, 2, 1, 2, 0, 0, 2, 0, 0, 1, 0, 0, 0, 0, 1, 0, 0, 1, 1, 0, 2, 1, 2, 0, 0, 0, 1, 0, 0, 2, 1, 0, 1, 0, 2, 0, 1, 0, 0, 0, 0, 0, 0, 0, 1, 0, 1, 1, 2, 0, 0, 0, 1, 1, 1, 0, 0, 0, 1, 0, 0, 2, 0, 1, 2, 0, 1, 0, 2, 1, 2, 1, 0, 0, 1, 0, 2, 1, 0, 1, 1, 2, 1, 2, 2, 1, 1, 1, 0, 1, 0, 0, 2, 2, 1, 1, 0, 1, 2, 1, 1, 0, 2, 0, 2, 2, 0, 0, 1, 1, 2, 1, 0, 2, 2, 0, 0, 2, 0, 0, 1, 0, 1, 0, 0, 0, 1, 0, 1, 2, 2, 0, 0, 1, 2, 2, 1, 2, 0, 0, 0, 1, 2, 1, 0, 1, 1, 1, 2, 0, 0, 0, 1, 1, 0, 2, 0, 1, 1, 1, 2, 0, 2, 0, 1, 0, 2, 0, 0, 0, 1, 0, 1, 1, 0, 1, 0, 0, 1, 2, 1, 0, 0, 0, 0, 1, 1, 1, 1, 0, 0, 0, 0, 2, 0, 1, 1, 2, 2, 1, 0, 1, 1, 1, 0, 0, 1, 0, 2, 0, 0, 1, 0, 0, 1, 1, 1, 0, 0, 1, 2, 1, 1, 2, 0, 0, 0, 2, 1, 2, 0, 1, 0, 1, 1, 1, 0, 0, 0, 1, 0, 0, 1, 0, 0, 2, 1, 1, 2, 0, 1, 1, 1, 1, 1, 0, 0, 0, 1, 1, 1, 0, 0, 0, 0, 0, 0, 1, 1, 0, 1, 0, 2, 0, 0, 1, 2, 0, 1, 2, 1, 0, 1, 2, 1, 2, 1, 1, 1, 0, 0, 0, 0, 1, 1, 2, 1, 0, 0, 1, 0, 1, 0, 0, 1, 0, 1, 2, 0, 0, 1, 1, 1, 0, 0, 1, 0, 1, 0, 0, 0, 0, 0, 1, 0, 0, 2, 1, 1, 0, 0, 1, 0, 1, 1, 0, 0, 2, 0, 0, 0, 0, 0, 1, 0, 1, 1, 0, 0, 1, 0, 1, 2, 1, 0, 1, 2, 0, 0, 1, 1, 0, 1, 1, 2, 1, 0, 2, 1, 2, 0, 1, 1, 0, 0, 1, 0, 0, 0, 0, 0, 1, 1, 0, 2, 1, 2, 1, 0, 0, 0, 0, 0, 1, 2, 2, 0, 1, 0, 0, 2, 0, 1, 0, 1, 2, 2, 0, 0, 0, 0, 2, 0, 1, 0, 0, 2, 1, 0, 2, 0, 0, 2, 0, 0, 0, 1, 0, 0, 1, 1, 0, 2, 1, 2, 1, 1, 0, 0, 0, 1, 2, 0, 1, 0, 1, 0, 1, 0, 0, 2, 1, 0, 1, 2, 0, 1, 1, 1, 2, 1, 1, 1, 1, 0, 1, 2, 0, 2, 1, 0, 1, 0, 1, 1, 1, 1, 0, 0, 0, 2, 1, 1, 2, 1, 1, 0, 0, 1, 0, 0, 2, 2, 1, 0, 1, 0, 0, 0, 0, 0, 2, 1, 0, 0, 1, 1, 2, 1, 1, 0, 2, 0, 2, 0, 1, 0, 0, 1, 0, 1, 0, 0, 0, 2, 0, 0, 1, 0, 1, 0, 0, 0, 0, 0, 1, 1, 0, 1, 0, 2, 0, 1, 0, 1, 0, 0, 2, 2, 2, 2, 0, 0, 1, 0, 0, 0, 0, 2, 2, 0, 0, 1, 0, 0, 1, 0, 0, 2, 0, 1, 0, 1, 1, 2, 0, 1, 0, 0, 1, 2, 0, 0, 0, 0, 1, 0, 2, 0, 2, 1, 2, 2, 0, 1, 0, 1, 2, 1, 0, 0, 2, 2, 0, 0, 2, 0, 1, 0, 1, 2, 0, 1, 0, 2, 0, 1, 2, 1, 1, 1, 1, 0, 2, 0, 1, 0, 0, 1, 2, 0, 0, 0, 0, 0, 2, 0, 0, 2, 0, 0, 0, 0, 2, 2, 0, 0, 1, 2, 0, 2, 0, 0, 0, 1, 1, 1, 1, 2, 0, 0, 1, 1, 0, 0, 0, 2, 0, 2, 1, 1, 1, 2, 2, 2, 0, 0, 0, 2, 0, 1, 0, 1, 0, 0, 0, 0, 0, 2, 1, 1, 0, 0, 2, 0, 0, 0, 1, 1, 0, 1, 2, 1, 1, 0, 2, 0, 0, 2, 1, 1, 1, 2, 0, 0, 0, 2, 2, 0, 1, 2, 2, 0, 0, 1, 0, 0, 0, 0, 1, 1, 0, 0, 2, 1, 1, 0, 1, 1, 1, 0, 2, 1, 2, 0, 0, 2, 0, 0, 1, 0, 0, 1, 2, 2, 0, 2, 0, 0, 1, 0, 2, 2, 1, 0, 1, 1, 1, 0, 0, 2, 0, 0, 2, 1, 2, 0, 2, 1, 0, 0, 0, 1, 0, 0, 0, 2, 0, 0, 0, 1, 1, 0, 0, 0, 1, 2, 0, 0, 1, 2, 2, 0, 1, 2, 1, 0, 2, 0, 1, 1, 0, 2, 0, 1, 0, 0, 0, 0, 1, 0, 0, 0, 1, 0, 1, 2, 0, 0, 0, 0, 0, 0, 0, 0, 0, 0, 0, 0, 0, 1, 2, 2, 0, 2, 1, 2, 0, 0, 1, 0, 2, 0, 0, 1, 1, 2, 2, 2, 0, 1, 0, 2, 0, 1, 0, 1, 1, 0, 0, 2, 1, 0, 2, 1, 1, 0, 0, 0, 0, 0, 2, 0, 0, 0, 1, 2, 0, 1, 2, 1, 0, 2, 1, 0, 0, 2, 1, 2, 0, 0, 2, 1, 2, 2, 1, 1, 0, 2, 1, 0, 0, 0, 1, 0, 2, 0, 0, 1, 0, 1, 2, 1, 2, 2, 2, 1, 1, 0, 1, 0, 1, 0, 0, 1, 1, 1, 0, 1, 2, 1, 0, 0, 2, 0, 1, 0, 1, 1, 2, 2, 1, 0, 1, 2, 1, 0, 0, 1, 0, 1, 1, 1, 0, 1, 0, 1, 0, 1, 1, 0, 0, 1, 1, 2, 2, 1, 1, 0, 1, 1, 2, 1, 0, 0, 1, 2, 0, 2, 0, 2, 1, 0, 2, 0, 0, 1, 1, 0, 2, 0, 0, 0, 0, 2, 1, 1, 1, 2, 0, 2, 1, 0, 0, 2, 0, 1, 0, 1, 2, 0, 0, 0, 2, 2, 0, 0, 0, 0, 0, 0, 0, 2, 0, 0, 0, 0, 0, 0, 1, 2, 0, 1, 1, 0, 0, 1, 1, 0, 1, 2, 2, 1, 1, 0, 0, 0, 0, 0, 0, 0, 0, 0, 2, 1, 0, 0, 1, 0, 1, 0, 0, 1, 1, 0, 2, 2, 1, 2, 1, 0, 0, 2, 1, 1, 2, 0, 2, 1, 1, 0, 2, 0, 2, 2, 0, 0, 0, 1, 2, 2, 2, 2, 1, 0, 2, 1, 1, 0, 1, 1, 2, 1, 0, 1, 2, 2, 1, 1, 2, 0, 0, 0, 0, 0, 1, 0, 0, 0, 0, 1, 0, 0, 1, 1, 1, 2, 2, 0, 1, 1, 1, 1, 0, 0, 0, 0, 0, 0, 2, 2, 0, 1, 1, 1, 0, 0, 0, 0, 0, 2, 1, 0, 1, 0, 1, 1, 1, 1, 2, 2, 2, 1, 2, 1, 0, 0, 1, 0, 0, 1, 1, 1, 1, 2, 0, 0, 1, 0, 1, 2, 2, 2, 0, 2, 0, 0, 0, 0, 2, 0, 0, 0, 1, 0, 2, 0, 1, 1, 0, 0, 1, 2, 1, 1, 0, 0, 0, 0, 0, 2, 0, 2, 1, 0, 1, 0, 0, 2, 1, 0, 0, 1, 0, 1, 2, 1, 1, 1, 0, 2, 1, 1, 1, 0, 1, 0, 0, 0, 0, 1, 0, 0, 2, 0, 0, 0, 1, 0, 2, 1, 0, 0, 1, 0, 2, 0, 1, 0, 0]
kfold targets 2: [1, 1, 0, 0, 0, 0, 1, 1, 2, 0, 0, 2, 0, 0, 0, 1, 0, 2, 1, 1, 1, 0, 2, 2, 1, 1, 0, 2, 0, 0, 0, 2, 1, 0, 1, 0, 1, 0, 0, 0, 2, 0, 1, 1, 0, 2, 1, 2, 0, 0, 0, 1, 0, 0, 1, 0, 1, 2, 0, 1, 1, 0, 2, 0, 0, 0, 1, 2, 0, 0, 0, 1, 1, 0, 2, 0, 1, 1, 0, 0, 0, 0, 1, 0, 1, 0, 2, 0, 0, 0, 2, 1, 2, 0, 0, 0, 0, 0, 0, 1, 0, 0, 2, 1, 0, 0, 0, 1, 2, 1, 0, 1, 2, 1, 2, 1, 2, 0, 2, 0, 2, 0, 0, 0, 1, 0, 1, 0, 0, 0, 1, 1, 2, 2, 1, 0, 0, 0, 0, 0, 1, 0, 1, 2, 0, 2, 2, 1, 1, 2, 2, 2, 0, 0, 0, 1, 1, 0, 0, 1, 0, 0, 0, 1, 2, 0, 0, 1, 0, 2, 2, 0, 0, 0, 2, 1, 0, 2, 2, 0, 1, 1, 0, 2, 0, 2, 2, 0, 0, 0, 2, 1, 0, 0, 2, 0, 2, 0, 0, 2, 0, 2, 2, 1, 2, 2, 2, 0, 0, 0, 1, 2, 1, 0, 1, 0, 0, 2, 0, 2, 1, 0, 0, 1, 2, 2, 2, 1, 2, 2, 0, 2, 0, 0, 1, 2, 0, 0, 1, 0, 0, 2, 2, 2, 0, 0, 0, 0, 0, 1, 2, 0, 0, 2, 2, 2, 2, 0, 1, 0, 0, 2, 0, 1, 0, 1, 1, 2, 2, 0, 0, 2, 0, 0, 0, 0, 0, 2, 0, 2, 1, 1, 1, 2, 0, 0, 0, 2, 1, 0, 1, 0, 0, 0, 0, 0, 0, 0, 0, 2, 0, 0, 0, 2, 2, 0, 0, 2, 0, 0, 1, 0, 0, 1, 2, 0, 1, 1, 1, 0, 0, 0, 1, 0, 0, 0, 0, 2, 1, 0, 1, 0, 2, 2, 1, 0, 1, 2, 2, 1, 2, 1, 2, 1, 0, 2, 0, 0, 0, 1, 0, 0, 2, 1, 0, 0, 0, 2, 2, 1, 1, 2, 0, 0, 1, 2, 0, 1, 1, 1, 1, 0, 2, 1, 2, 0, 1, 0, 1, 0, 0, 1, 2, 1, 0, 0, 0, 2, 1, 1, 0, 2, 1, 2, 0, 0, 0, 0, 0, 2, 1, 1, 0, 1, 2, 0, 0, 1, 2, 1, 2, 0, 0, 0, 2, 1, 1, 1, 0, 2, 2, 0, 1, 0, 2, 0, 2, 2, 0, 2, 0, 0, 2, 1, 2, 0, 1, 0, 0, 0, 1, 0, 1, 1, 0, 2, 1, 1, 2, 0, 1, 2, 2, 2, 2, 2, 2, 2, 1, 0, 0, 0, 0, 0, 0, 0, 2, 0, 2, 2, 1, 2, 0, 0, 2, 2, 0, 0, 2, 0, 0, 2, 0, 0, 0, 1, 1, 0, 2, 1, 2, 1, 1, 0, 1, 2, 2, 0, 0, 1, 2, 0, 2, 0, 2, 1, 1, 1, 2, 2, 2, 0, 2, 2, 2, 2, 0, 1, 0, 1, 0, 1, 2, 0, 0, 2, 2, 0, 0, 2, 2, 0, 2, 0, 0, 0, 1, 0, 2, 2, 0, 1, 2, 0, 2, 1, 0, 0, 1, 1, 1, 2, 1, 1, 0, 0, 0, 2, 0, 2, 0, 2, 1, 0, 2, 0, 0, 0, 2, 1, 0, 0, 0, 0, 1, 0, 1, 1, 0, 1, 2, 1, 0, 0, 2, 0, 0, 1, 2, 0, 2, 1, 0, 2, 2, 0, 1, 0, 2, 0, 2, 2, 2, 0, 0, 1, 0, 1, 1, 0, 2, 0, 2, 0, 0, 2, 0, 0, 0, 0, 0, 2, 1, 0, 0, 1, 2, 1, 2, 0, 0, 1, 1, 2, 1, 2, 0, 2, 0, 2, 2, 2, 0, 1, 1, 0, 2, 2, 2, 0, 2, 2, 0, 2, 2, 2, 1, 1, 0, 0, 2, 2, 0, 2, 0, 2, 0, 2, 0, 0, 1, 2, 2, 0, 0, 1, 1, 0, 2, 2, 0, 1, 0, 0, 2, 0, 0, 2, 0, 0, 0, 0, 1, 2, 0, 0, 2, 2, 1, 0, 1, 0, 0, 2, 1, 0, 0, 0, 0, 1, 0, 0, 0, 0, 2, 2, 1, 1, 2, 2, 0, 0, 2, 1, 2, 2, 0, 1, 1, 0, 0, 0, 1, 0, 0, 0, 2, 2, 0, 2, 2, 1, 1, 1, 1, 1, 0, 2, 0, 0, 2, 2, 0, 2, 0, 2, 0, 0, 0, 0, 0, 1, 0, 0, 0, 1, 2, 2, 0, 1, 1, 0, 0, 1, 1, 1, 1, 0, 1, 0, 0, 0, 0, 1, 0, 1, 2, 0, 0, 2, 2, 0, 0, 2, 0, 2, 1, 0, 0, 2, 1, 0, 1, 0, 0, 1, 0, 0, 2, 1, 2, 2, 0, 2, 0, 0, 2, 2, 0, 0, 0, 0, 0, 0, 0, 2, 2, 0, 0, 2, 1, 1, 1, 0, 2, 0, 2, 0, 1, 0, 1, 2, 2, 1, 0, 0, 0, 2, 0, 2, 1, 0, 2, 2, 0, 0, 0, 0, 0, 0, 0, 1, 1, 2, 1, 2, 0, 0, 0, 2, 0, 0, 2, 0, 2, 0, 1, 0, 0, 2, 0, 0, 0, 1, 1, 0, 0, 2, 1, 2, 0, 0, 1, 0, 2, 0, 2, 1, 0, 0, 0, 0, 0, 2, 2, 1, 2, 0, 2, 0, 0, 0, 0, 2, 0, 2, 2, 0, 2, 2, 2, 2, 2, 0, 0, 2, 2, 0, 1, 0, 2, 0, 2, 1, 0, 0, 0, 2, 0, 0, 0, 0, 2, 2, 1, 0, 0, 1, 0, 2, 2, 2, 0, 0, 0, 0, 0, 1, 1, 1, 0, 0, 0, 0, 0, 2, 0, 2, 0, 0, 1, 1, 0, 2, 2, 0, 1, 0, 1, 1, 0, 0, 2, 1, 2, 0, 0, 0, 0, 0, 0, 1, 2, 0, 0, 2, 0, 0, 2, 0, 0, 1, 1, 0, 0, 2, 1, 0, 1, 0, 0, 0, 1, 0, 1, 2, 2, 0, 2, 1, 1, 2, 1, 0, 2, 2, 2, 1, 0, 0, 0, 0, 0, 0, 2, 0, 0, 0, 2, 2, 0, 1, 0, 0, 2, 0, 0, 0, 2, 0, 0, 2, 0, 0, 2, 1, 1, 0, 0, 2, 2, 0, 1, 0, 2, 0, 0, 0, 0, 2, 0, 1, 2, 0, 1, 0, 1, 0, 0, 0, 2, 2, 0, 1, 0, 0, 0, 2, 0, 0, 2, 0, 2, 0, 1, 1, 0, 0, 1, 0, 0, 0, 1, 1, 1, 1, 1, 0, 2, 1, 0, 2, 2, 0, 0, 0, 0, 0, 2, 0, 2, 0, 1, 0, 1, 1, 0, 0, 1, 1, 0, 1, 1, 0, 1, 0, 0, 1, 1, 0, 0, 2, 2, 1, 0, 0, 1, 0, 2, 1, 0, 0, 0, 0, 0, 2, 2, 0, 2, 0, 0, 0, 0, 2, 2, 0, 0, 0, 0, 2, 2, 2, 2, 1, 0, 0, 2, 2, 2, 2, 0, 0, 0, 1, 1, 2, 0, 0, 0, 1, 1, 1, 0, 1, 2, 0, 0, 0, 0, 0, 2, 2, 2, 1, 2, 1, 2, 0, 1, 0, 0, 1, 0, 2, 2, 0, 1, 2, 0, 2, 0, 0, 2, 1, 2, 2, 0, 2, 0, 0, 2, 1, 2, 2, 0, 2, 1, 2, 2, 0, 0, 0, 2, 0, 0, 0, 2, 1, 0, 1, 2, 0, 0, 1, 0, 0, 2, 1, 1, 1, 0, 0, 2, 1, 1, 1, 0, 1, 0, 1, 0, 2, 0, 1, 2, 0, 2, 0, 1, 0, 0, 1, 0, 0, 0, 1, 1, 2, 0, 0, 0, 2, 1, 0, 2, 0, 2, 0, 1, 0, 2, 2, 0, 0, 0, 0, 2, 2, 2, 1, 2, 1, 2, 2, 2, 0, 0, 1, 0, 0, 0, 0, 0, 0, 0, 2, 2, 0, 1, 1, 0, 0, 0, 0, 1, 1, 2, 0, 0, 2, 1, 1, 0, 2, 2, 1, 1, 0, 2, 1, 2, 0, 2, 2, 0, 0, 0, 0, 2, 0, 0, 0, 2, 0, 2, 0, 0, 1, 2, 1, 0, 1, 2, 2, 1, 0, 0, 0, 1, 2, 2, 0, 2, 0, 1, 1, 0, 0, 1, 2, 0, 0, 1, 2, 2, 0, 1, 0, 1, 1, 2, 0, 2, 2, 2, 2, 0, 0, 0, 0, 0, 1, 0, 0, 2, 1, 0, 0, 0, 2, 2, 0, 1, 0, 2, 2, 0, 0, 1, 0, 0, 2, 2, 0, 1, 1, 1, 0, 2, 2, 2, 0, 0, 0, 0, 0, 0, 2, 2, 1, 2, 0, 0, 2, 0, 0, 1, 0, 0, 0, 0, 1, 0, 0, 2, 1, 0, 2, 2, 0, 0, 0, 0, 1, 0, 0, 2, 1, 0, 1, 0, 2, 0, 1, 0, 0, 0, 0, 0, 0, 0, 2, 2, 2, 1, 2, 0, 0, 0, 1, 1, 1, 0, 0, 0, 1, 0, 0, 2, 0, 1, 2, 0, 0, 0, 2, 2, 2, 1, 0, 0, 1, 0, 2, 1, 2, 1, 2, 2, 2, 1, 2, 2, 1, 1, 0, 1, 0, 0, 0, 2, 1, 1, 0, 1, 2, 1, 1, 0, 2, 0, 2, 1, 0, 0, 2, 1, 2, 1, 0, 2, 1, 0, 0, 2, 0, 0, 1, 0, 1, 0, 0, 0, 1, 0, 1, 2, 1, 0, 0, 2, 1, 0, 1, 2, 0, 0, 0, 1, 2, 1, 0, 1, 1, 1, 2, 0, 0, 0, 2, 1, 0, 2, 0, 1, 0, 2, 2, 0, 1, 0, 2, 0, 2, 0, 0, 0, 1, 0, 1, 1, 0, 0, 0, 0, 2, 2, 1, 0, 0, 0, 0, 1, 2, 2, 1, 0, 0, 0, 0, 2, 0, 1, 1, 2, 2, 1, 0, 2, 2, 2, 0, 0, 2, 0, 2, 0, 2, 1, 0, 0, 2, 1, 2, 0, 0, 2, 1, 1, 1, 2, 0, 0, 0, 2, 1, 2, 0, 1, 0, 2, 1, 2, 0, 0, 0, 1, 2, 0, 1, 0, 0, 2, 1, 2, 1, 0, 1, 1, 1, 1, 1, 0, 0, 0, 2, 1, 1, 0, 2, 0, 0, 0, 0, 1, 1, 0, 1, 0, 2, 0, 0, 1, 2, 0, 1, 2, 1, 0, 1, 2, 0, 2, 1, 1, 1, 0, 0, 0, 0, 2, 1, 1, 1, 0, 0, 1, 0, 2, 0, 0, 1, 0, 1, 2, 0, 0, 1, 1, 1, 0, 0, 1, 0, 1, 0, 0, 0, 0, 0, 1, 2, 0, 2, 1, 1, 0, 0, 1, 0, 2, 0, 0, 0, 2, 0, 0, 0, 0, 0, 2, 0, 1, 1, 0, 0, 2, 0, 2, 2, 1, 0, 2, 2, 0, 0, 1, 1, 0, 1, 2, 2, 2, 0, 2, 1, 0, 0, 2, 1, 0, 0, 1, 0, 0, 0, 2, 0, 1, 1, 0, 2, 1, 2, 1, 0, 0, 0, 0, 0, 1, 1, 1, 0, 2, 0, 0, 2, 0, 2, 0, 1, 2, 2, 0, 0, 2, 0, 2, 0, 1, 0, 0, 2, 1, 2, 2, 0, 0, 2, 0, 0, 0, 1, 0, 2, 2, 1, 0, 1, 2, 2, 1, 1, 0, 0, 0, 1, 1, 0, 1, 2, 2, 0, 2, 2, 0, 1, 2, 2, 1, 1, 0, 2, 1, 0, 2, 2, 1, 0, 1, 0, 1, 1, 0, 1, 2, 0, 1, 0, 1, 1, 1, 1, 2, 0, 0, 2, 1, 2, 1, 1, 1, 0, 0, 2, 0, 0, 2, 2, 2, 0, 2, 0, 0, 0, 0, 0, 1, 1, 0, 0, 1, 1, 2, 2, 1, 0, 2, 0, 2, 0, 0, 0, 0, 2, 0, 2, 0, 0, 0, 2, 0, 0, 2, 0, 2, 0, 0, 0, 0, 0, 1, 1, 0, 1, 0, 2, 0, 1, 0, 1, 0, 0, 2, 2, 1, 2, 0, 0, 0, 0, 0, 0, 0, 0, 2, 0, 0, 1, 0, 0, 1, 0, 0, 2, 0, 1, 0, 2, 2, 2, 1, 2, 0, 0, 1, 1, 0, 0, 0, 0, 1, 0, 2, 0, 2, 1, 1, 1, 0, 0, 0, 1, 1, 1, 0, 0, 2, 2, 0, 0, 2, 0, 2, 0, 1, 2, 0, 1, 0, 2, 0, 1, 2, 2, 1, 2, 2, 0, 2, 0, 1, 2, 2, 2, 1, 0, 0, 0, 0, 0, 2, 0, 0, 2, 0, 0, 0, 0, 2, 2, 0, 0, 2, 2, 0, 1, 0, 0, 0, 2, 1, 2, 1, 2, 0, 0, 1, 1, 0, 0, 0, 2, 0, 2, 1, 1, 1, 2, 2, 2, 0, 0, 0, 2, 0, 2, 0, 1, 0, 0, 0, 0, 0, 1, 1, 1, 0, 0, 1, 0, 0, 0, 1, 2, 0, 1, 2, 1, 1, 0, 2, 0, 0, 1, 1, 1, 1, 2, 0, 0, 0, 2, 0, 0, 1, 2, 2, 0, 0, 2, 0, 0, 0, 0, 2, 1, 0, 0, 2, 1, 2, 0, 1, 1, 1, 0, 2, 1, 2, 2, 0, 1, 0, 0, 1, 0, 0, 1, 2, 2, 0, 2, 0, 0, 2, 0, 2, 2, 1, 0, 1, 1, 2, 0, 0, 0, 0, 0, 2, 1, 2, 0, 2, 2, 0, 0, 0, 1, 0, 0, 0, 2, 0, 0, 0, 1, 1, 0, 0, 0, 2, 2, 0, 0, 1, 1, 0, 2, 2, 2, 1, 0, 2, 0, 1, 1, 2, 2, 2, 2, 0, 0, 0, 0, 0, 0, 0, 0, 2, 0, 1, 2, 0, 0, 0, 0, 0, 0, 0, 0, 0, 0, 0, 0, 0, 0, 1, 2, 0, 2, 2, 1, 0, 0, 2, 0, 2, 0, 0, 1, 1, 2, 2, 2, 0, 0, 0, 2, 0, 2, 2, 1, 1, 0, 0, 2, 1, 0, 2, 1, 0, 0, 0, 2, 0, 0, 2, 0, 0, 0, 1, 2, 0, 1, 2, 1, 0, 2, 2, 0, 0, 2, 2, 2, 0, 2, 2, 1, 1, 2, 2, 2, 0, 2, 2, 0, 0, 0, 2, 0, 2, 0, 0, 1, 0, 2, 2, 1, 2, 2, 2, 1, 1, 0, 1, 0, 1, 0, 0, 1, 1, 1, 0, 1, 2, 2, 0, 0, 2, 0, 1, 0, 1, 1, 2, 2, 1, 0, 1, 1, 2, 0, 0, 1, 0, 2, 1, 1, 0, 1, 0, 2, 0, 2, 2, 0, 0, 1, 1, 2, 2, 1, 2, 0, 2, 1, 2, 2, 0, 0, 1, 2, 0, 2, 0, 1, 1, 0, 2, 0, 0, 2, 2, 0, 2, 0, 0, 0, 0, 2, 1, 1, 1, 2, 0, 2, 1, 0, 0, 1, 0, 1, 0, 2, 1, 0, 0, 0, 2, 2, 2, 0, 0, 0, 0, 0, 0, 2, 0, 0, 0, 0, 0, 0, 1, 2, 0, 2, 2, 0, 0, 2, 1, 0, 1, 2, 2, 1, 1, 0, 0, 0, 0, 0, 0, 1, 0, 0, 2, 2, 0, 0, 1, 0, 2, 0, 0, 1, 1, 0, 2, 0, 0, 2, 1, 0, 0, 2, 1, 1, 2, 0, 2, 1, 1, 0, 1, 0, 2, 2, 0, 0, 2, 2, 2, 2, 2, 2, 1, 0, 1, 1, 1, 0, 1, 1, 2, 1, 0, 2, 2, 2, 1, 1, 2, 0, 0, 0, 0, 0, 1, 0, 0, 0, 0, 2, 0, 0, 1, 1, 2, 2, 2, 0, 2, 2, 1, 1, 0, 0, 0, 0, 0, 0, 2, 2, 0, 1, 1, 1, 0, 0, 0, 0, 0, 2, 1, 0, 1, 0, 2, 2, 2, 1, 2, 1, 2, 2, 2, 2, 0, 0, 1, 0, 0, 2, 1, 1, 1, 2, 0, 0, 2, 0, 1, 1, 2, 1, 0, 2, 0, 0, 0, 0, 2, 0, 0, 0, 2, 0, 2, 0, 1, 1, 0, 0, 1, 2, 1, 1, 0, 0, 0, 0, 0, 2, 0, 2, 0, 0, 1, 0, 0, 2, 1, 0, 0, 1, 0, 1, 2, 1, 2, 1, 0, 2, 1, 1, 1, 0, 1, 0, 0, 0, 0, 1, 0, 0, 2, 0, 0, 0, 1, 0, 1, 1, 0, 0, 2, 0, 2, 0, 2, 0, 0]
0.8277511961722488
array([[1240,   41,   13],
       [   5,  576,   83],
       [  52,  274,  433]])
