epoch: 1
100
82.89588189125061
200
163.31288313865662
300
245.81275391578674
400
327.5146360397339
500
410.5349564552307
600
492.9236614704132
Epoch: 1 | Training Loss: 0.696931 | Train ACC: 0.6835
epoch: 2
100
641.3474857807159
200
719.6961088180542
300
801.0742545127869
400
882.0412817001343
500
964.1570217609406
600
1045.201247215271
Epoch: 2 | Training Loss: 0.574266 | Train ACC: 0.7460
epoch: 3
100
1193.208284854889
200
1272.8056790828705
300
1354.8258192539215
400
1437.0189292430878
500
1520.0074801445007
600
1602.5113475322723
Epoch: 3 | Training Loss: 0.517759 | Train ACC: 0.7637
epoch: 4
100
1751.7810688018799
200
1833.1351644992828
300
1915.3370110988617
400
1999.030946969986
500
2082.912140607834
600
2167.343555212021
Epoch: 4 | Training Loss: 0.482318 | Train ACC: 0.7843
epoch: 5
100
2317.1477019786835
200
2398.476180076599
300
2481.8670558929443
400
2564.04474568367
500
2645.7494099140167
600
2729.733048915863
Epoch: 5 | Training Loss: 0.438244 | Train ACC: 0.8070
epoch: 6
100
2881.878437280655
200
2966.4589252471924
300
3050.976649045944
400
3135.9049446582794
500
3216.7815158367157
600
3301.4433217048645
Epoch: 6 | Training Loss: 0.408767 | Train ACC: 0.8237
epoch: 7
100
3453.345421552658
200
3537.6687247753143
300
3621.302438735962
400
3705.6538214683533
500
3786.65961766243
600
3870.2948377132416
Epoch: 7 | Training Loss: 0.388259 | Train ACC: 0.8300
epoch: 8
100
4021.7041511535645
200
4107.421454668045
300
4192.862519264221
400
4278.540327548981
500
4358.62778544426
600
4438.309504032135
Epoch: 8 | Training Loss: 0.356338 | Train ACC: 0.8434
epoch: 9
100
4582.248724937439
200
4662.383432626724
300
4742.239501953125
400
4822.203047037125
500
4901.807256698608
600
4977.44175362587
Epoch: 9 | Training Loss: 0.334682 | Train ACC: 0.8555
epoch: 10
100
5122.1706602573395
200
5198.805680274963
300
5272.200478076935
400
5350.537290811539
500
5430.168293237686
600
5509.882863283157
Epoch: 10 | Training Loss: 0.300541 | Train ACC: 0.8760
epoch: 11
100
5645.542376279831
200
5718.202089309692
300
5787.923464775085
400
5857.670365333557
500
5928.70249581337
600
5999.2960884571075
Epoch: 11 | Training Loss: 0.293629 | Train ACC: 0.8750
epoch: 12
100
6129.796669960022
200
6200.137374639511
300
6270.122184991837
400
6341.868623971939
500
6412.419499397278
600
6484.402059793472
Epoch: 12 | Training Loss: 0.277293 | Train ACC: 0.8833
epoch: 13
100
6615.256949186325
200
6689.243491649628
300
6759.673269987106
400
6829.7405841350555
500
6901.978964090347
600
6972.4025049209595
Epoch: 13 | Training Loss: 0.251452 | Train ACC: 0.8962
epoch: 14
100
7102.352647781372
200
7172.473492145538
300
7243.812620162964
400
7313.723720550537
500
7384.933810949326
600
7457.4423632621765
Epoch: 14 | Training Loss: 0.235193 | Train ACC: 0.9056
epoch: 15
100
7586.811962127686
200
7657.645389080048
300
7728.452090263367
400
7799.815476894379
500
7869.961783647537
600
7942.162744522095
Epoch: 15 | Training Loss: 0.228259 | Train ACC: 0.9091
epoch: 16
100
8082.795069694519
200
8160.598219394684
300
8240.349225282669
400
8318.449941396713
500
8397.990362644196
600
8476.36037349701
Epoch: 16 | Training Loss: 0.197281 | Train ACC: 0.9181
epoch: 17
100
8614.472669839859
200
8687.6193420887
300
8762.992999315262
400
8841.880395650864
500
8920.922434329987
600
8999.676717042923
Epoch: 17 | Training Loss: 0.191497 | Train ACC: 0.9233
epoch: 18
100
9142.035698890686
200
9219.701848983765
300
9295.310043096542
400
9373.95158982277
500
9453.109298944473
600
9533.33501625061
Epoch: 18 | Training Loss: 0.202858 | Train ACC: 0.9233
epoch: 19
100
9675.292395114899
200
9754.1977186203
300
9831.497250318527
400
9906.827670097351
500
9984.533316850662
600
10063.046130657196
Epoch: 19 | Training Loss: 0.160940 | Train ACC: 0.9372
epoch: 20
100
10205.260342121124
200
10284.190623760223
300
10362.78619647026
400
10439.293880939484
500
10518.257779121399
600
10600.219378709793
Epoch: 20 | Training Loss: 0.150496 | Train ACC: 0.9418
Training complete in 177m 45s
Validation Loss: 1.366492 | Validation ACC: 0.7230
epoch: 1
100
78.23113417625427
200
152.80129075050354
300
225.00576639175415
400
297.28031849861145
500
371.51372599601746
600
447.37835001945496
Epoch: 1 | Training Loss: 0.687651 | Train ACC: 0.6940
epoch: 2
100
583.2884738445282
200
657.9123721122742
300
728.8698451519012
400
800.9876635074615
500
872.588787317276
600
942.2331433296204
Epoch: 2 | Training Loss: 0.564814 | Train ACC: 0.7501
epoch: 3
100
1068.0195951461792
200
1140.4376068115234
300
1215.6255071163177
400
1289.9326651096344
500
1368.0258531570435
600
1438.6190304756165
Epoch: 3 | Training Loss: 0.505067 | Train ACC: 0.7807
epoch: 4
100
1569.4518492221832
200
1642.3454320430756
300
1712.6262884140015
400
1788.7286050319672
500
1862.5453612804413
600
1936.1475813388824
Epoch: 4 | Training Loss: 0.458093 | Train ACC: 0.8011
epoch: 5
100
2078.611201286316
200
2159.092027425766
300
2238.2779326438904
400
2317.082059621811
500
2396.17893075943
600
2473.102429151535
Epoch: 5 | Training Loss: 0.417811 | Train ACC: 0.8136
epoch: 6
100
2606.011134147644
200
2683.9287254810333
300
2764.116270303726
400
2843.5305845737457
500
2923.437052965164
600
3002.9720005989075
Epoch: 6 | Training Loss: 0.397914 | Train ACC: 0.8278
epoch: 7
100
3141.6302773952484
200
3219.692011117935
300
3300.0477244853973
400
3379.2477889060974
500
3457.9899780750275
600
3536.644446372986
Epoch: 7 | Training Loss: 0.358194 | Train ACC: 0.8423
epoch: 8
100
3679.112462043762
200
3753.958326816559
300
3833.0043816566467
400
3913.1233484745026
500
3992.555679321289
600
4071.2673625946045
Epoch: 8 | Training Loss: 0.345691 | Train ACC: 0.8447
epoch: 9
100
4212.49823641777
200
4291.3365914821625
300
4366.338383674622
400
4445.318176984787
500
4524.534017324448
600
4604.372928619385
Epoch: 9 | Training Loss: 0.322030 | Train ACC: 0.8618
epoch: 10
100
4745.477258443832
200
4824.088742494583
300
4902.466948032379
400
4974.28079366684
500
5047.138825893402
600
5118.8194415569305
Epoch: 10 | Training Loss: 0.310870 | Train ACC: 0.8651
epoch: 11
100
5248.370764255524
200
5319.614279747009
300
5390.309127807617
400
5459.247529029846
500
5533.86209321022
600
5606.1568830013275
Epoch: 11 | Training Loss: 0.282245 | Train ACC: 0.8778
epoch: 12
100
5730.563261508942
200
5803.186416387558
300
5880.130377531052
400
5953.334180116653
500
6035.999394893646
600
6108.816113233566
Epoch: 12 | Training Loss: 0.268179 | Train ACC: 0.8861
epoch: 13
100
6251.714765071869
200
6330.907695531845
300
6409.800973653793
400
6487.973422288895
500
6567.506000757217
600
6646.766328334808
Epoch: 13 | Training Loss: 0.257941 | Train ACC: 0.8951
epoch: 14
100
6783.3459458351135
200
6862.916307449341
300
6942.608244180679
400
7020.64972114563
500
7099.892306089401
600
7179.928014755249
Epoch: 14 | Training Loss: 0.227277 | Train ACC: 0.9032
epoch: 15
100
7318.253336429596
200
7397.129396438599
300
7476.272774934769
400
7555.415240287781
500
7634.434717655182
600
7713.239703178406
Epoch: 15 | Training Loss: 0.238546 | Train ACC: 0.9032
epoch: 16
100
7853.4423196315765
200
7928.173604488373
300
8007.120531797409
400
8085.717396259308
500
8164.784052848816
600
8244.41930270195
Epoch: 16 | Training Loss: 0.215706 | Train ACC: 0.9102
epoch: 17
100
8386.489261627197
200
8465.074565410614
300
8540.267201185226
400
8619.623298883438
500
8698.921002388
600
8777.47988152504
Epoch: 17 | Training Loss: 0.203045 | Train ACC: 0.9179
epoch: 18
100
8919.70970416069
200
8998.566154718399
300
9076.643130540848
400
9148.250511169434
500
9217.6797914505
600
9286.470657110214
Epoch: 18 | Training Loss: 0.190324 | Train ACC: 0.9222
epoch: 19
100
9413.297814130783
200
9482.303210020065
300
9551.342103719711
400
9623.649685144424
500
9698.819406747818
600
9768.999633789062
Epoch: 19 | Training Loss: 0.159973 | Train ACC: 0.9360
epoch: 20
100
9896.53732919693
200
9959.235086202621
300
10022.283839702606
400
10096.281735181808
500
10170.662101268768
600
10246.863365650177
Epoch: 20 | Training Loss: 0.166420 | Train ACC: 0.9356
Training complete in 171m 47s
Validation Loss: 1.086989 | Validation ACC: 0.7170
epoch: 1
100
72.85756826400757
200
143.29199361801147
300
216.40496158599854
400
292.0794439315796
500
367.4495439529419
600
442.63102197647095
Epoch: 1 | Training Loss: 0.698260 | Train ACC: 0.6872
epoch: 2
100
574.8394458293915
200
648.2521393299103
300
721.4881541728973
400
792.258483171463
500
865.6617436408997
600
940.662150144577
Epoch: 2 | Training Loss: 0.570429 | Train ACC: 0.7443
epoch: 3
100
1073.7327871322632
200
1147.343016386032
300
1220.9007213115692
400
1294.0274331569672
500
1368.2375752925873
600
1441.5966901779175
Epoch: 3 | Training Loss: 0.508172 | Train ACC: 0.7785
epoch: 4
100
1569.5321292877197
200
1643.3136565685272
300
1716.4070448875427
400
1788.8073227405548
500
1860.615576505661
600
1935.0280346870422
Epoch: 4 | Training Loss: 0.469375 | Train ACC: 0.7974
epoch: 5
100
2071.77916932106
200
2146.6591567993164
300
2219.9544208049774
400
2290.0670523643494
500
2363.986618041992
600
2439.420513153076
Epoch: 5 | Training Loss: 0.428701 | Train ACC: 0.8131
epoch: 6
100
2570.05566573143
200
2642.4757556915283
300
2716.8656327724457
400
2788.6383497714996
500
2860.2213926315308
600
2930.5344870090485
Epoch: 6 | Training Loss: 0.392465 | Train ACC: 0.8280
epoch: 7
100
3060.770872592926
200
3130.46785569191
300
3200.209954023361
400
3272.0438964366913
500
3345.4551396369934
600
3414.3001520633698
Epoch: 7 | Training Loss: 0.368731 | Train ACC: 0.8431
epoch: 8
100
3538.7658081054688
200
3605.7558937072754
300
3676.34584069252
400
3747.3321466445923
500
3818.687802553177
600
3888.236398458481
Epoch: 8 | Training Loss: 0.349932 | Train ACC: 0.8488
epoch: 9
100
4011.8462104797363
200
4088.4749040603638
300
4157.296289205551
400
4229.385311603546
500
4305.236731767654
600
4380.400545835495
Epoch: 9 | Training Loss: 0.320293 | Train ACC: 0.8602
epoch: 10
100
4504.291946411133
200
4574.5887060165405
300
4645.373964548111
400
4717.560895681381
500
4783.941175699234
600
4851.982785701752
Epoch: 10 | Training Loss: 0.302717 | Train ACC: 0.8638
epoch: 11
100
4977.365187883377
200
5048.136417150497
300
5120.177672863007
400
5191.098411798477
500
5260.886763572693
600
5331.160346031189
Epoch: 11 | Training Loss: 0.297811 | Train ACC: 0.8701
epoch: 12
100
5455.599006414413
200
5527.142334222794
300
5597.453170776367
400
5674.938344240189
500
5755.720789909363
600
5833.614179611206
Epoch: 12 | Training Loss: 0.248737 | Train ACC: 0.8951
epoch: 13
100
5970.919014453888
200
6048.444061279297
300
6122.360313415527
400
6198.873055458069
500
6272.836714506149
600
6346.227526664734
Epoch: 13 | Training Loss: 0.252236 | Train ACC: 0.8953
epoch: 14
100
6474.117629289627
200
6551.005324840546
300
6627.075354099274
400
6701.85356426239
500
6781.459355592728
600
6863.993793725967
Epoch: 14 | Training Loss: 0.235523 | Train ACC: 0.8988
epoch: 15
100
7001.494161367416
200
7071.483701944351
300
7143.895327329636
400
7222.291202306747
500
7295.849510908127
600
7362.948165893555
Epoch: 15 | Training Loss: 0.212612 | Train ACC: 0.9126
epoch: 16
100
7486.133440256119
200
7553.804883241653
300
7625.145276069641
400
7695.920285463333
500
7766.822717666626
600
7834.20108294487
Epoch: 16 | Training Loss: 0.213008 | Train ACC: 0.9121
epoch: 17
100
7957.174523353577
200
8029.480133295059
300
8102.681642770767
400
8173.253286600113
500
8244.687680959702
600
8319.932446956635
Epoch: 17 | Training Loss: 0.189794 | Train ACC: 0.9214
epoch: 18
100
8461.817651987076
200
8542.093302249908
300
8622.243069887161
400
8699.421969890594
500
8780.547888278961
600
8861.019552469254
Epoch: 18 | Training Loss: 0.167556 | Train ACC: 0.9351
epoch: 19
100
9003.68797826767
200
9081.863098859787
300
9160.506349563599
400
9238.821153640747
500
9317.42487025261
600
9392.014236450195
Epoch: 19 | Training Loss: 0.166392 | Train ACC: 0.9343
epoch: 20
100
9522.369796991348
200
9594.093490600586
300
9663.825977802277
400
9736.112918615341
500
9807.99665260315
600
9881.511507749557
Epoch: 20 | Training Loss: 0.169497 | Train ACC: 0.9328
Training complete in 165m 40s
Validation Loss: 7.935230 | Validation ACC: 0.3408
kfold preds 0: [0, 2, 0, 0, 2, 0, 2, 1, 0, 0, 0, 0, 0, 0, 0, 1, 0, 1, 0, 2, 0, 0, 0, 2, 1, 0, 0, 0, 0, 0, 0, 2, 0, 0, 0, 0, 0, 1, 0, 0, 2, 0, 1, 0, 0, 1, 2, 1, 0, 0, 2, 2, 0, 0, 2, 0, 0, 1, 0, 0, 1, 2, 0, 0, 0, 0, 2, 0, 0, 0, 0, 0, 1, 0, 0, 0, 0, 0, 1, 0, 0, 0, 2, 0, 0, 0, 2, 0, 0, 0, 1, 1, 1, 1, 0, 0, 0, 0, 0, 2, 0, 0, 0, 2, 2, 0, 0, 2, 2, 0, 0, 0, 2, 0, 0, 0, 2, 0, 2, 0, 0, 0, 0, 0, 2, 0, 0, 0, 0, 2, 0, 2, 1, 2, 2, 0, 0, 0, 0, 0, 1, 0, 1, 2, 0, 0, 0, 1, 0, 2, 1, 1, 0, 0, 2, 0, 1, 0, 1, 1, 2, 0, 0, 0, 1, 0, 0, 1, 0, 1, 0, 0, 0, 0, 2, 1, 0, 2, 2, 0, 0, 0, 0, 1, 0, 1, 2, 2, 2, 0, 0, 2, 0, 0, 0, 0, 1, 0, 0, 2, 0, 2, 1, 1, 0, 0, 0, 0, 0, 0, 2, 0, 0, 0, 0, 0, 0, 1, 0, 2, 1, 1, 0, 2, 0, 2, 0, 2, 1, 2, 0, 0, 0, 0, 2, 1, 0, 2, 0, 0, 0, 1, 2, 2, 0, 0, 1, 0, 2, 0, 0, 0, 0, 1, 2, 0, 1, 0, 2, 0, 0, 1, 0, 1, 0, 0, 0, 0, 2, 0, 1, 2, 1, 0, 0, 2, 0, 0, 0, 2, 2, 0, 2, 2, 0, 2, 0, 0, 1, 2, 1, 0, 1, 0, 0, 0, 0, 0, 0, 0, 0, 0, 0, 2, 2, 0, 0, 0, 0, 0, 0, 0, 0, 0, 2, 0, 0, 0, 0, 0, 0, 0, 0, 0, 0, 0, 0, 1, 1, 0, 0, 0, 0, 2, 2, 0, 1, 0, 0, 0, 1, 0, 1, 0, 0, 0, 0, 0, 0, 0, 0, 1, 0, 1, 0, 0, 0, 0, 1, 0, 1, 2, 0, 2, 0, 1, 0, 1, 0, 2, 1, 0, 0, 0, 1, 0, 1, 0, 0, 0, 2, 0, 1, 0, 0, 0, 2, 2, 0, 0, 0, 0, 1, 0, 0, 0, 2, 0, 0, 0, 0, 2, 0, 1, 2, 2, 0, 0, 0, 0, 0, 0, 0, 0, 0, 1, 0, 1, 0, 0, 2, 0, 2, 0, 2, 2, 0, 0, 0, 0, 0, 2, 0, 0, 0, 0, 0, 1, 0, 0, 2, 0, 1, 0, 2, 0, 2, 1, 2, 0, 1, 0, 0, 0, 1, 1, 2, 2, 0, 0, 0, 0, 0, 0, 2, 0, 0, 0, 1, 2, 2, 0, 0, 0, 0, 2, 0, 0, 1, 0, 0, 2, 0, 0, 0, 2, 1, 0, 2, 0, 0, 2, 0, 0, 0, 2, 2, 0, 1, 2, 1, 0, 2, 0, 0, 2, 0, 1, 0, 2, 2, 1, 2, 1, 0, 2, 1, 2, 0, 0, 2, 1, 0, 0, 2, 2, 2, 0, 0, 0, 2, 0, 1, 0, 0, 2, 2, 0, 2, 1, 0, 1, 2, 0, 2, 1, 1, 0, 2, 0, 2, 0, 0, 2, 0, 0, 0, 2, 2, 1, 0, 0, 1, 0, 2, 0, 0, 0, 0, 1, 0, 0, 0, 0, 2, 0, 0, 2, 1, 1, 1, 1, 0, 0, 0, 0, 0, 1, 2, 0, 2, 1, 0, 2, 2, 0, 0, 0, 0, 0, 0, 0, 1, 0, 0, 2, 0, 1, 0, 0, 0, 0, 2, 0, 0, 0, 2, 2, 0, 0, 0, 1, 1, 0, 1, 2, 0, 0, 2, 0, 0, 1, 0, 0, 0, 0, 1, 0, 0, 2, 2, 2, 0, 2, 0, 0, 2, 0, 2, 0, 0, 0, 0, 0, 0, 0, 2, 0, 0, 0, 0, 1, 0, 2, 0, 0, 0, 2, 0, 1, 2, 2, 0, 0, 0, 2, 1, 0, 2, 0, 1, 0, 0, 0, 2, 0, 0, 2, 0, 0, 0, 0, 0, 0, 0, 0, 2, 0, 0, 0, 2, 0, 0, 1, 0, 0, 0, 0, 0, 0, 0, 0, 0, 0, 2, 0, 0, 0, 2, 0, 0, 0, 1, 0, 0, 2, 2, 0, 0, 0, 0, 0, 1, 0, 2, 1, 0, 1, 0, 1, 0, 1, 1, 2, 1, 2, 0, 0, 0, 1, 2, 0, 0, 0, 2, 0, 0, 0, 0, 0, 2, 2, 0, 0, 0, 0, 1, 0, 0, 2, 0, 0, 2, 0, 1, 0, 1, 0, 1, 0, 0, 0, 0, 2, 0, 0, 0, 0, 0, 1, 0, 2, 0, 0, 0, 2, 2, 0, 0, 2, 0, 0, 0, 0, 0, 1, 0, 0, 0, 1, 1, 2, 0, 2, 0, 0, 2, 2, 0, 0, 2, 0, 0, 2, 0, 2, 1, 0, 2, 2, 2, 0, 1, 0, 0, 0, 0, 0, 2, 0, 0, 1, 0, 1, 0, 0, 0, 0, 0, 1, 2, 0, 0, 2, 0, 0, 0, 0, 0, 0, 0, 1, 2, 2, 2, 0, 1, 2, 0, 0, 0, 0, 1, 0, 0, 0, 0, 0, 0, 1, 0, 0, 0, 0, 1, 0, 0, 1, 2, 0, 0, 0, 1, 1, 0, 0, 2, 2, 0, 0, 0, 0, 0, 0, 0, 0, 2, 2, 2, 0, 2, 0, 0, 0, 0, 0, 0, 0, 1, 0, 1, 0, 2, 0, 0, 0, 2, 0, 1, 0, 2, 0, 2, 0, 0, 0, 0, 2, 0, 0, 0, 0, 1, 2, 0, 0, 0, 0, 0, 2, 1, 1, 0, 0, 2, 0, 0, 1, 0, 0, 0, 0, 0, 0, 0, 2, 0, 2, 0, 0, 0, 1, 0, 2, 0, 0, 0, 0, 0, 2, 0, 0, 0, 0, 2, 0, 2, 0, 0, 1, 0, 1, 0, 0, 0, 1, 0, 0, 2, 0, 0, 0, 1, 0, 2, 0, 0, 2, 0, 0, 0, 0, 2, 0, 1, 0, 0, 0, 2, 0, 2, 2, 2, 0, 2, 0, 1, 0, 0, 0, 1, 1, 2, 0, 1, 0, 0, 0, 1, 1, 0, 0, 0, 0, 0, 0, 0, 0, 2, 0, 0, 1, 0, 0, 1, 0, 0, 0, 0, 1, 0, 0, 0, 0, 2, 2, 2, 1, 1, 0, 0, 1, 2, 0, 0, 0, 0, 0, 0, 1, 0, 0, 0, 2, 0, 0, 0, 0, 0, 0, 0, 0, 0, 0, 1, 1, 0, 0, 0, 0, 0, 0, 2, 1, 2, 0, 1, 0, 0, 1, 0, 2, 0, 2, 2, 0, 0, 0, 0, 1, 0, 0, 0, 0, 0, 0, 0, 0, 2, 0, 0, 1, 0, 2, 1, 0, 0, 0, 2, 0, 1, 2, 2, 2, 0, 1, 0, 0, 1, 0, 2, 0, 0, 0, 0, 0, 0, 0, 1, 0, 1, 0, 0, 0, 1, 0, 0, 0, 0, 0, 0, 0, 0, 0, 0, 0, 1, 2, 1, 2, 1, 1, 0, 1, 1, 1, 2, 2, 0, 1, 2, 0, 0, 1, 1, 0, 0, 0, 2, 0, 2, 2, 0, 0, 0, 0, 2, 0, 0, 0, 0, 1, 0, 0, 2, 0, 0, 2, 0, 1, 0, 0, 0, 2, 2, 1, 0, 2, 0, 0, 2, 2, 0, 0, 0, 2, 1, 0, 0, 2, 0, 0, 0, 0, 0, 0, 2, 0, 0, 0, 2, 0, 1, 2, 0, 0, 0, 2, 0, 0, 0, 2, 2, 0, 1, 1, 0, 0, 0, 0, 0, 1, 0, 0, 0, 0, 1, 0, 0, 1, 0, 0, 0, 0, 0, 0, 0, 1, 0, 0, 0, 2, 2, 0, 2, 0, 1, 0, 2, 0, 0, 0, 0, 0, 0, 0, 2, 2, 0, 2, 0, 1, 1, 0, 2, 0, 0, 0, 2, 0, 0, 0, 0, 0, 1, 0, 2, 0, 1, 1, 0, 0, 0, 0, 0, 2, 1, 0, 0, 1, 1, 0, 0, 2, 0, 2, 2, 2, 0, 1, 0, 0, 0, 2, 0, 0, 2, 2, 2, 2, 0, 2, 0, 0, 2, 0, 0, 1, 2, 1, 0, 0, 2, 2, 2, 0, 0, 0, 0, 2, 0, 2, 2, 0, 1, 0, 0, 2, 2, 2, 0, 0, 0, 2, 1, 0, 1, 0, 0, 0, 0, 0, 1, 1, 0, 0, 0, 0, 0, 0, 0, 2, 0, 0, 1, 1, 0, 0, 0, 0, 2, 0, 2, 1, 0, 2, 0, 0, 1, 0, 0, 1, 0, 0, 1, 2, 0, 0, 0, 2, 0, 0, 2, 1, 0, 0, 2, 1, 2, 2, 2, 0, 0, 2, 0, 0, 2, 0, 0, 0, 0, 0, 0, 0, 1, 1, 2, 0, 0, 0, 0, 0, 1, 0, 0, 0, 2, 0, 0, 1, 0, 0, 0, 1, 0, 2, 0, 0, 2, 0, 2, 2, 1, 0, 0, 2, 0, 0, 0, 0, 2, 0, 0, 0, 0, 1, 0, 0, 2, 0, 2, 0, 0, 0, 0, 2, 2, 0, 1, 0, 0, 0, 0, 0, 0, 0, 2, 2, 0, 0, 1, 2, 0, 0, 1, 0, 0, 0, 0, 0, 2, 0, 0, 0, 0, 1, 1, 2, 0, 0, 0, 2, 0, 0, 0, 0, 0, 2, 0, 0, 1, 0, 0, 0, 2, 0, 0, 0, 0, 0, 0, 0, 0, 2, 0, 2, 0, 1, 0, 0, 0, 1, 0, 2, 2, 2, 0, 2, 2, 2, 0, 0, 1, 2, 0, 0, 1, 0, 0, 0, 0, 0, 2, 0, 0, 0, 1, 2, 0, 0, 0, 2, 0, 2, 0, 0, 0, 0, 0, 0, 2, 2, 1, 0, 0, 1, 0, 1, 0, 0, 0, 0, 2, 1, 0, 1, 1, 0, 0, 0, 2, 0, 1, 1, 2, 2, 0, 0, 0, 2, 1, 1, 0, 0, 0, 2, 0, 1, 1, 0, 0, 1, 1, 2, 0, 0, 0, 0, 2, 1, 1, 0, 0, 0, 2, 1, 2, 0, 0, 0, 1, 1, 0, 2, 0, 0, 0, 1, 0, 0, 0, 0, 0, 1, 2, 1, 0, 0, 0, 1, 0, 0, 0, 2, 0, 2, 0, 2, 0, 1, 0, 0, 1, 0, 0, 1, 1, 1, 2, 2, 0, 0, 1, 1, 0, 1, 0, 0, 0, 0, 0, 0, 0, 1, 2, 0, 0, 0, 0, 0, 0, 2, 0, 0, 0, 0, 2, 1, 0, 0, 0, 0, 0, 0, 2, 0, 0, 0, 0, 0, 0, 0, 1, 0, 1, 0, 0, 0, 0, 0, 2, 0, 0, 2, 1, 0, 0, 0, 0, 0, 0, 0, 0, 0, 0, 0, 0, 0, 0, 0, 0, 0, 1, 0, 0, 0, 1, 0, 2, 2, 0, 0, 2, 1, 0, 0, 2, 1, 0, 2, 0, 0, 2, 0, 0, 0, 0, 0, 0, 0, 2, 0, 2, 0, 0, 0, 0, 0, 0, 1, 0, 2, 2, 0, 1, 1, 0, 0, 0, 0, 1, 2, 1, 0, 1, 2, 0, 0, 0, 0, 0, 0, 0, 0, 0, 0, 0, 0, 0, 0, 0, 0, 0, 2, 2, 0, 2, 0, 0, 0, 0, 2, 0, 0, 0, 2, 0, 0, 0, 0, 0, 0, 1, 1, 0, 0, 2, 1, 0, 0, 1, 0, 0, 2, 2, 0, 0, 0, 1, 2, 1, 1, 0, 1, 0, 0, 0, 1, 0, 2, 0, 0, 2, 2, 0, 1, 2, 2, 2, 0, 1, 0, 1, 0, 1, 0, 0, 1, 0, 1, 2, 2, 0, 0, 0, 1, 2, 0, 1, 1, 0, 0, 0, 0, 0, 0, 0, 0, 2, 0, 0, 0, 0, 1, 2, 1, 1, 2, 1, 0, 0, 2, 1, 0, 0, 2, 0, 1, 0, 0, 0, 1, 0, 0, 1, 2, 1, 0, 2, 0, 0, 0, 0, 0, 0, 0, 0, 0, 0, 0, 0, 1, 1, 0, 0, 0, 1, 1, 0, 0, 0, 0, 0, 0, 0, 0, 2, 1, 0, 2, 0, 0, 0, 0, 0, 1, 0, 0, 0, 1, 0, 0, 0, 0, 0, 0, 0, 0, 0, 0, 2, 2, 1, 0, 2, 1, 2, 0, 1, 1, 0, 2, 0, 1, 0, 1, 0, 2, 1, 0, 0, 0, 0, 0, 2, 0, 0, 2, 0, 1, 0, 0, 1, 2, 2, 0, 1, 0, 0, 0, 2, 0, 2, 2, 2, 0, 2, 0, 0, 1, 0, 0, 2, 0, 0, 0, 0, 0, 0, 0, 2, 1, 0, 0, 2, 2, 0, 0, 2, 1, 0, 0, 2, 1, 2, 1, 0, 0, 0, 0, 0, 1, 0, 2, 0, 2, 1, 2, 0, 0, 1, 0, 0, 0, 0, 0, 0, 2, 0, 1, 0, 0, 0, 0, 0, 0, 0, 1, 2, 0, 0, 2, 0, 0, 0, 2, 0, 0, 0, 0, 2, 0, 2, 0, 0, 2, 0, 1, 1, 1, 0, 0, 0, 0, 2, 0, 2, 2, 2, 2, 0, 0, 0, 2, 0, 2, 1, 0, 2, 2, 0, 2, 1, 2, 0, 0, 0, 0, 0, 1, 0, 1, 2, 2, 0, 0, 2, 0, 0, 1, 0, 2, 0, 0, 0, 0, 2, 0, 0, 0, 2, 0, 2, 2, 0, 2, 0, 0, 0, 0, 0, 0, 2, 0, 0, 0, 0, 1, 0, 1, 0, 0, 0, 0, 1, 0, 0, 0, 2, 0, 0, 0, 0, 2, 0, 0, 0, 0, 2, 0, 2, 1, 1, 0, 2, 2, 2, 0, 2, 2, 2, 2, 2, 0, 0, 0, 2, 0, 0, 0, 0, 0, 0, 2, 0, 0, 2, 0, 2, 0, 0, 0, 0, 0, 0, 0, 0, 0, 0, 2, 0, 1, 0, 1, 0, 0, 1, 2, 2, 0, 0, 1, 0, 1, 2, 2, 0, 0, 1, 0, 2, 0, 2, 0, 0, 0, 0, 0, 0, 2, 0, 2, 0, 0, 0, 1, 2, 0, 0, 1, 0, 0, 0, 0, 2, 1, 2, 1, 0, 0, 0, 1, 0, 1, 0, 1, 0, 0, 0, 2, 0, 0, 0, 0, 0, 0, 1, 0, 0, 0, 0, 0, 0, 2, 0, 0, 0, 0, 2, 0, 0, 2, 1, 1, 0, 1, 0, 1, 2, 1, 0, 0, 0, 0, 1, 0, 2, 2, 2, 0, 0, 0, 0, 0, 0, 1, 1, 0, 0, 0, 0, 0, 1, 0, 0, 2, 0, 0, 2, 1, 2, 2, 0, 0, 1, 0, 1, 2, 1, 0, 1, 2, 2, 2, 0, 2, 0, 2, 1, 2, 0, 0, 1, 1, 0, 0, 0, 0, 1, 2, 0, 2, 0, 0, 0, 2, 1, 0, 1, 0, 0, 0, 0, 1, 0, 1, 2, 0, 0, 1, 1, 0, 0, 0, 1, 0, 0, 1, 0, 0, 0, 2, 2, 0, 0, 0, 1, 2, 0, 0, 2, 0, 0, 0, 0, 0, 0, 0, 2, 1, 1, 0, 0, 0, 2, 1, 0, 2, 0, 0, 1, 2, 0, 0, 0, 0, 0, 0, 0, 0, 0, 0, 2, 2, 0, 0, 0, 0, 0, 0, 0, 2, 0, 2, 2, 0, 0, 0, 0, 0, 0, 1, 0, 2, 0, 2, 0, 0, 0, 2, 0, 2, 0, 0, 0, 0, 0, 2, 2, 0, 0, 1, 0, 0, 2, 0, 0, 2, 0, 2, 1, 1, 2, 0, 2, 1, 1, 2, 0, 0, 0, 0, 0, 1, 0, 1, 0, 0, 2, 0, 0, 0, 0, 0, 2, 2, 0, 0, 0, 2, 0, 0, 0, 0, 0, 1, 0, 1, 1, 0, 1, 1, 2, 0, 0, 0, 0, 0, 2, 0, 0, 0, 0, 1, 2, 2, 2, 2, 1, 0, 1, 0, 0, 0, 0, 1, 0, 0, 1, 0, 1, 1, 2, 0, 0, 2, 0, 2, 2, 0, 2, 1, 1, 0, 0, 0, 0, 1, 0, 0, 0, 2, 2, 0, 0, 1, 0, 1, 0, 0, 1, 2, 0, 0, 0, 0, 0, 0, 2, 0, 0, 0, 0, 1, 0, 0, 0, 1, 0, 0, 0, 0, 1, 2, 0, 2, 0, 0, 2, 1, 0, 0, 0, 1, 0, 2, 1, 0, 0, 0, 0, 2, 0, 0, 0, 0, 1, 0, 0, 0, 2, 2, 0, 0, 0, 0, 0, 0]
kfold targets 0: [1, 2, 0, 0, 2, 0, 1, 1, 1, 0, 0, 0, 0, 2, 0, 1, 2, 1, 1, 2, 1, 0, 2, 2, 1, 0, 2, 0, 0, 0, 0, 2, 2, 0, 0, 0, 0, 1, 1, 0, 2, 0, 1, 2, 0, 1, 1, 1, 0, 0, 2, 1, 0, 0, 2, 0, 0, 1, 0, 0, 1, 1, 2, 0, 0, 0, 1, 0, 0, 0, 0, 1, 1, 0, 0, 0, 2, 1, 1, 0, 0, 0, 2, 0, 0, 0, 1, 0, 0, 0, 1, 1, 2, 1, 0, 0, 0, 0, 0, 1, 0, 0, 0, 1, 1, 0, 0, 2, 2, 0, 0, 0, 2, 0, 2, 2, 2, 0, 2, 2, 0, 0, 0, 0, 1, 0, 1, 0, 0, 2, 2, 2, 1, 2, 2, 0, 0, 1, 0, 0, 1, 0, 1, 2, 0, 2, 2, 1, 0, 2, 1, 2, 0, 0, 1, 0, 1, 0, 1, 1, 2, 0, 2, 0, 1, 0, 0, 1, 0, 1, 2, 0, 0, 0, 2, 1, 0, 2, 2, 0, 1, 1, 0, 1, 0, 1, 2, 0, 2, 0, 2, 1, 0, 0, 2, 2, 2, 0, 0, 1, 0, 2, 2, 2, 0, 2, 2, 2, 0, 0, 2, 0, 0, 0, 0, 2, 0, 2, 0, 2, 1, 2, 0, 2, 2, 2, 0, 0, 1, 0, 0, 2, 0, 0, 2, 1, 0, 2, 1, 0, 0, 1, 2, 2, 0, 0, 1, 0, 1, 0, 0, 0, 0, 2, 1, 2, 1, 0, 2, 0, 0, 1, 0, 2, 0, 1, 0, 0, 2, 0, 2, 2, 1, 0, 0, 1, 0, 0, 0, 2, 1, 0, 1, 2, 0, 2, 0, 1, 1, 0, 1, 2, 1, 0, 0, 0, 0, 0, 2, 2, 0, 2, 0, 2, 2, 0, 0, 0, 0, 0, 0, 1, 0, 0, 2, 0, 0, 2, 0, 0, 0, 0, 0, 0, 0, 0, 0, 1, 1, 0, 1, 0, 0, 2, 1, 0, 2, 2, 0, 0, 1, 0, 1, 1, 0, 2, 0, 2, 0, 0, 0, 1, 0, 1, 0, 0, 0, 1, 2, 1, 1, 2, 0, 1, 0, 2, 0, 1, 0, 2, 1, 2, 0, 2, 2, 0, 1, 0, 0, 0, 2, 0, 2, 0, 0, 0, 1, 2, 1, 0, 0, 0, 1, 2, 0, 0, 0, 0, 0, 0, 1, 1, 0, 1, 2, 2, 0, 0, 2, 0, 1, 0, 0, 0, 1, 1, 0, 1, 0, 2, 2, 0, 2, 0, 1, 2, 2, 1, 0, 2, 0, 2, 1, 0, 2, 0, 0, 2, 0, 0, 2, 0, 1, 0, 1, 0, 2, 1, 1, 0, 1, 2, 0, 1, 1, 2, 2, 2, 2, 0, 0, 0, 0, 2, 0, 0, 0, 2, 1, 1, 1, 2, 0, 0, 0, 1, 0, 0, 1, 0, 0, 1, 0, 1, 0, 1, 1, 0, 2, 0, 0, 1, 0, 0, 0, 2, 2, 0, 1, 2, 2, 0, 2, 0, 0, 2, 2, 1, 1, 2, 2, 1, 2, 1, 0, 1, 2, 2, 0, 2, 2, 1, 2, 0, 2, 2, 2, 0, 0, 2, 2, 0, 1, 0, 0, 2, 1, 2, 1, 2, 0, 1, 1, 1, 1, 1, 1, 0, 1, 2, 1, 0, 1, 2, 2, 0, 0, 2, 2, 1, 0, 2, 1, 0, 2, 1, 0, 0, 2, 1, 0, 0, 0, 0, 2, 2, 2, 2, 1, 1, 1, 1, 0, 0, 2, 0, 0, 1, 2, 1, 1, 1, 0, 2, 2, 0, 0, 0, 0, 0, 0, 0, 1, 1, 0, 1, 0, 1, 1, 0, 2, 0, 2, 0, 0, 2, 2, 2, 0, 0, 0, 1, 2, 0, 2, 0, 1, 0, 2, 0, 0, 1, 1, 2, 0, 1, 1, 0, 0, 2, 1, 2, 0, 2, 2, 2, 1, 0, 2, 2, 0, 0, 0, 1, 2, 0, 2, 0, 0, 0, 2, 1, 0, 2, 0, 1, 0, 0, 0, 2, 2, 1, 0, 0, 0, 2, 1, 0, 2, 2, 1, 2, 1, 0, 2, 0, 0, 2, 0, 0, 0, 0, 0, 2, 0, 0, 2, 2, 2, 0, 2, 0, 0, 1, 1, 0, 2, 0, 0, 0, 0, 0, 0, 0, 2, 0, 0, 2, 1, 0, 0, 0, 2, 1, 0, 2, 2, 0, 1, 0, 0, 0, 1, 0, 1, 1, 2, 1, 0, 2, 2, 1, 1, 1, 1, 1, 0, 2, 0, 1, 2, 2, 0, 1, 0, 2, 0, 0, 0, 0, 2, 2, 0, 0, 0, 2, 1, 2, 0, 0, 0, 0, 2, 1, 1, 0, 1, 2, 1, 0, 0, 1, 0, 1, 0, 2, 0, 0, 0, 1, 0, 2, 0, 2, 0, 2, 1, 2, 0, 2, 2, 0, 0, 1, 2, 1, 0, 0, 2, 1, 1, 2, 2, 2, 0, 2, 1, 2, 0, 0, 2, 2, 0, 1, 0, 2, 1, 0, 2, 1, 1, 1, 1, 0, 1, 2, 0, 0, 1, 0, 0, 1, 2, 1, 0, 0, 0, 1, 0, 2, 2, 2, 2, 2, 0, 0, 0, 0, 2, 0, 0, 1, 1, 2, 1, 2, 1, 2, 0, 2, 0, 0, 1, 0, 2, 0, 0, 0, 0, 2, 0, 0, 0, 0, 1, 0, 0, 2, 1, 0, 0, 0, 1, 1, 2, 0, 2, 1, 0, 0, 0, 0, 0, 2, 1, 2, 2, 0, 2, 0, 2, 1, 0, 2, 0, 0, 2, 0, 1, 0, 2, 0, 2, 0, 0, 0, 2, 2, 1, 0, 2, 0, 2, 1, 0, 0, 0, 2, 0, 0, 0, 0, 2, 2, 0, 0, 0, 0, 0, 2, 2, 1, 0, 0, 2, 0, 0, 1, 0, 0, 0, 0, 0, 0, 0, 2, 0, 2, 0, 1, 0, 1, 1, 2, 2, 2, 0, 0, 0, 1, 0, 0, 1, 0, 2, 0, 0, 0, 0, 2, 0, 1, 2, 0, 0, 2, 0, 2, 2, 0, 0, 1, 1, 0, 2, 0, 1, 2, 2, 0, 0, 0, 1, 0, 1, 2, 0, 2, 1, 2, 2, 2, 2, 0, 2, 2, 2, 0, 0, 0, 1, 1, 2, 0, 2, 0, 0, 0, 2, 1, 0, 0, 2, 0, 1, 0, 0, 0, 2, 0, 0, 1, 0, 0, 1, 0, 0, 0, 0, 2, 0, 0, 1, 0, 1, 0, 2, 1, 2, 0, 0, 1, 2, 0, 1, 0, 1, 2, 0, 0, 0, 2, 0, 1, 0, 0, 0, 2, 0, 0, 2, 0, 0, 0, 1, 1, 0, 0, 1, 0, 0, 0, 0, 1, 2, 2, 1, 0, 0, 1, 0, 2, 0, 1, 1, 0, 0, 0, 2, 1, 2, 1, 2, 0, 0, 1, 0, 0, 2, 1, 0, 1, 1, 1, 1, 0, 0, 0, 1, 0, 1, 2, 2, 1, 0, 1, 2, 0, 2, 2, 2, 0, 0, 0, 2, 2, 2, 0, 1, 0, 1, 0, 0, 0, 1, 0, 0, 0, 0, 1, 2, 0, 0, 0, 2, 0, 2, 1, 2, 2, 1, 1, 0, 1, 1, 2, 0, 2, 0, 1, 2, 0, 0, 1, 1, 0, 0, 0, 1, 0, 2, 2, 0, 2, 1, 1, 2, 0, 0, 0, 0, 1, 0, 2, 2, 0, 1, 2, 0, 1, 0, 2, 1, 1, 1, 2, 0, 2, 0, 0, 2, 1, 2, 2, 0, 2, 1, 0, 2, 2, 0, 0, 1, 0, 0, 0, 2, 2, 0, 2, 2, 0, 1, 1, 0, 0, 0, 1, 0, 0, 2, 2, 2, 1, 1, 1, 0, 2, 0, 2, 2, 1, 0, 0, 2, 0, 1, 0, 0, 1, 1, 0, 0, 0, 0, 0, 1, 1, 0, 2, 0, 1, 2, 0, 2, 2, 2, 0, 1, 0, 2, 2, 0, 0, 0, 2, 2, 2, 2, 2, 0, 1, 1, 2, 2, 0, 0, 1, 1, 0, 0, 0, 2, 0, 2, 0, 1, 0, 1, 2, 0, 2, 0, 1, 0, 1, 1, 0, 0, 1, 1, 2, 0, 2, 0, 1, 1, 2, 2, 2, 2, 0, 2, 2, 0, 0, 0, 2, 2, 2, 0, 2, 0, 0, 2, 0, 0, 1, 2, 1, 0, 2, 1, 2, 1, 0, 0, 0, 0, 2, 0, 1, 2, 0, 1, 1, 0, 1, 1, 2, 0, 0, 1, 2, 1, 0, 1, 0, 1, 2, 2, 0, 1, 1, 0, 2, 0, 0, 0, 0, 0, 2, 0, 0, 2, 1, 0, 1, 0, 0, 2, 0, 2, 1, 0, 2, 0, 0, 1, 0, 0, 1, 2, 0, 1, 2, 0, 0, 0, 2, 0, 0, 1, 1, 0, 2, 1, 2, 2, 1, 2, 0, 0, 2, 0, 0, 1, 0, 1, 0, 0, 0, 0, 0, 2, 1, 2, 0, 2, 0, 0, 1, 1, 0, 0, 0, 2, 2, 0, 2, 0, 2, 0, 1, 0, 2, 0, 0, 2, 0, 1, 1, 1, 0, 0, 1, 0, 0, 0, 0, 2, 0, 2, 2, 0, 1, 0, 0, 2, 0, 2, 1, 0, 0, 0, 2, 2, 2, 1, 0, 0, 2, 0, 2, 0, 0, 2, 2, 1, 0, 1, 2, 2, 0, 2, 0, 0, 0, 0, 0, 2, 2, 0, 0, 0, 2, 1, 1, 1, 2, 0, 1, 2, 0, 0, 2, 1, 2, 0, 0, 2, 0, 0, 0, 2, 2, 0, 0, 0, 0, 2, 0, 2, 1, 0, 1, 2, 1, 0, 0, 0, 1, 0, 2, 2, 2, 0, 0, 2, 2, 0, 0, 1, 1, 1, 1, 1, 0, 0, 0, 0, 0, 2, 0, 0, 1, 1, 2, 0, 0, 0, 2, 0, 2, 0, 0, 0, 2, 0, 0, 1, 2, 1, 2, 0, 1, 1, 1, 0, 0, 0, 0, 1, 2, 2, 1, 1, 0, 0, 0, 2, 0, 1, 1, 2, 2, 1, 0, 1, 1, 2, 1, 0, 2, 0, 2, 0, 1, 1, 0, 0, 1, 1, 2, 0, 0, 0, 1, 1, 1, 1, 0, 1, 0, 2, 1, 2, 0, 0, 0, 1, 1, 0, 2, 0, 0, 2, 2, 0, 0, 0, 0, 2, 1, 2, 1, 2, 0, 0, 1, 0, 1, 0, 2, 0, 2, 0, 1, 0, 1, 0, 2, 2, 0, 0, 1, 1, 1, 1, 2, 0, 0, 1, 2, 0, 1, 2, 0, 0, 0, 2, 0, 0, 1, 1, 0, 0, 0, 0, 0, 0, 1, 1, 2, 0, 0, 1, 2, 1, 0, 0, 0, 0, 2, 1, 0, 0, 2, 0, 1, 0, 0, 1, 0, 1, 0, 0, 0, 0, 0, 1, 0, 0, 2, 1, 1, 0, 0, 0, 0, 2, 2, 0, 0, 0, 0, 0, 0, 0, 0, 0, 0, 1, 1, 0, 0, 1, 0, 2, 0, 0, 0, 1, 1, 0, 0, 1, 1, 0, 1, 0, 2, 2, 0, 2, 0, 0, 0, 2, 0, 2, 0, 1, 0, 0, 0, 2, 0, 1, 1, 0, 2, 2, 2, 1, 1, 0, 0, 2, 1, 1, 1, 1, 0, 1, 1, 0, 2, 0, 0, 0, 0, 0, 0, 0, 0, 2, 0, 2, 0, 1, 0, 0, 2, 1, 2, 2, 0, 1, 2, 0, 2, 0, 2, 0, 2, 1, 1, 0, 0, 2, 2, 1, 1, 0, 0, 0, 2, 2, 0, 1, 2, 0, 2, 2, 0, 0, 2, 1, 1, 1, 1, 0, 2, 2, 0, 0, 2, 1, 2, 1, 0, 2, 1, 2, 1, 2, 1, 2, 0, 1, 1, 1, 0, 1, 0, 1, 2, 2, 2, 1, 2, 2, 0, 0, 1, 2, 0, 1, 1, 0, 0, 1, 2, 0, 0, 0, 1, 1, 0, 0, 0, 2, 1, 2, 1, 2, 1, 2, 0, 2, 2, 2, 0, 0, 2, 0, 1, 0, 0, 0, 1, 0, 0, 1, 0, 1, 0, 1, 1, 0, 0, 1, 0, 0, 1, 0, 2, 0, 0, 0, 1, 2, 0, 0, 2, 1, 1, 0, 0, 2, 0, 0, 0, 0, 0, 1, 2, 0, 1, 0, 0, 0, 0, 0, 1, 0, 1, 0, 2, 1, 2, 0, 0, 0, 0, 2, 0, 0, 0, 1, 0, 1, 2, 2, 1, 2, 1, 1, 1, 0, 1, 1, 1, 0, 1, 0, 2, 2, 2, 2, 0, 0, 2, 2, 0, 0, 2, 0, 1, 2, 0, 0, 1, 1, 0, 1, 2, 0, 0, 2, 0, 2, 1, 2, 0, 2, 0, 0, 1, 0, 0, 2, 0, 0, 0, 0, 0, 0, 0, 1, 1, 0, 0, 1, 2, 0, 1, 0, 2, 0, 1, 2, 2, 0, 1, 0, 0, 0, 1, 1, 1, 0, 2, 0, 2, 1, 2, 0, 0, 1, 2, 0, 0, 0, 2, 0, 2, 0, 1, 0, 0, 0, 0, 0, 2, 1, 1, 0, 0, 2, 2, 0, 0, 0, 2, 0, 2, 0, 1, 2, 0, 1, 0, 0, 1, 1, 1, 1, 1, 0, 0, 0, 2, 1, 0, 1, 1, 2, 1, 0, 0, 0, 1, 0, 0, 1, 0, 0, 0, 2, 2, 1, 0, 2, 1, 0, 2, 2, 1, 1, 1, 2, 1, 2, 0, 1, 0, 0, 1, 0, 2, 0, 2, 0, 0, 2, 0, 0, 2, 1, 0, 2, 1, 2, 0, 0, 0, 0, 0, 0, 0, 2, 0, 2, 0, 0, 1, 0, 1, 0, 0, 0, 0, 1, 0, 0, 2, 1, 0, 0, 0, 2, 2, 0, 0, 0, 2, 2, 0, 2, 2, 1, 0, 2, 0, 2, 1, 2, 2, 1, 0, 2, 0, 0, 0, 1, 0, 0, 0, 2, 2, 2, 1, 0, 0, 2, 1, 2, 0, 0, 0, 0, 0, 0, 0, 0, 0, 0, 2, 0, 2, 0, 1, 0, 0, 2, 1, 2, 0, 0, 1, 1, 2, 1, 1, 0, 0, 1, 0, 2, 0, 2, 2, 0, 1, 0, 0, 2, 2, 0, 2, 1, 0, 0, 1, 2, 0, 0, 2, 0, 0, 0, 0, 2, 1, 2, 1, 1, 0, 2, 1, 0, 1, 1, 1, 0, 0, 2, 2, 1, 0, 1, 0, 0, 0, 1, 1, 0, 0, 0, 2, 0, 2, 0, 0, 2, 0, 1, 2, 0, 1, 1, 2, 1, 1, 0, 1, 1, 1, 0, 0, 1, 0, 1, 0, 2, 2, 2, 0, 0, 1, 0, 2, 2, 1, 1, 2, 0, 2, 0, 0, 1, 2, 0, 2, 2, 0, 2, 1, 2, 1, 2, 2, 1, 0, 2, 2, 1, 0, 1, 1, 1, 2, 1, 2, 0, 2, 1, 2, 2, 0, 1, 1, 0, 0, 2, 0, 1, 1, 0, 2, 0, 2, 0, 2, 1, 2, 1, 0, 0, 0, 0, 1, 0, 1, 2, 0, 0, 2, 1, 0, 0, 0, 1, 0, 0, 1, 1, 0, 0, 1, 2, 2, 0, 0, 1, 1, 0, 0, 2, 0, 0, 0, 0, 0, 0, 0, 2, 1, 2, 2, 0, 0, 2, 1, 0, 1, 0, 2, 1, 1, 2, 0, 0, 0, 0, 0, 0, 0, 0, 1, 2, 2, 1, 1, 0, 0, 2, 0, 2, 2, 0, 2, 1, 0, 2, 2, 1, 0, 2, 1, 1, 2, 0, 1, 0, 2, 0, 2, 0, 1, 1, 2, 0, 0, 1, 2, 2, 0, 2, 1, 0, 2, 1, 0, 0, 2, 0, 2, 1, 1, 2, 0, 2, 1, 1, 2, 0, 0, 0, 0, 0, 1, 0, 1, 2, 0, 2, 0, 0, 2, 0, 2, 2, 2, 0, 1, 0, 1, 2, 0, 0, 0, 0, 1, 0, 1, 1, 0, 1, 1, 2, 0, 0, 0, 0, 0, 2, 2, 0, 1, 0, 2, 2, 2, 1, 2, 1, 0, 1, 2, 2, 0, 0, 2, 2, 0, 2, 0, 1, 1, 2, 0, 1, 2, 0, 2, 1, 1, 1, 1, 1, 0, 0, 0, 2, 1, 0, 0, 0, 2, 1, 0, 0, 1, 2, 1, 0, 0, 2, 2, 0, 0, 0, 0, 0, 0, 1, 0, 0, 0, 2, 1, 0, 0, 1, 1, 0, 0, 2, 0, 1, 2, 0, 0, 2, 2, 2, 1, 1, 0, 0, 1, 0, 2, 1, 0, 0, 1, 0, 2, 0, 0, 2, 0, 2, 0, 0, 0, 2, 1, 1, 2, 0, 0, 0, 0]
0.7229580573951435
array([[1266,    2,   32],
       [ 160,  346,  173],
       [ 298,   88,  353]])
kfold preds 1: [2, 1, 0, 0, 1, 1, 1, 0, 2, 2, 2, 1, 2, 1, 0, 2, 2, 2, 0, 0, 0, 0, 2, 2, 1, 2, 0, 2, 2, 2, 0, 2, 0, 0, 2, 0, 2, 0, 0, 0, 2, 0, 1, 2, 0, 0, 2, 2, 1, 0, 2, 0, 0, 0, 1, 0, 1, 0, 2, 0, 1, 0, 2, 2, 0, 0, 2, 2, 2, 0, 0, 1, 1, 1, 2, 0, 0, 2, 1, 0, 2, 2, 1, 0, 2, 2, 1, 0, 2, 1, 1, 2, 2, 2, 0, 0, 0, 2, 0, 0, 0, 0, 2, 0, 1, 0, 1, 0, 0, 0, 2, 2, 2, 0, 0, 1, 2, 0, 1, 0, 1, 2, 0, 2, 2, 0, 0, 0, 0, 2, 2, 2, 1, 0, 1, 0, 0, 2, 0, 0, 0, 2, 1, 2, 2, 2, 2, 1, 0, 2, 1, 2, 0, 2, 0, 2, 0, 2, 0, 2, 0, 0, 2, 2, 2, 0, 0, 2, 0, 0, 2, 0, 0, 0, 1, 0, 0, 2, 2, 0, 1, 2, 2, 2, 2, 1, 2, 0, 2, 0, 2, 1, 2, 2, 1, 2, 2, 2, 0, 1, 2, 1, 2, 1, 1, 2, 2, 1, 0, 0, 1, 2, 2, 2, 0, 0, 2, 2, 1, 1, 0, 0, 0, 2, 2, 2, 2, 2, 0, 1, 2, 2, 2, 2, 1, 2, 0, 0, 1, 2, 2, 2, 2, 2, 0, 0, 0, 2, 2, 2, 2, 2, 2, 0, 2, 2, 0, 1, 2, 0, 2, 0, 1, 1, 0, 0, 0, 2, 2, 0, 1, 1, 1, 0, 0, 1, 0, 2, 0, 0, 2, 1, 0, 1, 1, 2, 0, 1, 2, 2, 1, 0, 2, 0, 1, 0, 1, 2, 0, 2, 0, 2, 0, 1, 1, 0, 0, 1, 0, 0, 2, 0, 2, 0, 2, 2, 2, 2, 2, 2, 1, 0, 2, 2, 0, 2, 0, 0, 2, 1, 0, 2, 0, 2, 0, 0, 2, 2, 2, 2, 2, 0, 1, 2, 0, 0, 0, 2, 1, 2, 0, 0, 2, 2, 2, 0, 1, 2, 2, 1, 0, 1, 0, 2, 1, 2, 2, 2, 2, 2, 0, 2, 2, 2, 2, 1, 2, 1, 2, 0, 0, 0, 2, 2, 1, 0, 0, 2, 2, 2, 1, 2, 0, 2, 0, 0, 2, 0, 1, 2, 2, 0, 1, 0, 2, 2, 0, 0, 0, 2, 2, 0, 1, 2, 2, 0, 2, 1, 2, 0, 1, 0, 2, 0, 0, 2, 2, 2, 0, 1, 0, 2, 0, 0, 1, 0, 1, 0, 0, 0, 2, 0, 1, 1, 0, 2, 2, 1, 1, 1, 2, 2, 1, 0, 1, 1, 2, 1, 2, 0, 1, 0, 0, 0, 2, 0, 2, 2, 1, 0, 1, 0, 0, 1, 2, 0, 1, 0, 1, 2, 1, 0, 0, 1, 1, 0, 1, 0, 0, 1, 2, 1, 1, 1, 0, 2, 0, 0, 0, 0, 2, 2, 1, 2, 0, 1, 2, 2, 1, 2, 2, 0, 2, 0, 1, 2, 0, 0, 0, 0, 2, 0, 2, 0, 2, 0, 2, 1, 2, 0, 2, 0, 0, 0, 2, 2, 1, 2, 1, 2, 1, 2, 2, 1, 2, 0, 1, 1, 1, 2, 0, 1, 2, 1, 1, 0, 0, 2, 2, 1, 1, 1, 0, 0, 2, 0, 0, 2, 0, 0, 0, 1, 1, 0, 2, 0, 2, 2, 2, 1, 0, 2, 0, 2, 2, 1, 0, 2, 2, 0, 0, 1, 2, 2, 2, 2, 1, 0, 1, 0, 2, 2, 2, 2, 2, 0, 0, 2, 0, 0, 2, 2, 2, 2, 2, 2, 0, 1, 0, 2, 0, 0, 1, 2, 2, 0, 1, 2, 0, 1, 2, 2, 2, 1, 2, 1, 2, 2, 1, 0, 2, 2, 0, 1, 2, 0, 2, 1, 1, 2, 2, 2, 0, 0, 2, 1, 2, 1, 0, 0, 1, 2, 1, 1, 0, 1, 0, 2, 0, 2, 2, 2, 2, 0, 0, 2, 1, 2, 0, 2, 2, 1, 2, 0, 1, 2, 0, 2, 0, 0, 0, 2, 2, 2, 1, 2, 1, 1, 2, 2, 1, 0, 1, 1, 1, 2, 0, 0, 0, 0, 0, 1, 1, 1, 2, 2, 0, 2, 0, 1, 0, 0, 2, 2, 1, 2, 2, 2, 0, 1, 0, 2, 0, 2, 0, 0, 2, 0, 2, 2, 2, 0, 0, 2, 0, 1, 2, 1, 1, 2, 0, 2, 0, 0, 2, 2, 0, 0, 0, 2, 1, 2, 2, 0, 0, 0, 1, 2, 0, 2, 2, 2, 2, 0, 0, 2, 1, 2, 2, 1, 1, 1, 2, 2, 2, 1, 0, 0, 2, 2, 0, 2, 2, 1, 0, 2, 1, 0, 0, 1, 1, 0, 0, 1, 0, 1, 1, 1, 0, 2, 0, 0, 1, 1, 0, 0, 2, 2, 0, 0, 0, 2, 0, 2, 0, 2, 2, 2, 1, 2, 0, 1, 0, 0, 2, 0, 2, 2, 1, 2, 1, 1, 2, 1, 2, 2, 1, 2, 1, 2, 2, 2, 2, 2, 0, 1, 0, 2, 2, 0, 0, 2, 0, 1, 2, 1, 2, 2, 0, 2, 1, 0, 0, 1, 1, 0, 2, 2, 0, 0, 0, 2, 0, 2, 2, 0, 2, 1, 2, 1, 2, 0, 0, 0, 2, 2, 0, 0, 2, 0, 0, 2, 0, 2, 2, 2, 1, 2, 1, 1, 2, 2, 0, 1, 2, 2, 2, 0, 1, 2, 1, 0, 0, 0, 0, 1, 2, 2, 2, 2, 1, 1, 2, 0, 2, 1, 1, 1, 0, 0, 0, 0, 2, 2, 1, 2, 2, 2, 0, 1, 2, 1, 1, 0, 1, 1, 1, 2, 1, 1, 1, 2, 2, 2, 0, 2, 2, 1, 0, 1, 2, 2, 0, 2, 2, 2, 2, 2, 2, 0, 1, 2, 2, 2, 2, 0, 2, 0, 0, 1, 0, 1, 2, 0, 1, 2, 2, 2, 2, 0, 1, 2, 2, 0, 2, 1, 1, 0, 2, 1, 0, 2, 2, 2, 0, 2, 2, 2, 0, 2, 1, 0, 2, 0, 1, 0, 1, 2, 0, 0, 2, 2, 2, 0, 1, 0, 2, 1, 2, 2, 1, 2, 2, 0, 0, 0, 0, 0, 2, 1, 0, 1, 2, 2, 2, 2, 2, 1, 0, 2, 1, 1, 2, 0, 1, 2, 0, 2, 0, 2, 0, 2, 1, 0, 1, 0, 2, 2, 2, 2, 2, 2, 0, 1, 2, 2, 0, 0, 0, 2, 2, 0, 2, 0, 2, 0, 0, 2, 0, 0, 0, 2, 1, 2, 2, 2, 1, 0, 2, 0, 2, 1, 0, 1, 0, 1, 1, 1, 2, 0, 2, 2, 0, 0, 0, 1, 0, 0, 1, 0, 2, 0, 1, 2, 0, 1, 2, 1, 2, 2, 2, 0, 0, 2, 2, 2, 0, 2, 2, 2, 2, 0, 0, 1, 0, 2, 2, 0, 2, 2, 2, 2, 0, 0, 2, 2, 0, 0, 1, 1, 0, 2, 2, 0, 2, 0, 0, 0, 0, 0, 0, 1, 2, 2, 2, 2, 2, 0, 0, 0, 2, 2, 0, 1, 2, 0, 0, 1, 0, 0, 2, 1, 2, 1, 2, 2, 0, 0, 2, 2, 0, 0, 2, 2, 1, 2, 2, 1, 1, 1, 0, 1, 0, 0, 0, 2, 2, 2, 0, 0, 1, 1, 2, 1, 0, 2, 2, 0, 0, 0, 0, 0, 0, 0, 2, 0, 2, 2, 0, 1, 1, 2, 1, 2, 2, 1, 2, 1, 2, 1, 2, 2, 1, 2, 0, 1, 0, 2, 0, 1, 0, 0, 2, 0, 0, 0, 2, 0, 2, 1, 2, 2, 0, 2, 1, 1, 1, 0, 0, 1, 0, 2, 2, 0, 2, 1, 0, 2, 2, 2, 2, 1, 2, 1, 0, 2, 1, 2, 1, 2, 0, 2, 2, 1, 2, 0, 0, 1, 0, 0, 0, 2, 2, 2, 2, 1, 0, 2, 0, 1, 0, 2, 1, 0, 2, 0, 1, 0, 0, 1, 2, 0, 0, 2, 2, 0, 2, 0, 1, 2, 2, 1, 0, 1, 2, 0, 0, 2, 2, 1, 0, 2, 2, 0, 2, 2, 0, 2, 2, 2, 2, 2, 1, 1, 1, 1, 2, 0, 1, 1, 2, 0, 2, 0, 0, 1, 1, 1, 2, 2, 0, 0, 2, 2, 0, 0, 2, 2, 0, 0, 1, 2, 2, 2, 2, 2, 2, 0, 2, 0, 0, 0, 0, 2, 1, 1, 0, 1, 0, 1, 2, 2, 0, 1, 1, 2, 0, 1, 2, 0, 1, 2, 0, 1, 2, 2, 2, 2, 1, 2, 1, 0, 0, 2, 0, 0, 2, 0, 0, 1, 1, 0, 1, 1, 0, 0, 0, 0, 1, 1, 0, 0, 2, 1, 2, 0, 0, 0, 2, 1, 0, 0, 2, 2, 2, 0, 2, 2, 1, 1, 2, 1, 0, 1, 2, 2, 0, 0, 0, 0, 2, 0, 2, 2, 2, 1, 1, 2, 2, 0, 1, 0, 0, 0, 0, 2, 0, 1, 1, 2, 1, 2, 2, 2, 0, 2, 2, 0, 1, 0, 0, 0, 1, 2, 2, 2, 2, 2, 0, 2, 1, 0, 2, 0, 2, 2, 0, 0, 0, 0, 2, 2, 2, 0, 1, 2, 2, 0, 0, 2, 0, 1, 2, 0, 2, 0, 2, 2, 2, 0, 1, 1, 1, 0, 0, 2, 2, 0, 0, 2, 0, 2, 2, 2, 0, 2, 2, 2, 2, 0, 2, 1, 0, 2, 2, 1, 1, 0, 2, 0, 1, 0, 0, 1, 2, 0, 1, 0, 0, 2, 0, 0, 2, 0, 2, 2, 1, 0, 0, 0, 2, 0, 0, 2, 0, 1, 0, 2, 1, 1, 2, 0, 2, 0, 2, 0, 2, 1, 0, 1, 1, 1, 2, 1, 2, 2, 2, 0, 1, 1, 0, 2, 0, 2, 2, 1, 0, 0, 1, 1, 1, 2, 2, 1, 2, 2, 2, 1, 0, 1, 0, 2, 1, 2, 0, 0, 2, 1, 1, 2, 0, 2, 1, 0, 2, 2, 2, 1, 0, 2, 1, 0, 2, 2, 0, 0, 2, 2, 0, 0, 1, 2, 0, 1, 1, 2, 0, 1, 1, 1, 0, 1, 0, 2, 2, 2, 0, 1, 2, 0, 0, 2, 0, 0, 0, 2, 0, 0, 2, 2, 0, 0, 1, 0, 0, 1, 2, 2, 2, 2, 2, 2, 0, 1, 2, 1, 2, 1, 0, 0, 2, 1, 1, 2, 1, 0, 1, 2, 1, 0, 0, 1, 0, 1, 2, 2, 0, 2, 2, 1, 2, 2, 1, 0, 2, 0, 1, 1, 0, 2, 0, 0, 2, 0, 1, 2, 0, 2, 0, 1, 2, 2, 0, 0, 1, 0, 0, 1, 1, 0, 2, 0, 1, 2, 2, 0, 1, 0, 2, 2, 0, 2, 2, 1, 0, 2, 1, 2, 0, 1, 2, 2, 0, 0, 2, 2, 2, 2, 1, 2, 0, 1, 0, 0, 0, 0, 1, 1, 1, 2, 0, 2, 2, 0, 2, 1, 0, 0, 0, 2, 2, 1, 2, 2, 0, 2, 0, 2, 0, 2, 2, 2, 1, 2, 0, 2, 2, 0, 1, 1, 2, 0, 2, 2, 2, 0, 0, 0, 2, 2, 1, 1, 2, 1, 1, 2, 2, 0, 0, 2, 2, 2, 2, 0, 2, 0, 0, 0, 2, 0, 0, 1, 2, 0, 2, 0, 2, 1, 0, 2, 2, 1, 2, 2, 1, 1, 2, 2, 1, 2, 1, 2, 0, 0, 2, 1, 1, 2, 1, 0, 2, 1, 1, 2, 0, 2, 2, 1, 0, 2, 1, 1, 2, 0, 0, 0, 0, 1, 2, 2, 2, 1, 2, 0, 0, 2, 1, 1, 0, 2, 0, 0, 2, 1, 2, 1, 1, 0, 2, 0, 1, 2, 0, 2, 0, 2, 0, 0, 2, 2, 0, 1, 0, 0, 2, 0, 2, 1, 1, 0, 0, 2, 1, 2, 0, 2, 0, 1, 0, 1, 1, 2, 0, 0, 2, 2, 0, 2, 0, 0, 1, 0, 1, 0, 0, 1, 2, 0, 0, 2, 0, 0, 1, 2, 0, 1, 0, 2, 0, 2, 1, 1, 2, 0, 0, 0, 2, 0, 2, 0, 0, 1, 2, 1, 0, 0, 2, 0, 0, 2, 2, 1, 2, 2, 0, 1, 2, 0, 1, 2, 2, 0, 1, 2, 2, 0, 0, 1, 2, 1, 0, 1, 2, 0, 1, 2, 1, 0, 1, 0, 0, 2, 2, 2, 0, 2, 0, 2, 0, 2, 0, 2, 2, 2, 2, 0, 0, 0, 0, 2, 1, 2, 1, 0, 2, 0, 0, 2, 1, 0, 2, 2, 2, 2, 2, 2, 2, 0, 2, 0, 2, 0, 0, 2, 1, 1, 2, 2, 1, 2, 0, 2, 0, 1, 0, 2, 0, 1, 2, 2, 2, 0, 0, 0, 0, 2, 2, 2, 0, 1, 2, 0, 2, 0, 1, 2, 2, 2, 2, 2, 0, 0, 2, 1, 2, 0, 2, 2, 2, 2, 0, 1, 0, 0, 2, 2, 2, 2, 2, 1, 0, 1, 0, 2, 0, 2, 1, 0, 1, 0, 1, 0, 0, 1, 2, 1, 0, 2, 2, 0, 2, 1, 2, 2, 2, 2, 1, 0, 0, 2, 2, 2, 2, 2, 2, 2, 0, 2, 0, 2, 2, 2, 2, 1, 1, 2, 0, 1, 0, 0, 2, 2, 1, 0, 1, 1, 2, 2, 0, 2, 1, 0, 0, 0, 1, 0, 0, 1, 0, 0, 0, 1, 2, 2, 0, 2, 2, 2, 2, 1, 2, 0, 2, 0, 0, 1, 2, 1, 2, 0, 2, 1, 0, 0, 2, 0, 1, 2, 2, 0, 0, 2, 2, 0, 1, 0, 1, 1, 2, 0, 0, 2, 2, 2, 1, 0, 0, 1, 0, 1, 1, 2, 2, 1, 1, 2, 2, 2, 2, 2, 2, 2, 2, 1, 2, 2, 2, 1, 1, 2, 0, 1, 2, 0, 1, 0, 2, 0, 2, 2, 1, 2, 0, 1, 2, 2, 0, 0, 0, 0, 2, 1, 2, 0, 2, 0, 2, 2, 0, 2, 2, 0, 2, 2, 2, 2, 1, 0, 2, 2, 1, 2, 2, 1, 2, 2, 2, 2, 0, 0, 2, 0, 1, 0, 1, 0, 1, 2, 1, 1, 2, 2, 0, 2, 0, 2, 2, 1, 2, 0, 0, 0, 0, 2, 2, 2, 1, 2, 2, 0, 0, 1, 0, 2, 2, 1, 2, 1, 1, 0, 1, 2, 2, 0, 2, 2, 0, 2, 2, 2, 1, 2, 0, 2, 1, 0, 0, 2, 2, 2, 1, 0, 2, 0, 1, 2, 2, 1, 1, 2, 2, 0, 2, 2, 0, 2, 2, 1, 0, 0, 2, 0, 0, 0, 0, 2, 0, 2, 2, 0, 0, 0, 1, 0, 0, 1, 1, 2, 2, 0, 0, 1, 0, 0, 2, 2, 1, 1, 1, 0, 2, 0, 2, 0, 0, 2, 2, 2, 0, 2, 0, 0, 2, 2, 2, 0, 1, 1, 0, 0, 0, 0, 0, 2, 0, 2, 1, 0, 1, 1, 1, 2, 0, 0, 0, 0, 2, 0, 0, 0, 0, 1, 0, 1, 2, 1, 2, 2, 1, 2, 2, 0, 2, 2, 0, 2, 2, 2, 1, 2, 2, 2, 0, 2, 2, 1, 2, 0, 1, 0, 2, 1, 0, 0, 0, 2, 2, 0, 0, 2, 1, 1, 2, 2, 1, 0, 1, 2, 1, 2, 0, 2, 2, 2, 0, 1, 1, 0, 2, 1, 0, 2, 2, 0, 2, 0, 0, 2, 0, 0, 2, 2, 1, 2, 1, 2, 2, 2, 2, 1, 0, 0, 0, 1, 2, 0, 2, 2, 0, 2, 0, 2, 0, 0, 2, 0, 2, 0, 2, 2, 1, 2, 2, 2, 2, 0, 2, 0, 2, 2, 2, 1, 2, 1, 2, 2, 1, 2, 2, 2, 2, 2, 0, 0, 1, 0, 0, 1, 0, 0, 1, 0, 2, 0, 0, 2, 2, 1, 0, 2, 1, 0, 2, 1, 0, 0, 2, 2, 0, 1, 2, 1, 0, 2, 0, 0, 1, 2, 2, 2, 2, 2, 2, 2, 0, 2, 0, 0, 0, 1, 0, 0, 2, 0, 1, 0, 2, 2, 0, 2, 2, 0, 0, 0, 1, 2, 0, 1, 1, 0, 2, 1, 0, 2, 1, 2, 1, 2, 0, 1, 2, 1, 2, 0, 2, 2, 0]
kfold targets 1: [2, 2, 0, 0, 1, 1, 2, 0, 1, 2, 0, 1, 0, 1, 0, 2, 2, 2, 0, 0, 0, 0, 2, 2, 0, 1, 0, 2, 2, 2, 0, 2, 0, 0, 2, 0, 1, 0, 0, 0, 1, 0, 1, 1, 0, 0, 2, 2, 0, 0, 0, 0, 0, 0, 1, 0, 1, 0, 2, 0, 1, 0, 2, 0, 0, 0, 0, 2, 0, 0, 0, 1, 0, 1, 2, 0, 2, 2, 1, 0, 1, 0, 1, 0, 2, 0, 2, 0, 1, 1, 1, 1, 1, 1, 0, 0, 2, 2, 0, 0, 0, 0, 1, 0, 1, 0, 1, 0, 0, 0, 1, 1, 2, 0, 0, 1, 0, 0, 1, 0, 2, 2, 0, 2, 2, 0, 0, 0, 0, 0, 2, 2, 1, 0, 1, 0, 0, 1, 0, 0, 2, 0, 2, 2, 2, 1, 0, 1, 0, 2, 1, 2, 0, 2, 0, 2, 0, 2, 0, 2, 0, 0, 2, 0, 2, 0, 0, 2, 0, 0, 2, 0, 0, 0, 1, 0, 0, 2, 2, 0, 0, 1, 1, 2, 0, 2, 2, 0, 0, 0, 2, 1, 2, 2, 1, 0, 1, 0, 0, 0, 1, 1, 2, 2, 2, 2, 2, 1, 0, 0, 1, 2, 0, 0, 0, 0, 1, 2, 1, 1, 0, 0, 0, 1, 2, 1, 2, 2, 0, 2, 0, 2, 1, 0, 1, 2, 0, 0, 2, 2, 0, 2, 2, 2, 0, 0, 0, 0, 2, 2, 1, 0, 0, 0, 2, 2, 0, 1, 2, 0, 0, 0, 1, 2, 0, 0, 0, 1, 2, 0, 1, 1, 1, 0, 0, 1, 0, 2, 0, 0, 2, 1, 0, 1, 1, 2, 0, 2, 1, 2, 1, 0, 2, 0, 1, 0, 1, 0, 0, 1, 0, 2, 0, 0, 1, 0, 0, 2, 0, 0, 2, 0, 0, 0, 2, 0, 0, 2, 2, 0, 1, 0, 0, 0, 0, 2, 0, 0, 2, 1, 0, 1, 0, 0, 0, 0, 2, 2, 0, 2, 2, 0, 1, 2, 0, 0, 0, 2, 1, 1, 0, 0, 2, 2, 2, 0, 1, 2, 2, 1, 0, 1, 0, 2, 1, 1, 2, 1, 0, 1, 0, 2, 2, 0, 1, 0, 2, 0, 2, 0, 0, 0, 2, 1, 0, 0, 0, 2, 1, 2, 0, 2, 0, 2, 2, 0, 2, 0, 1, 2, 0, 0, 2, 0, 2, 2, 0, 0, 0, 0, 2, 0, 2, 1, 1, 0, 0, 2, 0, 0, 2, 0, 2, 0, 0, 1, 0, 2, 0, 1, 0, 1, 0, 0, 1, 0, 1, 0, 0, 0, 2, 0, 1, 1, 0, 2, 2, 1, 2, 0, 1, 2, 1, 0, 1, 2, 2, 1, 2, 0, 2, 0, 0, 0, 2, 0, 2, 2, 2, 0, 1, 0, 0, 1, 2, 0, 0, 1, 1, 1, 1, 0, 0, 1, 1, 0, 0, 0, 2, 1, 2, 1, 0, 2, 0, 2, 0, 0, 0, 0, 0, 2, 1, 0, 0, 1, 2, 1, 2, 2, 2, 0, 1, 0, 1, 2, 0, 1, 0, 0, 0, 0, 1, 0, 1, 0, 2, 1, 2, 0, 2, 0, 0, 0, 2, 2, 1, 2, 2, 2, 0, 1, 2, 0, 1, 0, 1, 0, 2, 2, 0, 0, 1, 1, 1, 0, 0, 2, 0, 1, 0, 1, 0, 0, 2, 0, 0, 2, 0, 0, 0, 2, 1, 0, 1, 0, 2, 2, 0, 1, 0, 1, 0, 0, 0, 1, 0, 1, 2, 0, 0, 1, 1, 2, 0, 1, 1, 0, 1, 0, 2, 1, 1, 2, 0, 0, 0, 2, 0, 0, 1, 0, 0, 1, 2, 1, 0, 2, 0, 0, 0, 0, 1, 0, 0, 0, 2, 2, 0, 1, 0, 1, 2, 2, 2, 1, 0, 1, 2, 2, 1, 2, 0, 1, 1, 0, 2, 2, 1, 2, 2, 2, 0, 0, 2, 2, 0, 2, 0, 0, 2, 1, 1, 1, 0, 1, 0, 2, 0, 0, 1, 1, 2, 0, 0, 1, 1, 1, 0, 1, 0, 1, 0, 0, 1, 2, 0, 2, 0, 0, 0, 2, 1, 2, 1, 0, 1, 0, 2, 0, 1, 0, 2, 1, 1, 2, 0, 0, 0, 0, 0, 0, 1, 0, 2, 2, 0, 2, 0, 1, 0, 0, 2, 2, 1, 1, 2, 2, 0, 1, 0, 2, 0, 0, 0, 0, 2, 0, 1, 2, 1, 0, 0, 2, 1, 1, 0, 1, 0, 2, 0, 1, 0, 0, 2, 2, 0, 0, 0, 0, 1, 0, 2, 0, 0, 0, 2, 2, 0, 1, 1, 2, 1, 0, 0, 1, 1, 0, 1, 1, 0, 1, 0, 2, 1, 1, 0, 0, 0, 1, 0, 2, 0, 1, 0, 2, 1, 0, 0, 1, 1, 0, 0, 1, 0, 2, 1, 1, 0, 2, 0, 0, 2, 1, 0, 0, 2, 2, 0, 0, 0, 2, 0, 1, 0, 2, 2, 0, 1, 1, 0, 1, 0, 0, 1, 0, 2, 0, 1, 2, 1, 1, 0, 1, 0, 0, 0, 2, 0, 2, 1, 2, 2, 2, 0, 1, 0, 2, 0, 0, 0, 1, 0, 1, 1, 1, 1, 2, 0, 2, 1, 0, 0, 0, 2, 0, 2, 2, 0, 0, 0, 0, 0, 1, 1, 0, 0, 1, 1, 2, 0, 0, 0, 0, 2, 0, 0, 0, 0, 0, 0, 0, 0, 1, 2, 0, 1, 2, 2, 1, 1, 2, 0, 0, 2, 1, 2, 0, 1, 1, 1, 0, 0, 0, 0, 2, 2, 1, 0, 0, 2, 1, 2, 0, 0, 0, 1, 1, 0, 0, 0, 0, 2, 1, 1, 1, 0, 2, 0, 2, 2, 1, 1, 0, 1, 1, 1, 2, 2, 1, 0, 2, 2, 2, 0, 1, 0, 1, 0, 2, 0, 1, 0, 2, 2, 2, 1, 2, 2, 0, 0, 1, 2, 0, 1, 0, 2, 0, 0, 1, 0, 1, 0, 0, 2, 2, 0, 0, 2, 0, 1, 1, 1, 0, 0, 1, 1, 0, 1, 0, 0, 0, 2, 2, 0, 2, 0, 2, 0, 2, 1, 2, 2, 0, 2, 0, 1, 1, 0, 0, 2, 0, 0, 0, 1, 0, 1, 1, 1, 1, 1, 1, 0, 0, 0, 0, 0, 0, 2, 0, 0, 1, 0, 0, 0, 2, 2, 1, 0, 1, 2, 1, 0, 0, 0, 2, 0, 2, 0, 2, 0, 2, 1, 0, 1, 0, 0, 2, 2, 1, 2, 0, 0, 1, 0, 0, 0, 0, 0, 1, 2, 0, 2, 0, 1, 0, 0, 2, 0, 0, 0, 0, 1, 2, 1, 2, 2, 0, 2, 0, 0, 2, 0, 1, 0, 2, 1, 0, 2, 0, 2, 1, 0, 0, 0, 1, 0, 0, 1, 0, 2, 0, 1, 1, 0, 1, 1, 1, 0, 1, 2, 0, 0, 1, 1, 2, 0, 2, 2, 0, 0, 0, 0, 2, 0, 2, 0, 0, 2, 2, 2, 2, 0, 0, 2, 0, 0, 0, 1, 1, 0, 2, 2, 0, 1, 0, 0, 0, 0, 0, 0, 1, 0, 2, 0, 2, 0, 0, 0, 1, 1, 2, 0, 1, 2, 0, 0, 1, 0, 0, 2, 1, 2, 1, 2, 1, 0, 0, 2, 1, 0, 0, 1, 2, 1, 2, 1, 1, 1, 2, 0, 1, 0, 0, 0, 2, 0, 2, 0, 0, 1, 1, 1, 2, 0, 2, 2, 0, 0, 0, 0, 0, 0, 0, 0, 0, 2, 2, 2, 1, 1, 0, 1, 1, 2, 1, 1, 2, 2, 1, 1, 0, 1, 1, 0, 1, 0, 0, 0, 1, 0, 0, 2, 0, 0, 0, 1, 0, 2, 1, 1, 1, 0, 0, 0, 2, 1, 0, 0, 1, 0, 2, 2, 0, 2, 2, 0, 0, 2, 2, 2, 1, 0, 2, 0, 0, 1, 1, 2, 1, 0, 1, 2, 2, 2, 0, 0, 2, 0, 0, 0, 0, 2, 1, 2, 2, 0, 1, 0, 1, 0, 2, 1, 0, 2, 0, 2, 0, 0, 1, 2, 0, 0, 2, 2, 0, 2, 0, 1, 2, 1, 1, 0, 1, 2, 0, 2, 0, 2, 0, 0, 2, 2, 0, 1, 2, 0, 1, 2, 1, 1, 2, 2, 1, 1, 0, 2, 0, 1, 2, 2, 0, 2, 0, 0, 1, 1, 0, 2, 1, 0, 0, 2, 2, 0, 0, 1, 0, 0, 0, 2, 0, 2, 2, 2, 2, 0, 0, 1, 0, 0, 2, 0, 0, 1, 1, 0, 1, 0, 2, 2, 0, 1, 1, 1, 2, 0, 1, 2, 0, 1, 2, 0, 1, 1, 2, 2, 0, 1, 1, 1, 0, 0, 2, 0, 0, 0, 0, 0, 1, 1, 0, 0, 1, 0, 0, 0, 0, 1, 0, 0, 0, 0, 1, 2, 0, 0, 0, 2, 1, 0, 2, 2, 1, 0, 0, 2, 1, 0, 1, 0, 1, 0, 1, 2, 2, 0, 0, 0, 0, 2, 0, 2, 2, 0, 2, 2, 2, 0, 0, 1, 0, 0, 0, 0, 2, 0, 1, 2, 0, 2, 2, 0, 0, 0, 1, 1, 0, 0, 0, 0, 0, 1, 0, 2, 2, 0, 0, 0, 2, 1, 0, 2, 0, 2, 0, 0, 0, 0, 0, 2, 0, 2, 0, 1, 1, 1, 0, 0, 0, 0, 1, 2, 0, 2, 0, 2, 2, 1, 0, 1, 1, 0, 0, 0, 2, 2, 0, 0, 2, 0, 0, 1, 1, 0, 1, 2, 0, 0, 0, 1, 2, 0, 2, 1, 0, 1, 0, 1, 0, 1, 0, 0, 1, 1, 0, 0, 0, 0, 2, 0, 0, 2, 0, 2, 2, 2, 0, 0, 0, 2, 0, 0, 2, 0, 0, 0, 2, 1, 1, 1, 0, 1, 0, 0, 0, 1, 1, 0, 1, 2, 1, 1, 2, 2, 2, 0, 0, 0, 2, 0, 2, 0, 1, 0, 1, 0, 0, 1, 1, 2, 0, 2, 1, 0, 2, 2, 2, 0, 1, 0, 2, 1, 2, 0, 0, 2, 1, 1, 1, 0, 2, 1, 0, 1, 1, 1, 1, 0, 0, 2, 0, 2, 1, 0, 0, 2, 2, 0, 0, 2, 2, 0, 1, 1, 1, 0, 2, 2, 1, 0, 2, 0, 2, 0, 2, 0, 1, 0, 0, 0, 0, 0, 0, 0, 2, 0, 0, 1, 1, 0, 0, 1, 0, 0, 1, 2, 0, 1, 2, 2, 0, 2, 1, 2, 1, 1, 1, 0, 0, 2, 1, 1, 1, 1, 0, 1, 1, 2, 0, 0, 1, 0, 1, 1, 0, 0, 1, 0, 0, 1, 1, 1, 0, 2, 0, 1, 1, 0, 0, 0, 0, 0, 0, 1, 1, 0, 0, 0, 1, 1, 2, 0, 0, 1, 0, 0, 0, 1, 0, 2, 0, 1, 2, 0, 0, 1, 0, 0, 0, 0, 0, 1, 1, 0, 0, 1, 2, 0, 1, 2, 2, 0, 0, 2, 2, 2, 0, 2, 2, 0, 2, 0, 0, 0, 0, 2, 1, 1, 2, 0, 2, 2, 0, 1, 1, 0, 0, 0, 1, 2, 1, 2, 0, 0, 2, 0, 2, 0, 0, 2, 1, 0, 2, 0, 0, 2, 0, 1, 0, 0, 0, 0, 2, 2, 0, 0, 0, 2, 2, 1, 1, 0, 1, 0, 2, 0, 0, 0, 2, 2, 2, 2, 0, 1, 0, 0, 0, 2, 0, 0, 1, 2, 0, 1, 0, 1, 1, 0, 0, 1, 0, 0, 0, 2, 0, 2, 2, 1, 1, 2, 2, 0, 0, 2, 1, 1, 1, 1, 0, 1, 2, 1, 1, 0, 1, 2, 1, 0, 2, 0, 2, 2, 0, 0, 0, 0, 2, 2, 2, 2, 0, 2, 0, 0, 2, 1, 1, 0, 1, 0, 0, 0, 1, 1, 1, 1, 0, 2, 0, 1, 2, 0, 2, 0, 2, 0, 0, 0, 0, 0, 1, 0, 0, 2, 0, 1, 0, 1, 0, 0, 0, 1, 1, 0, 1, 0, 1, 0, 0, 0, 1, 0, 0, 0, 1, 0, 2, 0, 0, 2, 0, 1, 0, 0, 2, 1, 0, 0, 2, 0, 0, 0, 0, 0, 1, 0, 2, 0, 1, 2, 2, 2, 0, 0, 0, 0, 0, 0, 0, 0, 2, 0, 1, 0, 0, 2, 0, 0, 2, 1, 2, 2, 0, 0, 1, 1, 0, 1, 2, 0, 0, 1, 2, 2, 0, 0, 2, 1, 1, 0, 1, 0, 0, 2, 2, 1, 0, 2, 0, 0, 0, 2, 1, 0, 2, 0, 2, 0, 1, 0, 2, 2, 0, 1, 0, 0, 0, 0, 2, 2, 0, 2, 0, 1, 0, 0, 1, 2, 0, 2, 2, 2, 2, 2, 2, 2, 0, 2, 1, 2, 0, 0, 2, 2, 1, 2, 2, 0, 2, 0, 1, 0, 1, 0, 2, 0, 1, 0, 0, 2, 0, 0, 0, 0, 2, 1, 2, 0, 2, 2, 0, 0, 0, 1, 2, 1, 2, 2, 1, 1, 0, 2, 1, 2, 2, 2, 0, 1, 2, 0, 0, 0, 0, 2, 2, 2, 2, 0, 1, 0, 2, 0, 2, 0, 1, 1, 0, 2, 0, 2, 0, 0, 2, 2, 1, 0, 2, 2, 0, 2, 1, 0, 1, 1, 0, 1, 0, 0, 1, 2, 2, 1, 2, 0, 0, 1, 1, 0, 2, 2, 2, 1, 2, 2, 2, 0, 1, 0, 0, 1, 1, 1, 0, 2, 2, 0, 2, 0, 2, 0, 0, 0, 0, 2, 0, 0, 1, 0, 0, 0, 1, 2, 2, 0, 0, 2, 2, 2, 1, 1, 0, 1, 0, 0, 1, 0, 1, 2, 0, 2, 1, 0, 0, 0, 0, 1, 2, 0, 2, 0, 2, 2, 0, 2, 0, 2, 1, 2, 0, 0, 2, 0, 2, 1, 0, 0, 2, 0, 1, 0, 2, 2, 1, 1, 0, 2, 0, 1, 0, 1, 2, 2, 1, 2, 2, 2, 1, 0, 2, 0, 1, 2, 0, 2, 0, 0, 0, 1, 0, 1, 1, 0, 0, 2, 2, 0, 0, 0, 0, 2, 0, 0, 0, 2, 0, 2, 0, 0, 2, 1, 0, 2, 1, 2, 2, 0, 0, 0, 2, 1, 2, 2, 1, 0, 1, 2, 0, 0, 0, 2, 0, 2, 0, 2, 0, 1, 2, 1, 2, 2, 2, 0, 1, 0, 2, 1, 1, 2, 0, 0, 0, 0, 0, 2, 0, 1, 2, 0, 0, 0, 0, 2, 0, 1, 1, 2, 1, 1, 0, 0, 1, 2, 0, 2, 1, 0, 2, 2, 2, 1, 2, 0, 1, 1, 0, 0, 2, 2, 2, 1, 2, 2, 2, 1, 0, 2, 1, 1, 2, 0, 0, 0, 2, 0, 2, 0, 1, 0, 0, 2, 0, 0, 0, 0, 0, 0, 1, 1, 0, 0, 0, 1, 0, 0, 1, 0, 2, 0, 0, 0, 1, 0, 0, 0, 0, 1, 1, 0, 0, 2, 0, 1, 0, 0, 1, 0, 2, 0, 2, 0, 0, 0, 2, 2, 0, 1, 0, 0, 0, 0, 0, 0, 2, 0, 0, 1, 0, 0, 1, 1, 0, 0, 0, 0, 0, 0, 0, 0, 0, 0, 1, 0, 1, 1, 1, 1, 2, 1, 0, 2, 1, 2, 2, 0, 2, 2, 1, 1, 2, 1, 2, 0, 1, 2, 1, 1, 0, 1, 0, 2, 2, 0, 0, 0, 2, 1, 0, 0, 2, 0, 1, 1, 1, 1, 0, 1, 2, 1, 2, 0, 2, 2, 2, 0, 1, 1, 0, 2, 2, 0, 1, 1, 0, 2, 0, 0, 0, 0, 0, 2, 1, 2, 2, 1, 2, 2, 1, 2, 1, 0, 0, 0, 2, 0, 0, 2, 2, 0, 1, 0, 1, 0, 0, 2, 0, 0, 0, 2, 0, 2, 2, 2, 0, 2, 0, 2, 0, 2, 2, 1, 1, 0, 1, 1, 1, 1, 2, 1, 2, 1, 2, 0, 0, 1, 0, 0, 1, 0, 0, 1, 0, 1, 0, 0, 0, 2, 0, 0, 0, 2, 0, 2, 1, 0, 0, 2, 2, 0, 2, 2, 1, 0, 0, 0, 0, 1, 1, 0, 2, 0, 2, 2, 0, 0, 2, 0, 0, 0, 0, 0, 0, 2, 0, 1, 0, 2, 2, 0, 2, 2, 0, 0, 0, 0, 2, 0, 1, 1, 0, 1, 0, 0, 1, 0, 0, 1, 2, 0, 1, 2, 1, 2, 0, 2, 0, 0]
0.7169672432830327
array([[939,  81, 258],
       [  9, 398, 274],
       [ 17, 130, 611]])
kfold preds 2: [2, 2, 2, 2, 2, 2, 2, 2, 2, 2, 2, 2, 2, 2, 2, 2, 1, 2, 2, 2, 2, 2, 2, 2, 2, 1, 2, 1, 2, 2, 2, 2, 2, 2, 2, 2, 2, 2, 2, 2, 2, 2, 1, 1, 2, 2, 2, 2, 2, 2, 2, 1, 2, 2, 1, 2, 1, 2, 0, 1, 2, 2, 2, 2, 2, 2, 2, 2, 1, 2, 2, 2, 2, 2, 2, 2, 2, 2, 1, 2, 2, 2, 2, 2, 1, 2, 2, 2, 2, 2, 2, 2, 2, 2, 2, 2, 0, 2, 2, 1, 2, 1, 2, 1, 2, 2, 2, 2, 2, 1, 2, 1, 2, 2, 2, 2, 2, 2, 2, 0, 2, 2, 2, 2, 2, 2, 2, 2, 2, 2, 1, 2, 2, 2, 2, 1, 2, 2, 2, 2, 2, 2, 2, 2, 2, 2, 2, 2, 1, 2, 2, 2, 2, 2, 2, 2, 2, 2, 2, 2, 2, 2, 2, 2, 2, 2, 2, 2, 2, 2, 2, 2, 2, 2, 2, 2, 2, 2, 2, 2, 2, 2, 2, 2, 2, 2, 2, 2, 2, 2, 2, 2, 1, 2, 2, 2, 2, 1, 2, 2, 2, 2, 2, 2, 2, 2, 2, 2, 2, 0, 2, 2, 2, 2, 2, 2, 2, 2, 2, 2, 2, 2, 2, 1, 2, 2, 2, 1, 2, 2, 2, 2, 2, 2, 2, 2, 2, 2, 2, 2, 2, 2, 2, 2, 2, 2, 2, 2, 2, 2, 2, 2, 2, 2, 2, 2, 2, 2, 2, 2, 2, 2, 2, 1, 2, 2, 2, 2, 2, 2, 0, 2, 2, 2, 2, 2, 2, 1, 2, 2, 1, 2, 2, 2, 2, 2, 2, 2, 2, 1, 2, 2, 2, 2, 2, 2, 2, 2, 2, 2, 2, 2, 2, 2, 2, 2, 0, 2, 2, 2, 2, 2, 2, 2, 2, 2, 2, 2, 2, 2, 2, 2, 2, 2, 2, 2, 2, 2, 2, 2, 2, 2, 2, 2, 2, 2, 2, 2, 2, 2, 2, 2, 2, 2, 2, 2, 2, 2, 2, 2, 2, 2, 2, 1, 2, 0, 2, 2, 2, 1, 2, 2, 2, 2, 1, 2, 2, 2, 2, 2, 2, 1, 2, 1, 2, 1, 2, 2, 2, 2, 2, 2, 2, 2, 2, 2, 2, 2, 2, 2, 2, 2, 2, 2, 2, 2, 0, 1, 2, 2, 2, 2, 2, 2, 2, 2, 2, 2, 2, 2, 2, 0, 2, 2, 2, 1, 2, 2, 2, 2, 2, 2, 2, 2, 2, 2, 2, 2, 2, 2, 2, 2, 2, 1, 2, 2, 2, 2, 1, 1, 2, 2, 2, 2, 2, 2, 2, 2, 1, 1, 2, 2, 2, 2, 2, 2, 2, 2, 2, 0, 2, 2, 2, 2, 1, 2, 2, 2, 2, 2, 1, 2, 2, 2, 2, 2, 2, 2, 1, 2, 2, 2, 2, 2, 2, 2, 2, 2, 2, 1, 2, 2, 2, 1, 2, 2, 2, 0, 1, 1, 2, 2, 2, 2, 2, 2, 2, 2, 2, 2, 2, 2, 2, 1, 2, 2, 0, 1, 2, 2, 1, 1, 2, 1, 2, 1, 2, 2, 2, 2, 2, 2, 2, 2, 2, 2, 2, 2, 2, 2, 2, 2, 2, 2, 2, 2, 2, 2, 2, 2, 2, 2, 2, 2, 2, 2, 2, 2, 1, 2, 0, 2, 2, 2, 2, 2, 2, 2, 2, 2, 2, 2, 2, 2, 2, 2, 2, 2, 2, 2, 2, 2, 2, 2, 2, 2, 2, 2, 2, 2, 2, 2, 2, 2, 2, 2, 2, 2, 2, 2, 2, 2, 2, 2, 2, 2, 2, 2, 1, 2, 2, 2, 2, 2, 2, 2, 1, 2, 2, 2, 2, 2, 2, 2, 2, 2, 2, 2, 2, 2, 2, 2, 1, 2, 2, 2, 2, 2, 2, 2, 2, 2, 0, 2, 2, 2, 2, 2, 2, 2, 2, 2, 2, 2, 2, 2, 2, 2, 2, 2, 2, 2, 2, 2, 2, 1, 2, 2, 2, 2, 2, 2, 2, 0, 2, 2, 2, 2, 2, 1, 2, 2, 0, 0, 2, 2, 2, 2, 2, 0, 2, 2, 2, 2, 2, 0, 2, 2, 1, 2, 2, 2, 2, 2, 2, 2, 2, 2, 2, 1, 2, 2, 2, 2, 2, 2, 1, 1, 2, 2, 2, 2, 2, 2, 2, 2, 2, 2, 2, 2, 2, 0, 2, 2, 2, 2, 2, 2, 1, 2, 2, 1, 2, 2, 2, 2, 2, 2, 0, 2, 2, 2, 2, 2, 2, 2, 2, 2, 2, 2, 2, 2, 2, 2, 2, 2, 2, 2, 2, 2, 2, 0, 2, 2, 2, 2, 2, 2, 2, 2, 2, 2, 2, 2, 2, 1, 2, 2, 2, 2, 2, 2, 2, 2, 2, 2, 1, 2, 2, 2, 2, 2, 2, 2, 2, 2, 0, 2, 2, 1, 2, 2, 2, 2, 2, 2, 2, 2, 2, 2, 2, 2, 2, 2, 2, 2, 2, 1, 2, 1, 2, 2, 2, 2, 2, 2, 2, 2, 2, 2, 2, 2, 2, 2, 2, 2, 0, 2, 0, 2, 1, 2, 2, 2, 2, 1, 2, 2, 2, 1, 2, 2, 2, 2, 1, 2, 2, 2, 2, 2, 2, 2, 2, 2, 2, 2, 2, 0, 2, 2, 2, 2, 2, 2, 2, 2, 2, 2, 2, 2, 2, 2, 2, 2, 2, 2, 2, 2, 2, 2, 2, 1, 2, 2, 2, 2, 2, 2, 2, 2, 2, 2, 1, 2, 2, 2, 2, 2, 2, 2, 2, 2, 2, 2, 2, 2, 2, 1, 2, 2, 2, 2, 2, 1, 2, 2, 2, 2, 2, 2, 1, 2, 2, 2, 1, 2, 2, 2, 2, 2, 2, 2, 2, 2, 2, 2, 2, 2, 2, 2, 2, 2, 2, 2, 2, 2, 2, 2, 2, 2, 1, 2, 2, 2, 2, 2, 2, 2, 2, 2, 2, 2, 2, 2, 2, 2, 2, 2, 1, 2, 2, 2, 2, 2, 2, 2, 2, 2, 2, 2, 0, 2, 2, 2, 2, 2, 2, 2, 2, 2, 2, 2, 1, 2, 2, 2, 2, 2, 2, 2, 1, 2, 2, 2, 2, 2, 2, 1, 2, 2, 2, 2, 2, 2, 2, 2, 2, 2, 2, 2, 2, 2, 2, 2, 2, 2, 2, 0, 2, 1, 2, 2, 2, 2, 2, 2, 2, 2, 2, 2, 2, 2, 2, 1, 2, 2, 2, 2, 2, 2, 2, 2, 2, 2, 2, 2, 2, 0, 0, 2, 2, 2, 2, 2, 2, 2, 2, 2, 2, 2, 2, 2, 2, 2, 2, 2, 2, 2, 2, 2, 2, 2, 2, 2, 2, 1, 1, 1, 2, 2, 2, 2, 2, 2, 2, 2, 2, 2, 2, 2, 2, 2, 2, 2, 2, 2, 2, 2, 2, 2, 2, 2, 2, 2, 1, 0, 2, 2, 2, 2, 2, 2, 2, 2, 2, 2, 2, 2, 2, 2, 2, 2, 2, 2, 1, 2, 2, 1, 2, 2, 2, 2, 2, 2, 2, 0, 2, 2, 2, 2, 2, 2, 2, 2, 2, 2, 2, 2, 2, 2, 2, 2, 2, 2, 2, 2, 2, 1, 2, 1, 2, 2, 2, 2, 2, 2, 2, 0, 2, 2, 2, 2, 1, 2, 2, 1, 2, 2, 1, 2, 2, 1, 2, 2, 2, 2, 2, 2, 2, 2, 2, 2, 2, 2, 2, 2, 1, 2, 2, 1, 2, 2, 2, 2, 2, 2, 2, 1, 2, 2, 2, 0, 2, 0, 2, 2, 2, 2, 0, 2, 2, 2, 1, 2, 2, 2, 2, 2, 1, 2, 1, 1, 2, 2, 2, 2, 2, 2, 2, 2, 2, 2, 2, 2, 2, 2, 2, 2, 2, 2, 2, 2, 2, 2, 2, 2, 2, 2, 2, 2, 2, 2, 2, 2, 2, 2, 2, 2, 2, 2, 2, 2, 2, 1, 2, 2, 2, 1, 2, 2, 2, 2, 2, 2, 2, 2, 2, 2, 2, 2, 2, 0, 2, 2, 2, 2, 2, 2, 2, 1, 2, 0, 2, 2, 2, 2, 2, 2, 2, 2, 1, 2, 2, 2, 2, 2, 2, 2, 2, 2, 2, 2, 2, 2, 1, 2, 2, 2, 2, 2, 2, 2, 2, 2, 2, 2, 2, 2, 2, 1, 2, 2, 2, 1, 2, 2, 2, 1, 2, 2, 2, 2, 2, 2, 1, 2, 2, 2, 2, 2, 2, 2, 2, 2, 2, 1, 2, 2, 2, 2, 2, 2, 2, 2, 2, 2, 1, 2, 2, 0, 2, 2, 2, 2, 2, 2, 2, 2, 2, 2, 2, 2, 2, 2, 2, 2, 2, 2, 2, 2, 2, 2, 2, 2, 2, 1, 2, 2, 2, 2, 2, 2, 0, 1, 2, 2, 2, 2, 2, 1, 2, 2, 2, 2, 2, 2, 2, 2, 2, 1, 2, 2, 2, 0, 2, 2, 1, 2, 2, 2, 2, 0, 1, 1, 2, 1, 2, 2, 2, 1, 2, 2, 2, 2, 2, 0, 2, 2, 2, 2, 2, 2, 2, 2, 1, 2, 2, 2, 2, 2, 1, 1, 0, 2, 2, 2, 2, 2, 2, 2, 2, 2, 2, 2, 2, 2, 2, 2, 2, 2, 2, 2, 2, 2, 2, 2, 2, 2, 2, 2, 2, 2, 2, 2, 2, 2, 2, 2, 2, 2, 2, 2, 2, 2, 2, 2, 2, 2, 2, 2, 2, 2, 2, 2, 2, 2, 2, 2, 2, 0, 2, 2, 2, 2, 2, 2, 2, 2, 1, 2, 0, 2, 2, 2, 0, 2, 2, 2, 2, 2, 2, 2, 2, 2, 2, 2, 2, 2, 1, 2, 2, 2, 2, 2, 1, 2, 2, 2, 2, 2, 1, 2, 2, 2, 2, 1, 2, 2, 2, 1, 2, 2, 2, 2, 1, 2, 2, 2, 2, 2, 2, 1, 2, 2, 2, 2, 2, 1, 2, 2, 2, 2, 2, 2, 2, 1, 2, 2, 2, 2, 2, 2, 2, 2, 2, 2, 2, 0, 2, 2, 2, 2, 2, 2, 1, 2, 2, 2, 2, 2, 2, 2, 2, 2, 2, 2, 2, 2, 1, 2, 2, 2, 2, 2, 2, 2, 2, 2, 2, 2, 2, 2, 2, 2, 2, 0, 2, 2, 2, 1, 1, 2, 2, 2, 2, 2, 2, 2, 1, 2, 1, 2, 2, 2, 2, 2, 2, 1, 2, 2, 2, 2, 0, 2, 2, 2, 2, 2, 2, 2, 1, 2, 2, 2, 0, 2, 1, 2, 2, 2, 2, 2, 2, 2, 2, 2, 1, 2, 2, 0, 2, 2, 2, 2, 2, 2, 1, 2, 2, 0, 2, 2, 2, 2, 2, 2, 2, 2, 2, 2, 2, 2, 2, 2, 2, 2, 0, 2, 1, 2, 2, 2, 2, 2, 2, 1, 2, 2, 2, 0, 2, 2, 2, 1, 2, 1, 0, 2, 2, 2, 2, 2, 1, 2, 2, 2, 2, 1, 1, 2, 2, 2, 2, 2, 2, 2, 2, 2, 1, 2, 2, 2, 2, 2, 2, 2, 2, 2, 2, 2, 1, 2, 2, 2, 2, 1, 2, 2, 1, 1, 2, 2, 1, 2, 2, 2, 2, 2, 2, 2, 2, 2, 2, 2, 2, 2, 2, 2, 2, 2, 2, 2, 2, 2, 2, 2, 1, 2, 2, 2, 2, 2, 1, 2, 2, 2, 2, 1, 2, 2, 2, 2, 2, 2, 2, 2, 2, 2, 2, 2, 1, 2, 2, 2, 2, 2, 2, 2, 2, 2, 2, 2, 2, 2, 2, 2, 0, 2, 2, 2, 2, 2, 2, 2, 2, 2, 2, 2, 1, 2, 1, 2, 2, 2, 2, 2, 2, 2, 2, 2, 2, 2, 2, 2, 2, 2, 2, 2, 2, 2, 2, 2, 2, 0, 2, 2, 2, 2, 2, 2, 2, 2, 2, 0, 2, 2, 2, 2, 2, 2, 2, 2, 2, 2, 2, 2, 2, 0, 2, 2, 2, 2, 2, 1, 2, 2, 1, 2, 2, 2, 2, 2, 1, 2, 2, 2, 2, 2, 2, 2, 1, 2, 2, 1, 2, 1, 2, 2, 2, 2, 2, 2, 2, 2, 2, 1, 1, 2, 2, 2, 2, 2, 2, 2, 2, 2, 2, 2, 2, 1, 2, 2, 2, 2, 2, 2, 2, 2, 1, 2, 2, 2, 1, 2, 2, 0, 2, 2, 0, 2, 2, 2, 2, 2, 2, 2, 2, 2, 2, 2, 2, 2, 2, 2, 2, 1, 2, 2, 2, 2, 2, 0, 2, 2, 2, 2, 1, 2, 2, 1, 2, 2, 2, 2, 2, 2, 2, 1, 2, 2, 2, 0, 2, 2, 2, 2, 2, 2, 2, 2, 0, 2, 2, 2, 0, 2, 0, 2, 0, 1, 2, 2, 2, 2, 2, 2, 2, 2, 2, 2, 2, 2, 2, 2, 2, 2, 2, 2, 2, 1, 2, 2, 2, 2, 1, 2, 2, 2, 2, 1, 2, 2, 2, 2, 2, 2, 2, 1, 2, 2, 2, 2, 2, 2, 2, 2, 2, 2, 2, 2, 2, 0, 2, 1, 2, 2, 2, 2, 2, 2, 2, 2, 2, 0, 1, 2, 1, 2, 2, 2, 1, 2, 2, 2, 2, 2, 2, 2, 1, 1, 2, 2, 2, 2, 2, 2, 2, 2, 2, 2, 2, 1, 1, 2, 2, 2, 2, 2, 2, 2, 2, 2, 2, 2, 2, 2, 2, 2, 2, 2, 2, 2, 2, 2, 2, 2, 2, 2, 2, 2, 2, 2, 2, 2, 2, 2, 2, 2, 2, 2, 2, 2, 2, 2, 2, 2, 2, 2, 2, 2, 2, 2, 2, 2, 2, 2, 2, 2, 2, 2, 1, 2, 2, 2, 2, 2, 2, 2, 2, 2, 2, 2, 1, 2, 2, 2, 2, 2, 2, 2, 2, 2, 2, 2, 2, 2, 2, 2, 2, 0, 2, 2, 2, 2, 2, 2, 2, 2, 2, 2, 2, 1, 2, 2, 2, 2, 2, 2, 1, 2, 2, 2, 2, 2, 2, 2, 2, 2, 2, 2, 2, 1, 2, 2, 2, 2, 2, 2, 2, 2, 2, 2, 2, 1, 2, 2, 2, 2, 2, 2, 2, 2, 1, 2, 1, 2, 2, 2, 2, 2, 2, 2, 2, 2, 2, 1, 2, 2, 1, 2, 2, 2, 2, 2, 2, 2, 0, 2, 2, 2, 2, 2, 2, 2, 2, 2, 2, 2, 2, 2, 2, 2, 2, 1, 2, 2, 2, 2, 2, 2, 2, 2, 2, 2, 1, 2, 2, 2, 2, 2, 2, 2, 2, 2, 2, 2, 2, 2, 2, 2, 2, 1, 2, 2, 2, 2, 2, 2, 2, 2, 2, 2, 2, 2, 2, 2, 0, 2, 2, 1, 2, 2, 2, 2, 2, 2, 2, 2, 2, 2, 2, 2, 2, 2, 2, 2, 2, 2, 1, 2, 2, 2, 2, 2, 2, 2, 2, 2, 2, 2, 2, 1, 2, 2, 2, 2, 2, 2, 0, 2, 2, 2, 2, 2, 2, 2, 0, 2, 2, 1, 2, 2, 2, 2, 2, 2, 2, 2, 2, 2, 2, 2, 2, 1, 2, 2, 2, 2, 2, 2, 2, 2, 2, 2, 2, 2, 2, 2, 2, 1, 2, 2, 2, 2, 2, 0, 2, 2, 2, 2, 2, 2, 2, 2, 2, 2, 2, 2, 2, 2, 2, 2, 2, 2, 2, 0, 2, 1, 2, 2, 2, 2, 2, 2, 2, 2, 2, 2, 2, 2, 2, 2, 2, 0, 2, 2, 2, 1, 2, 2, 2, 2, 2, 2, 2, 2, 2, 2, 2, 2, 2, 2, 2, 1, 2, 2, 2, 2, 2, 1, 2, 2, 1, 2, 1, 2, 2, 2, 2, 2, 2, 2, 2, 2, 2, 2, 2, 2, 0, 2, 2, 2, 2, 2, 2, 2, 2, 2, 2, 2, 0, 2, 2, 2, 2, 1, 2, 2, 2, 2, 2, 2, 2, 2, 1, 2, 2, 2, 2, 2, 2, 2, 2, 1, 2, 2, 2, 2, 2, 2, 2, 2, 2, 2, 1, 2, 2, 2, 2, 2, 2, 2, 2, 2, 2, 2, 2, 2, 2, 2, 2, 2, 2, 2, 2, 2, 2, 2, 0, 1, 2, 2, 2, 2, 2, 2, 2, 2, 1, 2, 2, 2, 2, 2, 1, 2, 2, 2, 2, 2, 2, 2, 2, 2, 2, 2, 2, 2, 2, 2, 2, 2, 2, 1, 2, 1, 2, 2, 2, 2, 2, 2, 2, 2, 1, 2, 2, 1, 2, 2, 2, 2, 2, 2, 1, 2, 2, 2, 0, 2, 2, 2, 2, 2, 2, 2, 2]
kfold targets 2: [1, 1, 0, 0, 0, 0, 1, 1, 2, 0, 0, 2, 0, 0, 0, 1, 0, 2, 1, 1, 1, 0, 2, 2, 1, 1, 0, 2, 0, 0, 0, 2, 1, 0, 1, 0, 1, 0, 0, 0, 2, 0, 1, 1, 0, 2, 1, 2, 0, 0, 0, 1, 0, 0, 1, 0, 1, 2, 0, 1, 1, 0, 2, 0, 0, 0, 1, 2, 0, 0, 0, 1, 1, 0, 2, 0, 1, 1, 0, 0, 0, 0, 1, 0, 1, 0, 2, 0, 0, 0, 2, 1, 2, 0, 0, 0, 0, 0, 0, 1, 0, 0, 2, 1, 0, 0, 0, 1, 2, 1, 0, 1, 2, 1, 2, 1, 2, 0, 2, 0, 2, 0, 0, 0, 1, 0, 1, 0, 0, 0, 1, 1, 2, 2, 1, 0, 0, 0, 0, 0, 1, 0, 1, 2, 0, 2, 2, 1, 1, 2, 2, 2, 0, 0, 0, 1, 1, 0, 0, 1, 0, 0, 0, 1, 2, 0, 0, 1, 0, 2, 2, 0, 0, 0, 2, 1, 0, 2, 2, 0, 1, 1, 0, 2, 0, 2, 2, 0, 0, 0, 2, 1, 0, 0, 2, 0, 2, 0, 0, 2, 0, 2, 2, 1, 2, 2, 2, 0, 0, 0, 1, 2, 1, 0, 1, 0, 0, 2, 0, 2, 1, 0, 0, 1, 2, 2, 2, 1, 2, 2, 0, 2, 0, 0, 1, 2, 0, 0, 1, 0, 0, 2, 2, 2, 0, 0, 0, 0, 0, 1, 2, 0, 0, 2, 2, 2, 2, 0, 1, 0, 0, 2, 0, 1, 0, 1, 1, 2, 2, 0, 0, 2, 0, 0, 0, 0, 0, 2, 0, 2, 1, 1, 1, 2, 0, 0, 0, 2, 1, 0, 1, 0, 0, 0, 0, 0, 0, 0, 0, 2, 0, 0, 0, 2, 2, 0, 0, 2, 0, 0, 1, 0, 0, 1, 2, 0, 1, 1, 1, 0, 0, 0, 1, 0, 0, 0, 0, 2, 1, 0, 1, 0, 2, 2, 1, 0, 1, 2, 2, 1, 2, 1, 2, 1, 0, 2, 0, 0, 0, 1, 0, 0, 2, 1, 0, 0, 0, 2, 2, 1, 1, 2, 0, 0, 1, 2, 0, 1, 1, 1, 1, 0, 2, 1, 2, 0, 1, 0, 1, 0, 0, 1, 2, 1, 0, 0, 0, 2, 1, 1, 0, 2, 1, 2, 0, 0, 0, 0, 0, 2, 1, 1, 0, 1, 2, 0, 0, 1, 2, 1, 2, 0, 0, 0, 2, 1, 1, 1, 0, 2, 2, 0, 1, 0, 2, 0, 2, 2, 0, 2, 0, 0, 2, 1, 2, 0, 1, 0, 0, 0, 1, 0, 1, 1, 0, 2, 1, 1, 2, 0, 1, 2, 2, 2, 2, 2, 2, 2, 1, 0, 0, 0, 0, 0, 0, 0, 2, 0, 2, 2, 1, 2, 0, 0, 2, 2, 0, 0, 2, 0, 0, 2, 0, 0, 0, 1, 1, 0, 2, 1, 2, 1, 1, 0, 1, 2, 2, 0, 0, 1, 2, 0, 2, 0, 2, 1, 1, 1, 2, 2, 2, 0, 2, 2, 2, 2, 0, 1, 0, 1, 0, 1, 2, 0, 0, 2, 2, 0, 0, 2, 2, 0, 2, 0, 0, 0, 1, 0, 2, 2, 0, 1, 2, 0, 2, 1, 0, 0, 1, 1, 1, 2, 1, 1, 0, 0, 0, 2, 0, 2, 0, 2, 1, 0, 2, 0, 0, 0, 2, 1, 0, 0, 0, 0, 1, 0, 1, 1, 0, 1, 2, 1, 0, 0, 2, 0, 0, 1, 2, 0, 2, 1, 0, 2, 2, 0, 1, 0, 2, 0, 2, 2, 2, 0, 0, 1, 0, 1, 1, 0, 2, 0, 2, 0, 0, 2, 0, 0, 0, 0, 0, 2, 1, 0, 0, 1, 2, 1, 2, 0, 0, 1, 1, 2, 1, 2, 0, 2, 0, 2, 2, 2, 0, 1, 1, 0, 2, 2, 2, 0, 2, 2, 0, 2, 2, 2, 1, 1, 0, 0, 2, 2, 0, 2, 0, 2, 0, 2, 0, 0, 1, 2, 2, 0, 0, 1, 1, 0, 2, 2, 0, 1, 0, 0, 2, 0, 0, 2, 0, 0, 0, 0, 1, 2, 0, 0, 2, 2, 1, 0, 1, 0, 0, 2, 1, 0, 0, 0, 0, 1, 0, 0, 0, 0, 2, 2, 1, 1, 2, 2, 0, 0, 2, 1, 2, 2, 0, 1, 1, 0, 0, 0, 1, 0, 0, 0, 2, 2, 0, 2, 2, 1, 1, 1, 1, 1, 0, 2, 0, 0, 2, 2, 0, 2, 0, 2, 0, 0, 0, 0, 0, 1, 0, 0, 0, 1, 2, 2, 0, 1, 1, 0, 0, 1, 1, 1, 1, 0, 1, 0, 0, 0, 0, 1, 0, 1, 2, 0, 0, 2, 2, 0, 0, 2, 0, 2, 1, 0, 0, 2, 1, 0, 1, 0, 0, 1, 0, 0, 2, 1, 2, 2, 0, 2, 0, 0, 2, 2, 0, 0, 0, 0, 0, 0, 0, 2, 2, 0, 0, 2, 1, 1, 1, 0, 2, 0, 2, 0, 1, 0, 1, 2, 2, 1, 0, 0, 0, 2, 0, 2, 1, 0, 2, 2, 0, 0, 0, 0, 0, 0, 0, 1, 1, 2, 1, 2, 0, 0, 0, 2, 0, 0, 2, 0, 2, 0, 1, 0, 0, 2, 0, 0, 0, 1, 1, 0, 0, 2, 1, 2, 0, 0, 1, 0, 2, 0, 2, 1, 0, 0, 0, 0, 0, 2, 2, 1, 2, 0, 2, 0, 0, 0, 0, 2, 0, 2, 2, 0, 2, 2, 2, 2, 2, 0, 0, 2, 2, 0, 1, 0, 2, 0, 2, 1, 0, 0, 0, 2, 0, 0, 0, 0, 2, 2, 1, 0, 0, 1, 0, 2, 2, 2, 0, 0, 0, 0, 0, 1, 1, 1, 0, 0, 0, 0, 0, 2, 0, 2, 0, 0, 1, 1, 0, 2, 2, 0, 1, 0, 1, 1, 0, 0, 2, 1, 2, 0, 0, 0, 0, 0, 0, 1, 2, 0, 0, 2, 0, 0, 2, 0, 0, 1, 1, 0, 0, 2, 1, 0, 1, 0, 0, 0, 1, 0, 1, 2, 2, 0, 2, 1, 1, 2, 1, 0, 2, 2, 2, 1, 0, 0, 0, 0, 0, 0, 2, 0, 0, 0, 2, 2, 0, 1, 0, 0, 2, 0, 0, 0, 2, 0, 0, 2, 0, 0, 2, 1, 1, 0, 0, 2, 2, 0, 1, 0, 2, 0, 0, 0, 0, 2, 0, 1, 2, 0, 1, 0, 1, 0, 0, 0, 2, 2, 0, 1, 0, 0, 0, 2, 0, 0, 2, 0, 2, 0, 1, 1, 0, 0, 1, 0, 0, 0, 1, 1, 1, 1, 1, 0, 2, 1, 0, 2, 2, 0, 0, 0, 0, 0, 2, 0, 2, 0, 1, 0, 1, 1, 0, 0, 1, 1, 0, 1, 1, 0, 1, 0, 0, 1, 1, 0, 0, 2, 2, 1, 0, 0, 1, 0, 2, 1, 0, 0, 0, 0, 0, 2, 2, 0, 2, 0, 0, 0, 0, 2, 2, 0, 0, 0, 0, 2, 2, 2, 2, 1, 0, 0, 2, 2, 2, 2, 0, 0, 0, 1, 1, 2, 0, 0, 0, 1, 1, 1, 0, 1, 2, 0, 0, 0, 0, 0, 2, 2, 2, 1, 2, 1, 2, 0, 1, 0, 0, 1, 0, 2, 2, 0, 1, 2, 0, 2, 0, 0, 2, 1, 2, 2, 0, 2, 0, 0, 2, 1, 2, 2, 0, 2, 1, 2, 2, 0, 0, 0, 2, 0, 0, 0, 2, 1, 0, 1, 2, 0, 0, 1, 0, 0, 2, 1, 1, 1, 0, 0, 2, 1, 1, 1, 0, 1, 0, 1, 0, 2, 0, 1, 2, 0, 2, 0, 1, 0, 0, 1, 0, 0, 0, 1, 1, 2, 0, 0, 0, 2, 1, 0, 2, 0, 2, 0, 1, 0, 2, 2, 0, 0, 0, 0, 2, 2, 2, 1, 2, 1, 2, 2, 2, 0, 0, 1, 0, 0, 0, 0, 0, 0, 0, 2, 2, 0, 1, 1, 0, 0, 0, 0, 1, 1, 2, 0, 0, 2, 1, 1, 0, 2, 2, 1, 1, 0, 2, 1, 2, 0, 2, 2, 0, 0, 0, 0, 2, 0, 0, 0, 2, 0, 2, 0, 0, 1, 2, 1, 0, 1, 2, 2, 1, 0, 0, 0, 1, 2, 2, 0, 2, 0, 1, 1, 0, 0, 1, 2, 0, 0, 1, 2, 2, 0, 1, 0, 1, 1, 2, 0, 2, 2, 2, 2, 0, 0, 0, 0, 0, 1, 0, 0, 2, 1, 0, 0, 0, 2, 2, 0, 1, 0, 2, 2, 0, 0, 1, 0, 0, 2, 2, 0, 1, 1, 1, 0, 2, 2, 2, 0, 0, 0, 0, 0, 0, 2, 2, 1, 2, 0, 0, 2, 0, 0, 1, 0, 0, 0, 0, 1, 0, 0, 2, 1, 0, 2, 2, 0, 0, 0, 0, 1, 0, 0, 2, 1, 0, 1, 0, 2, 0, 1, 0, 0, 0, 0, 0, 0, 0, 2, 2, 2, 1, 2, 0, 0, 0, 1, 1, 1, 0, 0, 0, 1, 0, 0, 2, 0, 1, 2, 0, 0, 0, 2, 2, 2, 1, 0, 0, 1, 0, 2, 1, 2, 1, 2, 2, 2, 1, 2, 2, 1, 1, 0, 1, 0, 0, 0, 2, 1, 1, 0, 1, 2, 1, 1, 0, 2, 0, 2, 1, 0, 0, 2, 1, 2, 1, 0, 2, 1, 0, 0, 2, 0, 0, 1, 0, 1, 0, 0, 0, 1, 0, 1, 2, 1, 0, 0, 2, 1, 0, 1, 2, 0, 0, 0, 1, 2, 1, 0, 1, 1, 1, 2, 0, 0, 0, 2, 1, 0, 2, 0, 1, 0, 2, 2, 0, 1, 0, 2, 0, 2, 0, 0, 0, 1, 0, 1, 1, 0, 0, 0, 0, 2, 2, 1, 0, 0, 0, 0, 1, 2, 2, 1, 0, 0, 0, 0, 2, 0, 1, 1, 2, 2, 1, 0, 2, 2, 2, 0, 0, 2, 0, 2, 0, 2, 1, 0, 0, 2, 1, 2, 0, 0, 2, 1, 1, 1, 2, 0, 0, 0, 2, 1, 2, 0, 1, 0, 2, 1, 2, 0, 0, 0, 1, 2, 0, 1, 0, 0, 2, 1, 2, 1, 0, 1, 1, 1, 1, 1, 0, 0, 0, 2, 1, 1, 0, 2, 0, 0, 0, 0, 1, 1, 0, 1, 0, 2, 0, 0, 1, 2, 0, 1, 2, 1, 0, 1, 2, 0, 2, 1, 1, 1, 0, 0, 0, 0, 2, 1, 1, 1, 0, 0, 1, 0, 2, 0, 0, 1, 0, 1, 2, 0, 0, 1, 1, 1, 0, 0, 1, 0, 1, 0, 0, 0, 0, 0, 1, 2, 0, 2, 1, 1, 0, 0, 1, 0, 2, 0, 0, 0, 2, 0, 0, 0, 0, 0, 2, 0, 1, 1, 0, 0, 2, 0, 2, 2, 1, 0, 2, 2, 0, 0, 1, 1, 0, 1, 2, 2, 2, 0, 2, 1, 0, 0, 2, 1, 0, 0, 1, 0, 0, 0, 2, 0, 1, 1, 0, 2, 1, 2, 1, 0, 0, 0, 0, 0, 1, 1, 1, 0, 2, 0, 0, 2, 0, 2, 0, 1, 2, 2, 0, 0, 2, 0, 2, 0, 1, 0, 0, 2, 1, 2, 2, 0, 0, 2, 0, 0, 0, 1, 0, 2, 2, 1, 0, 1, 2, 2, 1, 1, 0, 0, 0, 1, 1, 0, 1, 2, 2, 0, 2, 2, 0, 1, 2, 2, 1, 1, 0, 2, 1, 0, 2, 2, 1, 0, 1, 0, 1, 1, 0, 1, 2, 0, 1, 0, 1, 1, 1, 1, 2, 0, 0, 2, 1, 2, 1, 1, 1, 0, 0, 2, 0, 0, 2, 2, 2, 0, 2, 0, 0, 0, 0, 0, 1, 1, 0, 0, 1, 1, 2, 2, 1, 0, 2, 0, 2, 0, 0, 0, 0, 2, 0, 2, 0, 0, 0, 2, 0, 0, 2, 0, 2, 0, 0, 0, 0, 0, 1, 1, 0, 1, 0, 2, 0, 1, 0, 1, 0, 0, 2, 2, 1, 2, 0, 0, 0, 0, 0, 0, 0, 0, 2, 0, 0, 1, 0, 0, 1, 0, 0, 2, 0, 1, 0, 2, 2, 2, 1, 2, 0, 0, 1, 1, 0, 0, 0, 0, 1, 0, 2, 0, 2, 1, 1, 1, 0, 0, 0, 1, 1, 1, 0, 0, 2, 2, 0, 0, 2, 0, 2, 0, 1, 2, 0, 1, 0, 2, 0, 1, 2, 2, 1, 2, 2, 0, 2, 0, 1, 2, 2, 2, 1, 0, 0, 0, 0, 0, 2, 0, 0, 2, 0, 0, 0, 0, 2, 2, 0, 0, 2, 2, 0, 1, 0, 0, 0, 2, 1, 2, 1, 2, 0, 0, 1, 1, 0, 0, 0, 2, 0, 2, 1, 1, 1, 2, 2, 2, 0, 0, 0, 2, 0, 2, 0, 1, 0, 0, 0, 0, 0, 1, 1, 1, 0, 0, 1, 0, 0, 0, 1, 2, 0, 1, 2, 1, 1, 0, 2, 0, 0, 1, 1, 1, 1, 2, 0, 0, 0, 2, 0, 0, 1, 2, 2, 0, 0, 2, 0, 0, 0, 0, 2, 1, 0, 0, 2, 1, 2, 0, 1, 1, 1, 0, 2, 1, 2, 2, 0, 1, 0, 0, 1, 0, 0, 1, 2, 2, 0, 2, 0, 0, 2, 0, 2, 2, 1, 0, 1, 1, 2, 0, 0, 0, 0, 0, 2, 1, 2, 0, 2, 2, 0, 0, 0, 1, 0, 0, 0, 2, 0, 0, 0, 1, 1, 0, 0, 0, 2, 2, 0, 0, 1, 1, 0, 2, 2, 2, 1, 0, 2, 0, 1, 1, 2, 2, 2, 2, 0, 0, 0, 0, 0, 0, 0, 0, 2, 0, 1, 2, 0, 0, 0, 0, 0, 0, 0, 0, 0, 0, 0, 0, 0, 0, 1, 2, 0, 2, 2, 1, 0, 0, 2, 0, 2, 0, 0, 1, 1, 2, 2, 2, 0, 0, 0, 2, 0, 2, 2, 1, 1, 0, 0, 2, 1, 0, 2, 1, 0, 0, 0, 2, 0, 0, 2, 0, 0, 0, 1, 2, 0, 1, 2, 1, 0, 2, 2, 0, 0, 2, 2, 2, 0, 2, 2, 1, 1, 2, 2, 2, 0, 2, 2, 0, 0, 0, 2, 0, 2, 0, 0, 1, 0, 2, 2, 1, 2, 2, 2, 1, 1, 0, 1, 0, 1, 0, 0, 1, 1, 1, 0, 1, 2, 2, 0, 0, 2, 0, 1, 0, 1, 1, 2, 2, 1, 0, 1, 1, 2, 0, 0, 1, 0, 2, 1, 1, 0, 1, 0, 2, 0, 2, 2, 0, 0, 1, 1, 2, 2, 1, 2, 0, 2, 1, 2, 2, 0, 0, 1, 2, 0, 2, 0, 1, 1, 0, 2, 0, 0, 2, 2, 0, 2, 0, 0, 0, 0, 2, 1, 1, 1, 2, 0, 2, 1, 0, 0, 1, 0, 1, 0, 2, 1, 0, 0, 0, 2, 2, 2, 0, 0, 0, 0, 0, 0, 2, 0, 0, 0, 0, 0, 0, 1, 2, 0, 2, 2, 0, 0, 2, 1, 0, 1, 2, 2, 1, 1, 0, 0, 0, 0, 0, 0, 1, 0, 0, 2, 2, 0, 0, 1, 0, 2, 0, 0, 1, 1, 0, 2, 0, 0, 2, 1, 0, 0, 2, 1, 1, 2, 0, 2, 1, 1, 0, 1, 0, 2, 2, 0, 0, 2, 2, 2, 2, 2, 2, 1, 0, 1, 1, 1, 0, 1, 1, 2, 1, 0, 2, 2, 2, 1, 1, 2, 0, 0, 0, 0, 0, 1, 0, 0, 0, 0, 2, 0, 0, 1, 1, 2, 2, 2, 0, 2, 2, 1, 1, 0, 0, 0, 0, 0, 0, 2, 2, 0, 1, 1, 1, 0, 0, 0, 0, 0, 2, 1, 0, 1, 0, 2, 2, 2, 1, 2, 1, 2, 2, 2, 2, 0, 0, 1, 0, 0, 2, 1, 1, 1, 2, 0, 0, 2, 0, 1, 1, 2, 1, 0, 2, 0, 0, 0, 0, 2, 0, 0, 0, 2, 0, 2, 0, 1, 1, 0, 0, 1, 2, 1, 1, 0, 0, 0, 0, 0, 2, 0, 2, 0, 0, 1, 0, 0, 2, 1, 0, 0, 1, 0, 1, 2, 1, 2, 1, 0, 2, 1, 1, 1, 0, 1, 0, 0, 0, 0, 1, 0, 0, 2, 0, 0, 0, 1, 0, 1, 1, 0, 0, 2, 0, 2, 0, 2, 0, 0]
0.3408170776591829
array([[  82,   96, 1116],
       [   0,  112,  552],
       [   0,   27,  732]])
