epoch: 1
100
126.7385323047638
200
252.66714882850647
300
378.14682936668396
400
504.3204393386841
500
631.458261013031
600
758.2099561691284
Epoch: 1 | Training Loss: 0.559079 | Train ACC: 0.7538
epoch: 2
100
972.2975552082062
200
1084.0412883758545
300
1196.181548833847
400
1307.4368255138397
500
1418.4218187332153
600
1528.3049275875092
Epoch: 2 | Training Loss: 0.405622 | Train ACC: 0.8347
epoch: 3
100
1724.1470077037811
200
1834.9739065170288
300
1945.0361731052399
400
2054.2229273319244
500
2163.712536096573
600
2272.609872817993
Epoch: 3 | Training Loss: 0.329451 | Train ACC: 0.8738
epoch: 4
100
2469.15456032753
200
2579.3946895599365
300
2689.62974858284
400
2798.498492002487
500
2908.6701760292053
600
3017.3581693172455
Epoch: 4 | Training Loss: 0.273357 | Train ACC: 0.8923
epoch: 5
100
3213.4735136032104
200
3323.833384990692
300
3433.932642698288
400
3543.779862880707
500
3653.030501127243
600
3762.804297208786
Epoch: 5 | Training Loss: 0.233967 | Train ACC: 0.9104
epoch: 6
100
3958.6367704868317
200
4069.008164167404
300
4179.957577705383
400
4288.7698431015015
500
4397.709960460663
600
4507.13552904129
Epoch: 6 | Training Loss: 0.204733 | Train ACC: 0.9187
epoch: 7
100
4703.079866409302
200
4812.412977218628
300
4922.614091873169
400
5031.721358299255
500
5141.3871195316315
600
5249.853543758392
Epoch: 7 | Training Loss: 0.179352 | Train ACC: 0.9321
epoch: 8
100
5445.660039424896
200
5555.404609918594
300
5665.684870958328
400
5775.258298635483
500
5884.532245874405
600
5993.0988981723785
Epoch: 8 | Training Loss: 0.153670 | Train ACC: 0.9418
epoch: 9
100
6189.046348333359
200
6298.815185070038
300
6408.483541727066
400
6517.571628808975
500
6627.4276287555695
600
6735.767922639847
Epoch: 9 | Training Loss: 0.147879 | Train ACC: 0.9461
epoch: 10
100
6931.573559522629
200
7040.983732223511
300
7151.2521233558655
400
7260.069041490555
500
7369.543233633041
600
7478.49479842186
Epoch: 10 | Training Loss: 0.121297 | Train ACC: 0.9547
epoch: 11
100
7674.112241268158
200
7783.359638214111
300
7893.141273260117
400
8001.928083181381
500
8111.063326835632
600
8220.358318567276
Epoch: 11 | Training Loss: 0.125612 | Train ACC: 0.9520
epoch: 12
100
8417.554326295853
200
8527.518725395203
300
8637.28911614418
400
8746.390744447708
500
8856.179062366486
600
8964.5732588768
Epoch: 12 | Training Loss: 0.103655 | Train ACC: 0.9610
epoch: 13
100
9160.365400075912
200
9270.169927358627
300
9379.716447591782
400
9488.60220193863
500
9598.120244503021
600
9707.608555316925
Epoch: 13 | Training Loss: 0.087663 | Train ACC: 0.9687
epoch: 14
100
9903.615596532822
200
10013.759011745453
300
10141.424020767212
400
10270.072260141373
500
10399.086847543716
600
10527.375926017761
Epoch: 14 | Training Loss: 0.080306 | Train ACC: 0.9702
epoch: 15
100
10757.404989480972
200
10886.56737947464
300
11000.229243040085
400
11110.402304649353
500
11220.004439353943
600
11329.145683288574
Epoch: 15 | Training Loss: 0.099536 | Train ACC: 0.9654
epoch: 16
100
11525.925067901611
200
11635.921858549118
300
11746.050525188446
400
11855.094324588776
500
11964.665396690369
600
12072.579588651657
Epoch: 16 | Training Loss: 0.079541 | Train ACC: 0.9700
epoch: 17
100
12268.302328109741
200
12377.428055763245
300
12486.829289913177
400
12594.839549541473
500
12702.956300020218
600
12811.46566271782
Epoch: 17 | Training Loss: 0.067904 | Train ACC: 0.9742
epoch: 18
100
13007.322047948837
200
13116.668036699295
300
13226.970533847809
400
13335.938784837723
500
13445.649953126907
600
13554.39726138115
Epoch: 18 | Training Loss: 0.056552 | Train ACC: 0.9787
epoch: 19
100
13748.68411564827
200
13858.0065472126
300
13970.487598896027
400
14091.476397275925
500
14220.679012537003
600
14343.268459320068
Epoch: 19 | Training Loss: 0.059534 | Train ACC: 0.9787
epoch: 20
100
14565.45061159134
200
14686.434587478638
300
14805.806599855423
400
14922.251746177673
500
15042.234756708145
600
15158.685486078262
Epoch: 20 | Training Loss: 0.054647 | Train ACC: 0.9807
Training complete in 254m 11s
Validation Loss: 0.786823 | Validation ACC: 0.7855
epoch: 1
100
109.62823104858398
200
219.41050958633423
300
332.4022514820099
400
445.3136398792267
500
558.4149701595306
600
674.0538668632507
Epoch: 1 | Training Loss: 0.541279 | Train ACC: 0.7654
epoch: 2
100
875.7885773181915
200
984.746260881424
300
1097.4348874092102
400
1210.7708840370178
500
1320.5675358772278
600
1429.089215040207
Epoch: 2 | Training Loss: 0.409838 | Train ACC: 0.8359
epoch: 3
100
1634.0845613479614
200
1750.069539308548
300
1872.4320378303528
400
1991.8029325008392
500
2110.4441039562225
600
2231.1578271389008
Epoch: 3 | Training Loss: 0.327730 | Train ACC: 0.8695
epoch: 4
100
2445.1528446674347
200
2560.482093334198
300
2676.204098701477
400
2790.2488515377045
500
2908.8063576221466
600
3028.8475184440613
Epoch: 4 | Training Loss: 0.281499 | Train ACC: 0.8896
epoch: 5
100
3241.3266956806183
200
3355.8726723194122
300
3471.4900348186493
400
3584.52130651474
500
3698.490230321884
600
3812.268254995346
Epoch: 5 | Training Loss: 0.253990 | Train ACC: 0.9029
epoch: 6
100
4009.9342579841614
200
4118.827005624771
300
4228.377703666687
400
4337.366371870041
500
4448.016453504562
600
4557.6248207092285
Epoch: 6 | Training Loss: 0.212798 | Train ACC: 0.9163
epoch: 7
100
4753.817163467407
200
4862.541485071182
300
4973.080686330795
400
5083.185859441757
500
5192.681396245956
600
5306.482482433319
Epoch: 7 | Training Loss: 0.184945 | Train ACC: 0.9259
epoch: 8
100
5515.735753536224
200
5631.6277668476105
300
5748.0728125572205
400
5861.839606285095
500
5979.173797369003
600
6098.189945459366
Epoch: 8 | Training Loss: 0.165831 | Train ACC: 0.9341
epoch: 9
100
6308.36066198349
200
6422.5312485694885
300
6536.754060268402
400
6650.448246717453
500
6767.52885556221
600
6883.643354654312
Epoch: 9 | Training Loss: 0.151519 | Train ACC: 0.9408
epoch: 10
100
7089.080244779587
200
7202.158413887024
300
7316.218559026718
400
7430.110892772675
500
7545.706656217575
600
7663.700803995132
Epoch: 10 | Training Loss: 0.125162 | Train ACC: 0.9522
epoch: 11
100
7872.832054853439
200
7985.939910411835
300
8098.832074403763
400
8211.484633207321
500
8326.666843652725
600
8443.34967660904
Epoch: 11 | Training Loss: 0.127984 | Train ACC: 0.9485
epoch: 12
100
8649.991037845612
200
8763.453602552414
300
8877.573444843292
400
8990.063428640366
500
9105.2015106678
600
9222.513303041458
Epoch: 12 | Training Loss: 0.113866 | Train ACC: 0.9558
epoch: 13
100
9431.845117330551
200
9544.45217037201
300
9658.017074108124
400
9771.242530584335
500
9886.302166700363
600
10004.853278160095
Epoch: 13 | Training Loss: 0.112408 | Train ACC: 0.9557
epoch: 14
100
10210.788651227951
200
10331.651441335678
300
10456.17405796051
400
10578.291039466858
500
10701.730857610703
600
10822.406683444977
Epoch: 14 | Training Loss: 0.088561 | Train ACC: 0.9676
epoch: 15
100
11019.771483898163
200
11129.35416674614
300
11244.418419599533
400
11361.86914396286
500
11473.12596154213
600
11586.954179048538
Epoch: 15 | Training Loss: 0.093474 | Train ACC: 0.9634
epoch: 16
100
11794.716522216797
200
11904.641079187393
300
12014.486994504929
400
12123.668519496918
500
12232.629143953323
600
12341.6980946064
Epoch: 16 | Training Loss: 0.082045 | Train ACC: 0.9700
epoch: 17
100
12537.979863405228
200
12647.58375954628
300
12758.261995792389
400
12867.652131080627
500
12976.154286384583
600
13085.384279251099
Epoch: 17 | Training Loss: 0.075284 | Train ACC: 0.9685
epoch: 18
100
13282.144530296326
200
13393.359231710434
300
13506.558507442474
400
13618.471455812454
500
13728.705900907516
600
13844.504045963287
Epoch: 18 | Training Loss: 0.064799 | Train ACC: 0.9763
epoch: 19
100
14049.751662492752
200
14163.412314653397
300
14275.292048454285
400
14384.681522607803
500
14493.478433132172
600
14603.091777563095
Epoch: 19 | Training Loss: 0.068661 | Train ACC: 0.9744
epoch: 20
100
14799.172070503235
200
14910.169846534729
300
15022.807089328766
400
15133.03989481926
500
15247.65548658371
600
15360.883521795273
Epoch: 20 | Training Loss: 0.051081 | Train ACC: 0.9812
Training complete in 257m 31s
Validation Loss: 0.976417 | Validation ACC: 0.8513
epoch: 1
100
107.64424633979797
200
217.21248173713684
300
326.30211997032166
400
436.83688497543335
500
548.4968042373657
600
661.1184017658234
Epoch: 1 | Training Loss: 0.552137 | Train ACC: 0.7557
epoch: 2
100
860.207789182663
200
970.0527086257935
300
1080.788277387619
400
1190.9329853057861
500
1300.4704177379608
600
1409.4172296524048
Epoch: 2 | Training Loss: 0.388457 | Train ACC: 0.8405
epoch: 3
100
1605.2284078598022
200
1715.7560393810272
300
1824.5669133663177
400
1933.7412812709808
500
2041.746570110321
600
2149.146356344223
Epoch: 3 | Training Loss: 0.317253 | Train ACC: 0.8714
epoch: 4
100
2342.2891130447388
200
2450.401555776596
300
2557.8396034240723
400
2666.4414613246918
500
2773.62255191803
600
2880.2643110752106
Epoch: 4 | Training Loss: 0.265401 | Train ACC: 0.8981
epoch: 5
100
3074.2880787849426
200
3183.2779710292816
300
3290.1476781368256
400
3398.171483516693
500
3505.3050615787506
600
3612.9162921905518
Epoch: 5 | Training Loss: 0.225331 | Train ACC: 0.9154
epoch: 6
100
3806.7046916484833
200
3915.6309928894043
300
4022.4748470783234
400
4131.139517068863
500
4239.212552785873
600
4345.472633838654
Epoch: 6 | Training Loss: 0.199370 | Train ACC: 0.9225
epoch: 7
100
4539.271264791489
200
4647.711229324341
300
4755.852028369904
400
4864.130408525467
500
4971.198585033417
600
5078.436235904694
Epoch: 7 | Training Loss: 0.174264 | Train ACC: 0.9319
epoch: 8
100
5270.087521076202
200
5378.467110872269
300
5486.157246351242
400
5594.808666229248
500
5702.9372980594635
600
5810.531343221664
Epoch: 8 | Training Loss: 0.156683 | Train ACC: 0.9400
epoch: 9
100
6003.589053153992
200
6111.340140104294
300
6218.611553668976
400
6327.038419485092
500
6433.472358942032
600
6540.064363241196
Epoch: 9 | Training Loss: 0.144031 | Train ACC: 0.9446
epoch: 10
100
6733.666860342026
200
6841.846024513245
300
6950.285432577133
400
7057.647755861282
500
7164.612780570984
600
7271.84178352356
Epoch: 10 | Training Loss: 0.130040 | Train ACC: 0.9511
epoch: 11
100
7464.480176925659
200
7571.696799039841
300
7677.78564953804
400
7783.746328115463
500
7889.468840837479
600
7995.406047582626
Epoch: 11 | Training Loss: 0.118041 | Train ACC: 0.9546
epoch: 12
100
8187.01055598259
200
8297.49573969841
300
8408.512000083923
400
8519.607248306274
500
8628.76482963562
600
8737.052771806717
Epoch: 12 | Training Loss: 0.097938 | Train ACC: 0.9661
epoch: 13
100
8931.229890346527
200
9039.533795118332
300
9148.325325250626
400
9257.129279375076
500
9364.94451880455
600
9474.577001571655
Epoch: 13 | Training Loss: 0.098093 | Train ACC: 0.9623
epoch: 14
100
9670.775391340256
200
9780.565133333206
300
9889.667742490768
400
9998.725616693497
500
10109.53135561943
600
10219.098057985306
Epoch: 14 | Training Loss: 0.095337 | Train ACC: 0.9603
epoch: 15
100
10415.264948368073
200
10524.951295375824
300
10633.503929138184
400
10743.017301559448
500
10851.21681547165
600
10961.27133512497
Epoch: 15 | Training Loss: 0.077765 | Train ACC: 0.9706
epoch: 16
100
11156.555762290955
200
11265.562574625015
300
11375.190249204636
400
11485.245070457458
500
11594.434535503387
600
11703.380600452423
Epoch: 16 | Training Loss: 0.085843 | Train ACC: 0.9706
epoch: 17
100
11898.40516591072
200
12007.988332509995
300
12117.893321752548
400
12228.741479158401
500
12337.740680217743
600
12446.595054626465
Epoch: 17 | Training Loss: 0.064067 | Train ACC: 0.9770
epoch: 18
100
12642.744942188263
200
12751.931718587875
300
12860.848940372467
400
12969.033400297165
500
13076.254732131958
600
13183.176814079285
Epoch: 18 | Training Loss: 0.051431 | Train ACC: 0.9803
epoch: 19
100
13376.410587072372
200
13485.655400037766
300
13595.518936634064
400
13706.42549943924
500
13815.571798086166
600
13924.532992124557
Epoch: 19 | Training Loss: 0.048449 | Train ACC: 0.9834
epoch: 20
100
14118.432551145554
200
14228.09963274002
300
14338.421493530273
400
14447.846825361252
500
14556.690448760986
600
14665.651695251465
Epoch: 20 | Training Loss: 0.065036 | Train ACC: 0.9746
Training complete in 245m 52s
Validation Loss: 2.013618 | Validation ACC: 0.5720
kfold preds 0: [2, 1, 0, 0, 2, 0, 1, 1, 2, 0, 0, 0, 0, 1, 0, 1, 1, 1, 1, 1, 1, 0, 2, 1, 1, 0, 0, 0, 0, 0, 0, 2, 2, 0, 0, 0, 0, 1, 1, 0, 1, 0, 1, 0, 0, 1, 1, 1, 0, 0, 2, 1, 0, 0, 1, 0, 0, 1, 0, 0, 1, 0, 2, 0, 0, 0, 2, 0, 0, 0, 0, 1, 1, 0, 0, 0, 2, 1, 1, 0, 0, 0, 2, 0, 0, 0, 1, 0, 0, 0, 2, 1, 1, 1, 0, 0, 0, 0, 0, 1, 0, 0, 1, 1, 1, 0, 0, 1, 2, 0, 0, 0, 1, 0, 0, 1, 2, 0, 2, 2, 0, 0, 0, 0, 1, 0, 1, 0, 0, 2, 2, 2, 1, 2, 1, 0, 0, 1, 0, 0, 1, 0, 1, 2, 0, 1, 2, 1, 0, 2, 2, 2, 0, 0, 1, 0, 1, 0, 1, 1, 2, 0, 0, 0, 1, 0, 0, 1, 0, 1, 2, 0, 0, 0, 0, 1, 0, 2, 1, 0, 2, 1, 0, 1, 0, 1, 1, 1, 2, 0, 0, 1, 0, 0, 0, 0, 2, 0, 0, 1, 0, 2, 2, 1, 0, 0, 0, 0, 0, 0, 2, 0, 0, 0, 0, 2, 0, 2, 0, 1, 1, 1, 0, 1, 2, 1, 0, 0, 1, 0, 0, 0, 0, 0, 2, 2, 0, 1, 1, 0, 0, 1, 1, 2, 0, 0, 1, 0, 1, 0, 0, 0, 0, 1, 1, 1, 1, 0, 1, 0, 0, 2, 0, 1, 0, 1, 0, 0, 2, 0, 2, 1, 1, 0, 0, 1, 0, 0, 0, 1, 1, 0, 1, 1, 0, 1, 0, 1, 1, 2, 1, 0, 1, 0, 0, 0, 0, 0, 1, 2, 0, 0, 0, 2, 2, 0, 0, 0, 0, 0, 0, 1, 0, 0, 1, 0, 0, 1, 0, 0, 0, 0, 0, 0, 0, 0, 0, 1, 1, 0, 1, 0, 1, 2, 1, 0, 2, 0, 0, 1, 1, 0, 1, 1, 0, 0, 0, 2, 0, 0, 0, 1, 0, 1, 0, 0, 0, 1, 1, 1, 1, 2, 0, 1, 0, 1, 0, 1, 0, 1, 1, 1, 0, 0, 1, 0, 1, 0, 0, 0, 1, 0, 0, 0, 0, 0, 0, 2, 1, 0, 0, 0, 1, 0, 0, 0, 2, 0, 0, 0, 0, 1, 0, 2, 1, 0, 0, 0, 2, 0, 1, 0, 0, 0, 1, 1, 0, 1, 0, 1, 2, 0, 2, 0, 1, 2, 1, 1, 0, 0, 0, 1, 1, 0, 2, 1, 0, 2, 0, 0, 2, 0, 1, 0, 1, 0, 2, 1, 0, 0, 1, 1, 1, 1, 1, 2, 2, 1, 1, 0, 0, 0, 0, 0, 2, 0, 0, 1, 0, 0, 2, 1, 0, 0, 0, 2, 0, 0, 1, 0, 0, 1, 1, 1, 0, 1, 1, 0, 1, 0, 0, 1, 0, 0, 0, 2, 2, 1, 1, 2, 1, 0, 2, 0, 0, 2, 0, 1, 1, 2, 2, 2, 1, 1, 0, 1, 1, 2, 0, 1, 1, 1, 0, 0, 1, 2, 2, 0, 0, 0, 1, 0, 1, 1, 0, 2, 1, 1, 1, 2, 0, 1, 1, 1, 1, 1, 1, 0, 1, 2, 1, 0, 2, 2, 0, 0, 0, 1, 2, 1, 0, 0, 1, 0, 2, 1, 0, 0, 0, 1, 0, 0, 0, 0, 1, 0, 1, 2, 1, 1, 1, 1, 0, 0, 1, 0, 1, 1, 2, 1, 1, 1, 0, 1, 2, 0, 0, 0, 0, 0, 0, 0, 1, 1, 0, 1, 0, 1, 0, 0, 1, 0, 1, 0, 0, 2, 1, 2, 0, 0, 0, 1, 1, 0, 2, 0, 1, 0, 2, 0, 0, 1, 1, 0, 0, 1, 1, 0, 0, 1, 1, 2, 0, 2, 1, 2, 1, 0, 1, 0, 0, 0, 0, 2, 0, 0, 1, 0, 0, 0, 0, 1, 0, 1, 0, 0, 0, 0, 0, 2, 1, 1, 0, 0, 0, 2, 1, 0, 0, 2, 1, 1, 1, 0, 2, 0, 0, 2, 0, 0, 0, 0, 0, 2, 0, 0, 2, 0, 1, 0, 2, 0, 0, 1, 1, 0, 0, 0, 0, 0, 0, 0, 0, 0, 2, 0, 0, 1, 1, 0, 0, 0, 1, 1, 0, 1, 1, 0, 1, 0, 0, 0, 2, 0, 0, 1, 0, 1, 0, 2, 2, 1, 1, 1, 1, 1, 0, 1, 0, 1, 1, 2, 0, 1, 2, 0, 0, 0, 0, 0, 1, 2, 1, 1, 0, 0, 1, 0, 0, 1, 0, 0, 2, 0, 1, 0, 1, 2, 1, 0, 0, 1, 0, 1, 0, 2, 0, 0, 0, 0, 0, 2, 0, 1, 0, 1, 1, 2, 0, 2, 1, 0, 0, 2, 0, 1, 0, 0, 0, 1, 1, 2, 2, 1, 0, 1, 1, 2, 0, 0, 2, 0, 0, 1, 0, 1, 1, 0, 2, 2, 2, 1, 0, 0, 1, 1, 0, 0, 1, 0, 0, 1, 0, 1, 0, 0, 0, 1, 0, 2, 2, 2, 1, 2, 0, 0, 0, 0, 2, 0, 0, 1, 1, 2, 1, 2, 1, 0, 0, 0, 0, 0, 1, 0, 0, 0, 0, 0, 0, 1, 0, 0, 0, 0, 1, 0, 0, 2, 2, 0, 0, 0, 1, 1, 2, 1, 1, 2, 0, 0, 0, 0, 0, 1, 1, 2, 1, 1, 2, 0, 2, 0, 0, 0, 1, 0, 2, 0, 1, 0, 1, 0, 2, 0, 0, 0, 1, 0, 1, 0, 2, 0, 1, 2, 0, 0, 0, 1, 0, 0, 2, 0, 1, 1, 0, 0, 0, 0, 0, 2, 1, 1, 0, 0, 2, 0, 0, 1, 0, 0, 0, 2, 0, 0, 0, 2, 0, 2, 0, 1, 0, 1, 2, 2, 0, 0, 0, 0, 0, 1, 0, 0, 1, 0, 1, 0, 1, 0, 0, 2, 0, 1, 0, 0, 0, 2, 0, 0, 2, 0, 0, 1, 1, 0, 2, 0, 1, 2, 1, 0, 0, 0, 1, 1, 1, 2, 0, 1, 1, 2, 2, 2, 2, 0, 2, 1, 2, 1, 0, 0, 1, 1, 2, 0, 1, 0, 0, 0, 1, 1, 0, 0, 0, 0, 2, 0, 0, 0, 2, 0, 0, 1, 0, 0, 1, 0, 0, 0, 0, 2, 0, 0, 2, 0, 1, 1, 0, 1, 1, 0, 0, 1, 1, 0, 1, 0, 2, 2, 0, 0, 0, 1, 0, 1, 0, 0, 0, 1, 0, 0, 0, 0, 0, 0, 1, 1, 0, 0, 2, 0, 0, 0, 0, 1, 1, 1, 1, 0, 0, 2, 0, 1, 0, 1, 1, 0, 0, 0, 1, 2, 0, 1, 1, 0, 0, 2, 0, 0, 2, 1, 0, 1, 1, 1, 0, 0, 0, 0, 1, 0, 1, 2, 2, 1, 0, 1, 0, 0, 2, 2, 2, 0, 0, 0, 2, 1, 1, 0, 1, 0, 1, 0, 0, 0, 1, 0, 0, 0, 0, 1, 0, 0, 0, 0, 1, 0, 1, 2, 1, 1, 1, 1, 0, 1, 1, 2, 2, 1, 0, 1, 1, 0, 0, 1, 1, 0, 0, 0, 1, 0, 1, 2, 0, 1, 1, 1, 1, 1, 0, 0, 0, 1, 0, 0, 1, 0, 1, 2, 0, 1, 0, 2, 2, 1, 1, 2, 0, 2, 0, 0, 1, 0, 1, 0, 0, 1, 1, 0, 0, 2, 1, 0, 1, 0, 0, 0, 2, 0, 0, 1, 1, 0, 1, 1, 0, 0, 0, 1, 0, 0, 0, 2, 2, 1, 1, 1, 0, 0, 0, 0, 0, 1, 0, 0, 0, 0, 1, 0, 0, 1, 1, 0, 0, 0, 0, 0, 1, 1, 0, 0, 0, 1, 2, 0, 2, 1, 1, 0, 1, 0, 0, 1, 0, 0, 0, 2, 1, 1, 1, 2, 0, 1, 1, 0, 2, 0, 0, 1, 1, 0, 0, 0, 2, 0, 0, 0, 2, 0, 1, 2, 0, 1, 0, 1, 0, 2, 1, 0, 0, 1, 1, 2, 1, 1, 0, 1, 1, 2, 1, 2, 0, 0, 0, 2, 0, 0, 2, 0, 1, 2, 0, 1, 0, 0, 2, 0, 0, 2, 2, 2, 0, 1, 1, 1, 1, 0, 2, 0, 0, 2, 0, 1, 1, 1, 1, 1, 0, 1, 1, 2, 0, 0, 1, 1, 1, 0, 1, 0, 1, 0, 0, 0, 1, 2, 0, 0, 0, 0, 0, 0, 0, 1, 0, 0, 2, 1, 0, 1, 1, 0, 2, 0, 1, 1, 0, 1, 0, 0, 1, 0, 0, 1, 1, 0, 1, 2, 0, 0, 0, 1, 0, 0, 1, 1, 0, 0, 1, 1, 1, 1, 2, 0, 0, 1, 0, 0, 1, 0, 1, 0, 0, 0, 0, 0, 1, 1, 2, 0, 1, 0, 0, 1, 1, 0, 1, 0, 2, 1, 0, 2, 0, 2, 0, 1, 0, 1, 0, 0, 2, 0, 2, 2, 1, 0, 0, 1, 0, 0, 0, 0, 2, 0, 2, 0, 0, 1, 0, 0, 1, 0, 1, 1, 0, 0, 0, 1, 2, 0, 1, 0, 0, 2, 0, 2, 0, 0, 2, 2, 1, 0, 1, 1, 0, 0, 2, 0, 0, 0, 0, 0, 2, 0, 0, 0, 0, 1, 1, 2, 1, 1, 0, 1, 0, 0, 0, 1, 2, 1, 0, 0, 2, 0, 0, 0, 2, 2, 0, 0, 0, 0, 2, 0, 0, 1, 0, 1, 0, 1, 0, 0, 0, 1, 0, 2, 2, 1, 0, 0, 2, 2, 0, 0, 1, 1, 1, 1, 1, 0, 1, 0, 0, 1, 2, 1, 0, 1, 1, 2, 0, 0, 0, 2, 0, 2, 0, 0, 0, 0, 0, 1, 1, 2, 1, 2, 0, 1, 1, 2, 0, 0, 0, 0, 1, 0, 0, 1, 1, 0, 0, 0, 2, 0, 0, 1, 1, 2, 1, 0, 1, 1, 2, 1, 1, 0, 0, 1, 0, 1, 1, 0, 0, 1, 2, 1, 0, 1, 0, 1, 1, 1, 1, 0, 0, 0, 1, 1, 1, 0, 0, 0, 1, 1, 0, 2, 0, 0, 0, 2, 0, 0, 0, 0, 0, 1, 1, 1, 1, 1, 0, 1, 0, 1, 0, 2, 0, 1, 0, 1, 0, 1, 0, 0, 1, 0, 0, 1, 1, 1, 1, 1, 0, 0, 1, 1, 0, 1, 0, 0, 0, 0, 0, 0, 0, 1, 1, 0, 0, 0, 0, 0, 1, 1, 1, 1, 0, 0, 1, 2, 1, 0, 0, 0, 0, 1, 1, 0, 0, 2, 0, 1, 0, 0, 1, 0, 1, 0, 0, 0, 0, 0, 1, 0, 0, 1, 2, 2, 0, 0, 0, 0, 0, 0, 0, 0, 0, 0, 1, 0, 0, 0, 0, 0, 1, 1, 0, 0, 0, 0, 2, 0, 0, 0, 1, 1, 0, 0, 1, 1, 0, 1, 0, 2, 2, 0, 0, 0, 0, 0, 0, 0, 2, 0, 1, 0, 0, 0, 2, 0, 1, 1, 0, 1, 2, 1, 1, 1, 0, 0, 1, 1, 1, 2, 1, 0, 1, 1, 1, 1, 0, 0, 0, 0, 0, 1, 0, 0, 0, 0, 0, 0, 2, 0, 0, 2, 1, 0, 2, 0, 1, 0, 1, 2, 0, 1, 0, 1, 1, 1, 0, 0, 0, 2, 1, 1, 0, 0, 0, 1, 2, 0, 1, 2, 0, 1, 2, 0, 0, 0, 1, 2, 1, 1, 0, 0, 1, 0, 0, 1, 1, 0, 1, 0, 2, 1, 0, 1, 1, 1, 2, 0, 1, 1, 1, 0, 1, 0, 1, 2, 0, 0, 1, 2, 0, 0, 0, 1, 2, 0, 1, 1, 0, 0, 1, 1, 0, 0, 0, 1, 2, 0, 1, 0, 0, 1, 2, 1, 1, 1, 1, 0, 1, 2, 1, 0, 0, 1, 0, 1, 0, 0, 0, 1, 0, 0, 1, 1, 1, 0, 0, 1, 0, 0, 2, 0, 0, 1, 0, 1, 0, 0, 0, 1, 0, 0, 0, 1, 1, 1, 0, 0, 0, 0, 0, 0, 0, 0, 0, 1, 0, 1, 0, 0, 0, 0, 0, 1, 0, 1, 0, 0, 1, 1, 0, 0, 0, 0, 0, 0, 1, 0, 1, 2, 1, 2, 2, 1, 2, 1, 1, 1, 0, 1, 1, 1, 0, 1, 0, 1, 1, 1, 1, 0, 0, 2, 2, 0, 0, 2, 0, 1, 0, 0, 1, 1, 1, 0, 1, 2, 0, 0, 1, 0, 1, 1, 1, 0, 1, 0, 0, 1, 0, 0, 2, 1, 0, 1, 0, 0, 0, 0, 0, 1, 0, 0, 1, 2, 0, 1, 2, 2, 0, 1, 2, 2, 0, 1, 1, 0, 0, 1, 1, 1, 1, 1, 0, 1, 1, 2, 0, 0, 1, 2, 0, 0, 0, 1, 0, 2, 0, 1, 0, 0, 0, 0, 0, 0, 1, 1, 0, 0, 1, 2, 0, 0, 0, 2, 0, 1, 0, 1, 1, 0, 1, 0, 0, 1, 1, 1, 1, 1, 0, 0, 0, 0, 1, 0, 1, 1, 2, 1, 0, 0, 0, 1, 0, 2, 1, 0, 2, 0, 0, 0, 1, 1, 2, 1, 0, 2, 1, 1, 1, 1, 1, 2, 2, 0, 1, 0, 0, 1, 0, 2, 0, 2, 0, 0, 2, 0, 0, 0, 1, 0, 1, 2, 0, 2, 0, 0, 0, 0, 0, 0, 2, 1, 0, 0, 0, 1, 0, 1, 0, 0, 0, 0, 1, 0, 0, 1, 1, 0, 0, 0, 0, 1, 0, 0, 0, 1, 2, 0, 2, 2, 1, 0, 2, 1, 1, 1, 2, 2, 1, 0, 2, 0, 0, 0, 1, 0, 0, 0, 0, 0, 1, 1, 0, 0, 1, 1, 2, 0, 0, 0, 0, 0, 0, 0, 0, 0, 0, 2, 0, 1, 0, 1, 0, 0, 0, 2, 1, 0, 0, 1, 1, 2, 0, 1, 0, 0, 1, 1, 2, 0, 1, 0, 0, 1, 0, 0, 2, 1, 0, 2, 1, 0, 1, 1, 1, 0, 0, 1, 0, 0, 0, 0, 1, 1, 1, 1, 2, 0, 0, 1, 0, 1, 1, 0, 0, 0, 0, 2, 1, 0, 1, 0, 0, 0, 1, 1, 0, 0, 0, 0, 0, 1, 0, 0, 2, 0, 1, 0, 0, 1, 1, 1, 1, 1, 0, 1, 1, 1, 0, 0, 1, 0, 1, 1, 2, 2, 1, 0, 0, 0, 0, 1, 0, 1, 1, 1, 0, 2, 0, 0, 1, 1, 0, 2, 1, 0, 2, 1, 2, 1, 0, 0, 1, 0, 2, 1, 1, 0, 2, 1, 1, 2, 1, 1, 0, 2, 1, 2, 2, 0, 1, 1, 0, 0, 2, 0, 1, 1, 0, 0, 0, 2, 0, 2, 1, 1, 1, 0, 0, 0, 0, 1, 0, 1, 1, 0, 0, 2, 1, 0, 0, 0, 1, 0, 0, 1, 1, 0, 0, 1, 1, 2, 1, 0, 1, 1, 0, 0, 2, 0, 0, 0, 0, 0, 0, 0, 1, 1, 2, 0, 0, 0, 1, 1, 0, 2, 0, 1, 1, 1, 0, 0, 0, 1, 0, 0, 0, 0, 0, 1, 1, 2, 1, 1, 0, 0, 0, 0, 0, 1, 0, 1, 1, 0, 0, 0, 1, 0, 0, 1, 1, 1, 0, 1, 0, 1, 0, 1, 0, 1, 1, 2, 0, 0, 2, 2, 1, 0, 0, 1, 0, 2, 1, 0, 0, 2, 0, 1, 1, 1, 2, 0, 2, 2, 1, 2, 0, 0, 0, 0, 0, 1, 0, 1, 0, 0, 1, 0, 0, 0, 1, 2, 1, 1, 0, 1, 0, 1, 1, 1, 0, 0, 0, 1, 0, 1, 1, 0, 1, 1, 2, 0, 0, 0, 0, 0, 2, 1, 1, 1, 0, 1, 2, 2, 1, 1, 1, 0, 1, 2, 1, 0, 0, 2, 1, 0, 1, 0, 1, 1, 2, 0, 1, 2, 0, 1, 1, 1, 1, 1, 1, 0, 0, 0, 1, 1, 0, 0, 0, 1, 1, 0, 0, 1, 2, 1, 0, 0, 1, 2, 2, 0, 0, 0, 0, 0, 1, 0, 0, 0, 1, 1, 0, 0, 1, 2, 0, 0, 1, 0, 1, 1, 0, 2, 0, 2, 2, 1, 1, 0, 0, 1, 0, 0, 1, 0, 0, 1, 0, 1, 0, 0, 0, 0, 2, 1, 0, 0, 0, 1, 1, 0, 0, 0, 0, 0]
kfold targets 0: [1, 2, 0, 0, 2, 0, 1, 1, 1, 0, 0, 0, 0, 2, 0, 1, 2, 1, 1, 2, 1, 0, 2, 2, 1, 0, 2, 0, 0, 0, 0, 2, 2, 0, 0, 0, 0, 1, 1, 0, 2, 0, 1, 2, 0, 1, 1, 1, 0, 0, 2, 1, 0, 0, 2, 0, 0, 1, 0, 0, 1, 1, 2, 0, 0, 0, 1, 0, 0, 0, 0, 1, 1, 0, 0, 0, 2, 1, 1, 0, 0, 0, 2, 0, 0, 0, 1, 0, 0, 0, 1, 1, 2, 1, 0, 0, 0, 0, 0, 1, 0, 0, 0, 1, 1, 0, 0, 2, 2, 0, 0, 0, 2, 0, 2, 2, 2, 0, 2, 2, 0, 0, 0, 0, 1, 0, 1, 0, 0, 2, 2, 2, 1, 2, 2, 0, 0, 1, 0, 0, 1, 0, 1, 2, 0, 2, 2, 1, 0, 2, 1, 2, 0, 0, 1, 0, 1, 0, 1, 1, 2, 0, 2, 0, 1, 0, 0, 1, 0, 1, 2, 0, 0, 0, 2, 1, 0, 2, 2, 0, 1, 1, 0, 1, 0, 1, 2, 0, 2, 0, 2, 1, 0, 0, 2, 2, 2, 0, 0, 1, 0, 2, 2, 2, 0, 2, 2, 2, 0, 0, 2, 0, 0, 0, 0, 2, 0, 2, 0, 2, 1, 2, 0, 2, 2, 2, 0, 0, 1, 0, 0, 2, 0, 0, 2, 1, 0, 2, 1, 0, 0, 1, 2, 2, 0, 0, 1, 0, 1, 0, 0, 0, 0, 2, 1, 2, 1, 0, 2, 0, 0, 1, 0, 2, 0, 1, 0, 0, 2, 0, 2, 2, 1, 0, 0, 1, 0, 0, 0, 2, 1, 0, 1, 2, 0, 2, 0, 1, 1, 0, 1, 2, 1, 0, 0, 0, 0, 0, 2, 2, 0, 2, 0, 2, 2, 0, 0, 0, 0, 0, 0, 1, 0, 0, 2, 0, 0, 2, 0, 0, 0, 0, 0, 0, 0, 0, 0, 1, 1, 0, 1, 0, 0, 2, 1, 0, 2, 2, 0, 0, 1, 0, 1, 1, 0, 2, 0, 2, 0, 0, 0, 1, 0, 1, 0, 0, 0, 1, 2, 1, 1, 2, 0, 1, 0, 2, 0, 1, 0, 2, 1, 2, 0, 2, 2, 0, 1, 0, 0, 0, 2, 0, 2, 0, 0, 0, 1, 2, 1, 0, 0, 0, 1, 2, 0, 0, 0, 0, 0, 0, 1, 1, 0, 1, 2, 2, 0, 0, 2, 0, 1, 0, 0, 0, 1, 1, 0, 1, 0, 2, 2, 0, 2, 0, 1, 2, 2, 1, 0, 2, 0, 2, 1, 0, 2, 0, 0, 2, 0, 0, 2, 0, 1, 0, 1, 0, 2, 1, 1, 0, 1, 2, 0, 1, 1, 2, 2, 2, 2, 0, 0, 0, 0, 2, 0, 0, 0, 2, 1, 1, 1, 2, 0, 0, 0, 1, 0, 0, 1, 0, 0, 1, 0, 1, 0, 1, 1, 0, 2, 0, 0, 1, 0, 0, 0, 2, 2, 0, 1, 2, 2, 0, 2, 0, 0, 2, 2, 1, 1, 2, 2, 1, 2, 1, 0, 1, 2, 2, 0, 2, 2, 1, 2, 0, 2, 2, 2, 0, 0, 2, 2, 0, 1, 0, 0, 2, 1, 2, 1, 2, 0, 1, 1, 1, 1, 1, 1, 0, 1, 2, 1, 0, 1, 2, 2, 0, 0, 2, 2, 1, 0, 2, 1, 0, 2, 1, 0, 0, 2, 1, 0, 0, 0, 0, 2, 2, 2, 2, 1, 1, 1, 1, 0, 0, 2, 0, 0, 1, 2, 1, 1, 1, 0, 2, 2, 0, 0, 0, 0, 0, 0, 0, 1, 1, 0, 1, 0, 1, 1, 0, 2, 0, 2, 0, 0, 2, 2, 2, 0, 0, 0, 1, 2, 0, 2, 0, 1, 0, 2, 0, 0, 1, 1, 2, 0, 1, 1, 0, 0, 2, 1, 2, 0, 2, 2, 2, 1, 0, 2, 2, 0, 0, 0, 1, 2, 0, 2, 0, 0, 0, 2, 1, 0, 2, 0, 1, 0, 0, 0, 2, 2, 1, 0, 0, 0, 2, 1, 0, 2, 2, 1, 2, 1, 0, 2, 0, 0, 2, 0, 0, 0, 0, 0, 2, 0, 0, 2, 2, 2, 0, 2, 0, 0, 1, 1, 0, 2, 0, 0, 0, 0, 0, 0, 0, 2, 0, 0, 2, 1, 0, 0, 0, 2, 1, 0, 2, 2, 0, 1, 0, 0, 0, 1, 0, 1, 1, 2, 1, 0, 2, 2, 1, 1, 1, 1, 1, 0, 2, 0, 1, 2, 2, 0, 1, 0, 2, 0, 0, 0, 0, 2, 2, 0, 0, 0, 2, 1, 2, 0, 0, 0, 0, 2, 1, 1, 0, 1, 2, 1, 0, 0, 1, 0, 1, 0, 2, 0, 0, 0, 1, 0, 2, 0, 2, 0, 2, 1, 2, 0, 2, 2, 0, 0, 1, 2, 1, 0, 0, 2, 1, 1, 2, 2, 2, 0, 2, 1, 2, 0, 0, 2, 2, 0, 1, 0, 2, 1, 0, 2, 1, 1, 1, 1, 0, 1, 2, 0, 0, 1, 0, 0, 1, 2, 1, 0, 0, 0, 1, 0, 2, 2, 2, 2, 2, 0, 0, 0, 0, 2, 0, 0, 1, 1, 2, 1, 2, 1, 2, 0, 2, 0, 0, 1, 0, 2, 0, 0, 0, 0, 2, 0, 0, 0, 0, 1, 0, 0, 2, 1, 0, 0, 0, 1, 1, 2, 0, 2, 1, 0, 0, 0, 0, 0, 2, 1, 2, 2, 0, 2, 0, 2, 1, 0, 2, 0, 0, 2, 0, 1, 0, 2, 0, 2, 0, 0, 0, 2, 2, 1, 0, 2, 0, 2, 1, 0, 0, 0, 2, 0, 0, 0, 0, 2, 2, 0, 0, 0, 0, 0, 2, 2, 1, 0, 0, 2, 0, 0, 1, 0, 0, 0, 0, 0, 0, 0, 2, 0, 2, 0, 1, 0, 1, 1, 2, 2, 2, 0, 0, 0, 1, 0, 0, 1, 0, 2, 0, 0, 0, 0, 2, 0, 1, 2, 0, 0, 2, 0, 2, 2, 0, 0, 1, 1, 0, 2, 0, 1, 2, 2, 0, 0, 0, 1, 0, 1, 2, 0, 2, 1, 2, 2, 2, 2, 0, 2, 2, 2, 0, 0, 0, 1, 1, 2, 0, 2, 0, 0, 0, 2, 1, 0, 0, 2, 0, 1, 0, 0, 0, 2, 0, 0, 1, 0, 0, 1, 0, 0, 0, 0, 2, 0, 0, 1, 0, 1, 0, 2, 1, 2, 0, 0, 1, 2, 0, 1, 0, 1, 2, 0, 0, 0, 2, 0, 1, 0, 0, 0, 2, 0, 0, 2, 0, 0, 0, 1, 1, 0, 0, 1, 0, 0, 0, 0, 1, 2, 2, 1, 0, 0, 1, 0, 2, 0, 1, 1, 0, 0, 0, 2, 1, 2, 1, 2, 0, 0, 1, 0, 0, 2, 1, 0, 1, 1, 1, 1, 0, 0, 0, 1, 0, 1, 2, 2, 1, 0, 1, 2, 0, 2, 2, 2, 0, 0, 0, 2, 2, 2, 0, 1, 0, 1, 0, 0, 0, 1, 0, 0, 0, 0, 1, 2, 0, 0, 0, 2, 0, 2, 1, 2, 2, 1, 1, 0, 1, 1, 2, 0, 2, 0, 1, 2, 0, 0, 1, 1, 0, 0, 0, 1, 0, 2, 2, 0, 2, 1, 1, 2, 0, 0, 0, 0, 1, 0, 2, 2, 0, 1, 2, 0, 1, 0, 2, 1, 1, 1, 2, 0, 2, 0, 0, 2, 1, 2, 2, 0, 2, 1, 0, 2, 2, 0, 0, 1, 0, 0, 0, 2, 2, 0, 2, 2, 0, 1, 1, 0, 0, 0, 1, 0, 0, 2, 2, 2, 1, 1, 1, 0, 2, 0, 2, 2, 1, 0, 0, 2, 0, 1, 0, 0, 1, 1, 0, 0, 0, 0, 0, 1, 1, 0, 2, 0, 1, 2, 0, 2, 2, 2, 0, 1, 0, 2, 2, 0, 0, 0, 2, 2, 2, 2, 2, 0, 1, 1, 2, 2, 0, 0, 1, 1, 0, 0, 0, 2, 0, 2, 0, 1, 0, 1, 2, 0, 2, 0, 1, 0, 1, 1, 0, 0, 1, 1, 2, 0, 2, 0, 1, 1, 2, 2, 2, 2, 0, 2, 2, 0, 0, 0, 2, 2, 2, 0, 2, 0, 0, 2, 0, 0, 1, 2, 1, 0, 2, 1, 2, 1, 0, 0, 0, 0, 2, 0, 1, 2, 0, 1, 1, 0, 1, 1, 2, 0, 0, 1, 2, 1, 0, 1, 0, 1, 2, 2, 0, 1, 1, 0, 2, 0, 0, 0, 0, 0, 2, 0, 0, 2, 1, 0, 1, 0, 0, 2, 0, 2, 1, 0, 2, 0, 0, 1, 0, 0, 1, 2, 0, 1, 2, 0, 0, 0, 2, 0, 0, 1, 1, 0, 2, 1, 2, 2, 1, 2, 0, 0, 2, 0, 0, 1, 0, 1, 0, 0, 0, 0, 0, 2, 1, 2, 0, 2, 0, 0, 1, 1, 0, 0, 0, 2, 2, 0, 2, 0, 2, 0, 1, 0, 2, 0, 0, 2, 0, 1, 1, 1, 0, 0, 1, 0, 0, 0, 0, 2, 0, 2, 2, 0, 1, 0, 0, 2, 0, 2, 1, 0, 0, 0, 2, 2, 2, 1, 0, 0, 2, 0, 2, 0, 0, 2, 2, 1, 0, 1, 2, 2, 0, 2, 0, 0, 0, 0, 0, 2, 2, 0, 0, 0, 2, 1, 1, 1, 2, 0, 1, 2, 0, 0, 2, 1, 2, 0, 0, 2, 0, 0, 0, 2, 2, 0, 0, 0, 0, 2, 0, 2, 1, 0, 1, 2, 1, 0, 0, 0, 1, 0, 2, 2, 2, 0, 0, 2, 2, 0, 0, 1, 1, 1, 1, 1, 0, 0, 0, 0, 0, 2, 0, 0, 1, 1, 2, 0, 0, 0, 2, 0, 2, 0, 0, 0, 2, 0, 0, 1, 2, 1, 2, 0, 1, 1, 1, 0, 0, 0, 0, 1, 2, 2, 1, 1, 0, 0, 0, 2, 0, 1, 1, 2, 2, 1, 0, 1, 1, 2, 1, 0, 2, 0, 2, 0, 1, 1, 0, 0, 1, 1, 2, 0, 0, 0, 1, 1, 1, 1, 0, 1, 0, 2, 1, 2, 0, 0, 0, 1, 1, 0, 2, 0, 0, 2, 2, 0, 0, 0, 0, 2, 1, 2, 1, 2, 0, 0, 1, 0, 1, 0, 2, 0, 2, 0, 1, 0, 1, 0, 2, 2, 0, 0, 1, 1, 1, 1, 2, 0, 0, 1, 2, 0, 1, 2, 0, 0, 0, 2, 0, 0, 1, 1, 0, 0, 0, 0, 0, 0, 1, 1, 2, 0, 0, 1, 2, 1, 0, 0, 0, 0, 2, 1, 0, 0, 2, 0, 1, 0, 0, 1, 0, 1, 0, 0, 0, 0, 0, 1, 0, 0, 2, 1, 1, 0, 0, 0, 0, 2, 2, 0, 0, 0, 0, 0, 0, 0, 0, 0, 0, 1, 1, 0, 0, 1, 0, 2, 0, 0, 0, 1, 1, 0, 0, 1, 1, 0, 1, 0, 2, 2, 0, 2, 0, 0, 0, 2, 0, 2, 0, 1, 0, 0, 0, 2, 0, 1, 1, 0, 2, 2, 2, 1, 1, 0, 0, 2, 1, 1, 1, 1, 0, 1, 1, 0, 2, 0, 0, 0, 0, 0, 0, 0, 0, 2, 0, 2, 0, 1, 0, 0, 2, 1, 2, 2, 0, 1, 2, 0, 2, 0, 2, 0, 2, 1, 1, 0, 0, 2, 2, 1, 1, 0, 0, 0, 2, 2, 0, 1, 2, 0, 2, 2, 0, 0, 2, 1, 1, 1, 1, 0, 2, 2, 0, 0, 2, 1, 2, 1, 0, 2, 1, 2, 1, 2, 1, 2, 0, 1, 1, 1, 0, 1, 0, 1, 2, 2, 2, 1, 2, 2, 0, 0, 1, 2, 0, 1, 1, 0, 0, 1, 2, 0, 0, 0, 1, 1, 0, 0, 0, 2, 1, 2, 1, 2, 1, 2, 0, 2, 2, 2, 0, 0, 2, 0, 1, 0, 0, 0, 1, 0, 0, 1, 0, 1, 0, 1, 1, 0, 0, 1, 0, 0, 1, 0, 2, 0, 0, 0, 1, 2, 0, 0, 2, 1, 1, 0, 0, 2, 0, 0, 0, 0, 0, 1, 2, 0, 1, 0, 0, 0, 0, 0, 1, 0, 1, 0, 2, 1, 2, 0, 0, 0, 0, 2, 0, 0, 0, 1, 0, 1, 2, 2, 1, 2, 1, 1, 1, 0, 1, 1, 1, 0, 1, 0, 2, 2, 2, 2, 0, 0, 2, 2, 0, 0, 2, 0, 1, 2, 0, 0, 1, 1, 0, 1, 2, 0, 0, 2, 0, 2, 1, 2, 0, 2, 0, 0, 1, 0, 0, 2, 0, 0, 0, 0, 0, 0, 0, 1, 1, 0, 0, 1, 2, 0, 1, 0, 2, 0, 1, 2, 2, 0, 1, 0, 0, 0, 1, 1, 1, 0, 2, 0, 2, 1, 2, 0, 0, 1, 2, 0, 0, 0, 2, 0, 2, 0, 1, 0, 0, 0, 0, 0, 2, 1, 1, 0, 0, 2, 2, 0, 0, 0, 2, 0, 2, 0, 1, 2, 0, 1, 0, 0, 1, 1, 1, 1, 1, 0, 0, 0, 2, 1, 0, 1, 1, 2, 1, 0, 0, 0, 1, 0, 0, 1, 0, 0, 0, 2, 2, 1, 0, 2, 1, 0, 2, 2, 1, 1, 1, 2, 1, 2, 0, 1, 0, 0, 1, 0, 2, 0, 2, 0, 0, 2, 0, 0, 2, 1, 0, 2, 1, 2, 0, 0, 0, 0, 0, 0, 0, 2, 0, 2, 0, 0, 1, 0, 1, 0, 0, 0, 0, 1, 0, 0, 2, 1, 0, 0, 0, 2, 2, 0, 0, 0, 2, 2, 0, 2, 2, 1, 0, 2, 0, 2, 1, 2, 2, 1, 0, 2, 0, 0, 0, 1, 0, 0, 0, 2, 2, 2, 1, 0, 0, 2, 1, 2, 0, 0, 0, 0, 0, 0, 0, 0, 0, 0, 2, 0, 2, 0, 1, 0, 0, 2, 1, 2, 0, 0, 1, 1, 2, 1, 1, 0, 0, 1, 0, 2, 0, 2, 2, 0, 1, 0, 0, 2, 2, 0, 2, 1, 0, 0, 1, 2, 0, 0, 2, 0, 0, 0, 0, 2, 1, 2, 1, 1, 0, 2, 1, 0, 1, 1, 1, 0, 0, 2, 2, 1, 0, 1, 0, 0, 0, 1, 1, 0, 0, 0, 2, 0, 2, 0, 0, 2, 0, 1, 2, 0, 1, 1, 2, 1, 1, 0, 1, 1, 1, 0, 0, 1, 0, 1, 0, 2, 2, 2, 0, 0, 1, 0, 2, 2, 1, 1, 2, 0, 2, 0, 0, 1, 2, 0, 2, 2, 0, 2, 1, 2, 1, 2, 2, 1, 0, 2, 2, 1, 0, 1, 1, 1, 2, 1, 2, 0, 2, 1, 2, 2, 0, 1, 1, 0, 0, 2, 0, 1, 1, 0, 2, 0, 2, 0, 2, 1, 2, 1, 0, 0, 0, 0, 1, 0, 1, 2, 0, 0, 2, 1, 0, 0, 0, 1, 0, 0, 1, 1, 0, 0, 1, 2, 2, 0, 0, 1, 1, 0, 0, 2, 0, 0, 0, 0, 0, 0, 0, 2, 1, 2, 2, 0, 0, 2, 1, 0, 1, 0, 2, 1, 1, 2, 0, 0, 0, 0, 0, 0, 0, 0, 1, 2, 2, 1, 1, 0, 0, 2, 0, 2, 2, 0, 2, 1, 0, 2, 2, 1, 0, 2, 1, 1, 2, 0, 1, 0, 2, 0, 2, 0, 1, 1, 2, 0, 0, 1, 2, 2, 0, 2, 1, 0, 2, 1, 0, 0, 2, 0, 2, 1, 1, 2, 0, 2, 1, 1, 2, 0, 0, 0, 0, 0, 1, 0, 1, 2, 0, 2, 0, 0, 2, 0, 2, 2, 2, 0, 1, 0, 1, 2, 0, 0, 0, 0, 1, 0, 1, 1, 0, 1, 1, 2, 0, 0, 0, 0, 0, 2, 2, 0, 1, 0, 2, 2, 2, 1, 2, 1, 0, 1, 2, 2, 0, 0, 2, 2, 0, 2, 0, 1, 1, 2, 0, 1, 2, 0, 2, 1, 1, 1, 1, 1, 0, 0, 0, 2, 1, 0, 0, 0, 2, 1, 0, 0, 1, 2, 1, 0, 0, 2, 2, 0, 0, 0, 0, 0, 0, 1, 0, 0, 0, 2, 1, 0, 0, 1, 1, 0, 0, 2, 0, 1, 2, 0, 0, 2, 2, 2, 1, 1, 0, 0, 1, 0, 2, 1, 0, 0, 1, 0, 2, 0, 0, 2, 0, 2, 0, 0, 0, 2, 1, 1, 2, 0, 0, 0, 0]
0.7855040470934511
array([[1226,   58,   16],
       [  24,  597,   58],
       [ 152,  275,  312]])
kfold preds 1: [0, 2, 0, 0, 1, 1, 2, 0, 1, 2, 0, 1, 0, 2, 0, 2, 2, 2, 0, 0, 0, 0, 2, 2, 0, 1, 0, 2, 1, 0, 0, 2, 0, 0, 2, 0, 1, 0, 0, 0, 1, 0, 2, 1, 0, 0, 2, 0, 0, 0, 0, 0, 0, 0, 1, 0, 2, 0, 2, 0, 1, 0, 2, 0, 0, 0, 0, 1, 0, 0, 0, 2, 0, 1, 2, 0, 0, 1, 1, 0, 1, 0, 2, 0, 2, 0, 1, 0, 1, 0, 1, 2, 2, 1, 0, 0, 0, 2, 0, 0, 0, 0, 1, 0, 2, 0, 1, 0, 0, 0, 2, 1, 1, 0, 0, 1, 0, 0, 1, 0, 2, 0, 0, 1, 2, 0, 0, 0, 0, 0, 2, 2, 1, 0, 1, 0, 0, 1, 0, 0, 2, 0, 2, 2, 2, 2, 0, 1, 0, 2, 1, 1, 0, 1, 0, 1, 0, 2, 0, 2, 0, 0, 2, 0, 2, 0, 0, 2, 0, 0, 2, 0, 0, 0, 1, 0, 0, 2, 2, 0, 0, 1, 1, 2, 0, 2, 2, 0, 0, 0, 2, 0, 2, 2, 1, 0, 2, 0, 0, 0, 1, 1, 2, 2, 2, 2, 2, 0, 0, 0, 1, 1, 0, 0, 0, 0, 1, 2, 1, 1, 0, 0, 0, 2, 2, 1, 2, 2, 0, 2, 0, 2, 1, 0, 1, 1, 0, 0, 2, 2, 0, 2, 2, 2, 0, 0, 0, 0, 2, 2, 1, 0, 0, 0, 2, 2, 0, 1, 2, 0, 0, 0, 1, 2, 0, 0, 0, 2, 2, 0, 2, 1, 1, 0, 0, 1, 0, 2, 0, 0, 2, 1, 0, 0, 1, 2, 0, 2, 1, 0, 1, 0, 2, 0, 1, 0, 1, 0, 0, 2, 0, 2, 0, 1, 1, 0, 0, 2, 0, 0, 0, 0, 0, 0, 2, 0, 0, 1, 2, 0, 1, 0, 0, 0, 0, 1, 0, 0, 2, 1, 0, 1, 0, 0, 0, 0, 1, 2, 0, 2, 1, 0, 1, 1, 0, 0, 0, 1, 1, 2, 0, 0, 2, 2, 0, 0, 1, 2, 1, 1, 0, 0, 0, 2, 1, 1, 2, 1, 0, 1, 0, 2, 2, 0, 0, 0, 2, 0, 2, 0, 0, 0, 1, 1, 0, 0, 0, 2, 1, 1, 0, 2, 0, 1, 0, 0, 2, 0, 1, 2, 0, 0, 1, 0, 2, 0, 0, 0, 0, 0, 2, 0, 2, 0, 1, 0, 0, 2, 0, 0, 2, 0, 2, 0, 0, 0, 0, 1, 0, 1, 0, 1, 0, 0, 1, 0, 1, 0, 0, 0, 2, 0, 1, 1, 0, 2, 2, 1, 2, 0, 0, 2, 1, 0, 1, 2, 2, 1, 2, 0, 2, 0, 0, 0, 2, 0, 1, 1, 2, 0, 1, 0, 0, 1, 2, 0, 0, 0, 1, 2, 1, 0, 0, 1, 1, 0, 0, 0, 2, 1, 2, 1, 2, 1, 0, 2, 0, 0, 0, 0, 0, 1, 1, 0, 0, 1, 2, 1, 1, 2, 2, 0, 1, 0, 0, 2, 0, 0, 0, 0, 0, 0, 1, 0, 1, 0, 2, 1, 0, 0, 2, 0, 0, 0, 2, 2, 1, 2, 1, 2, 0, 1, 2, 0, 1, 0, 2, 0, 1, 2, 0, 0, 1, 1, 1, 0, 0, 2, 0, 1, 0, 1, 0, 0, 2, 0, 0, 2, 0, 0, 0, 2, 1, 0, 2, 0, 2, 1, 0, 0, 0, 1, 0, 0, 0, 1, 0, 1, 2, 0, 0, 1, 1, 1, 0, 1, 1, 0, 1, 0, 2, 1, 1, 2, 0, 0, 0, 2, 0, 0, 1, 0, 0, 1, 2, 2, 0, 2, 0, 0, 0, 0, 1, 0, 0, 0, 2, 0, 0, 0, 0, 2, 2, 2, 1, 2, 0, 2, 0, 2, 1, 1, 0, 1, 1, 0, 1, 0, 0, 2, 2, 1, 0, 0, 1, 0, 0, 2, 0, 0, 2, 1, 1, 1, 0, 1, 0, 2, 0, 0, 1, 1, 2, 0, 0, 2, 1, 1, 0, 2, 0, 1, 2, 0, 2, 2, 0, 2, 0, 0, 0, 2, 1, 0, 1, 0, 0, 0, 2, 0, 1, 0, 1, 1, 1, 2, 0, 0, 0, 0, 0, 0, 1, 0, 2, 2, 0, 2, 0, 1, 0, 0, 2, 2, 1, 1, 1, 2, 0, 1, 0, 2, 0, 0, 0, 0, 2, 0, 1, 2, 1, 0, 0, 0, 0, 1, 0, 1, 0, 2, 0, 1, 0, 0, 1, 2, 0, 0, 0, 0, 1, 0, 1, 0, 0, 0, 2, 2, 0, 1, 1, 2, 1, 0, 0, 1, 1, 0, 1, 0, 0, 2, 0, 2, 2, 1, 0, 0, 2, 1, 0, 2, 0, 1, 0, 0, 1, 0, 0, 1, 1, 0, 0, 1, 0, 2, 1, 1, 0, 0, 0, 0, 2, 1, 0, 0, 2, 1, 0, 0, 0, 2, 0, 1, 0, 2, 2, 0, 1, 1, 0, 1, 0, 0, 1, 0, 2, 0, 1, 2, 0, 1, 0, 2, 0, 0, 0, 2, 0, 2, 2, 1, 2, 2, 0, 0, 0, 2, 0, 0, 0, 2, 0, 1, 1, 1, 0, 2, 0, 2, 2, 0, 0, 0, 2, 0, 2, 1, 0, 0, 0, 2, 0, 1, 0, 0, 0, 1, 2, 1, 0, 0, 0, 0, 2, 0, 0, 0, 0, 0, 0, 2, 0, 1, 2, 0, 1, 2, 0, 1, 0, 2, 0, 0, 1, 2, 1, 0, 0, 2, 0, 0, 0, 0, 0, 2, 2, 1, 0, 0, 0, 1, 2, 0, 0, 0, 1, 2, 0, 0, 0, 0, 2, 1, 1, 1, 0, 2, 0, 0, 2, 2, 1, 0, 1, 1, 1, 2, 1, 1, 0, 1, 1, 2, 0, 1, 0, 2, 0, 0, 0, 1, 2, 2, 2, 2, 1, 2, 2, 0, 0, 1, 2, 1, 2, 0, 2, 0, 0, 1, 0, 2, 0, 0, 2, 2, 1, 0, 2, 0, 1, 2, 1, 0, 0, 1, 1, 0, 0, 0, 0, 0, 2, 2, 0, 2, 0, 2, 0, 2, 1, 0, 2, 0, 2, 0, 1, 1, 0, 0, 2, 0, 0, 0, 1, 0, 1, 1, 1, 1, 1, 1, 0, 0, 0, 0, 0, 0, 2, 0, 0, 1, 0, 0, 0, 2, 2, 1, 0, 1, 2, 1, 0, 0, 0, 0, 0, 2, 0, 2, 0, 2, 1, 0, 2, 0, 0, 2, 2, 2, 2, 0, 0, 1, 0, 0, 0, 0, 0, 1, 2, 0, 2, 0, 2, 0, 0, 2, 0, 0, 0, 0, 1, 1, 2, 2, 2, 0, 2, 0, 0, 2, 0, 1, 0, 2, 0, 0, 2, 0, 2, 1, 0, 0, 0, 1, 0, 0, 0, 0, 2, 0, 1, 1, 0, 0, 1, 2, 1, 1, 2, 0, 0, 1, 2, 2, 0, 0, 0, 0, 0, 0, 0, 2, 0, 2, 0, 0, 0, 1, 0, 2, 0, 0, 2, 0, 0, 0, 1, 1, 0, 2, 2, 0, 2, 0, 0, 0, 0, 0, 0, 1, 0, 2, 0, 2, 0, 0, 0, 0, 2, 2, 0, 1, 2, 0, 0, 1, 0, 0, 2, 1, 2, 1, 1, 1, 0, 0, 2, 1, 0, 0, 2, 2, 1, 2, 1, 2, 1, 2, 0, 0, 0, 0, 0, 2, 0, 2, 0, 0, 1, 1, 1, 2, 0, 2, 2, 0, 0, 0, 0, 0, 0, 0, 0, 0, 2, 2, 0, 1, 1, 0, 1, 1, 2, 1, 1, 2, 1, 1, 1, 0, 1, 2, 0, 1, 0, 0, 0, 1, 0, 0, 2, 0, 0, 0, 1, 0, 1, 1, 1, 2, 0, 0, 0, 2, 2, 0, 0, 1, 0, 2, 2, 0, 2, 2, 0, 0, 2, 1, 1, 1, 0, 0, 0, 2, 1, 1, 0, 2, 0, 1, 2, 0, 1, 0, 0, 2, 0, 0, 0, 0, 0, 1, 0, 2, 0, 1, 0, 0, 0, 2, 1, 0, 2, 0, 2, 0, 0, 1, 2, 0, 0, 2, 2, 0, 2, 0, 0, 2, 2, 1, 0, 1, 2, 0, 2, 0, 0, 0, 0, 0, 2, 0, 2, 2, 0, 1, 2, 1, 1, 2, 2, 1, 1, 0, 2, 0, 1, 2, 2, 0, 2, 0, 0, 2, 2, 0, 0, 1, 0, 0, 2, 2, 0, 0, 1, 0, 0, 0, 1, 0, 2, 2, 0, 2, 0, 0, 1, 0, 0, 0, 0, 0, 1, 2, 0, 1, 0, 2, 2, 0, 2, 1, 1, 2, 0, 1, 2, 0, 1, 2, 0, 1, 1, 1, 2, 0, 1, 2, 1, 0, 2, 0, 0, 0, 0, 0, 0, 1, 1, 0, 2, 0, 0, 0, 0, 0, 1, 0, 0, 0, 0, 1, 1, 0, 0, 0, 2, 1, 0, 0, 2, 2, 0, 0, 0, 1, 0, 1, 0, 2, 0, 1, 2, 1, 0, 0, 0, 0, 2, 0, 2, 2, 0, 2, 2, 2, 2, 0, 1, 0, 0, 0, 0, 2, 0, 1, 0, 0, 2, 1, 0, 0, 0, 2, 1, 0, 0, 0, 0, 0, 0, 0, 2, 2, 0, 0, 0, 2, 1, 0, 0, 0, 2, 0, 0, 0, 0, 0, 2, 0, 2, 0, 2, 2, 2, 0, 0, 0, 0, 1, 2, 0, 1, 0, 2, 0, 2, 0, 1, 1, 0, 0, 0, 2, 0, 0, 0, 0, 0, 0, 1, 1, 0, 2, 0, 0, 0, 0, 1, 2, 0, 2, 1, 0, 1, 0, 1, 0, 1, 0, 0, 1, 0, 0, 2, 0, 0, 1, 0, 0, 1, 0, 2, 2, 1, 0, 0, 0, 0, 0, 0, 2, 0, 0, 0, 2, 1, 0, 2, 0, 1, 0, 0, 0, 1, 2, 0, 1, 2, 1, 1, 2, 2, 2, 0, 0, 0, 2, 0, 2, 0, 1, 0, 1, 0, 0, 2, 1, 2, 0, 1, 1, 0, 2, 0, 2, 0, 1, 0, 1, 1, 2, 0, 0, 1, 1, 1, 1, 0, 2, 0, 0, 1, 1, 0, 1, 0, 0, 2, 0, 2, 2, 0, 0, 2, 1, 0, 0, 2, 2, 0, 1, 1, 1, 0, 2, 2, 1, 0, 2, 0, 1, 2, 2, 0, 1, 0, 0, 0, 0, 0, 0, 0, 2, 0, 0, 1, 2, 0, 0, 0, 0, 0, 1, 2, 0, 2, 2, 0, 0, 0, 1, 2, 1, 1, 1, 0, 0, 2, 2, 2, 1, 1, 0, 1, 1, 2, 0, 0, 1, 0, 1, 1, 0, 0, 2, 0, 0, 2, 2, 1, 0, 2, 0, 0, 1, 0, 0, 0, 0, 0, 0, 1, 0, 0, 0, 0, 1, 1, 2, 0, 0, 1, 0, 0, 0, 1, 0, 2, 0, 1, 2, 0, 0, 1, 0, 0, 0, 0, 0, 1, 2, 0, 0, 1, 2, 0, 1, 2, 1, 0, 0, 1, 2, 2, 0, 0, 2, 0, 2, 0, 0, 0, 0, 2, 1, 2, 0, 0, 2, 2, 0, 2, 1, 0, 0, 0, 1, 0, 2, 2, 0, 0, 2, 0, 2, 0, 0, 2, 2, 0, 1, 0, 0, 0, 0, 1, 0, 0, 0, 0, 2, 2, 0, 0, 0, 2, 1, 0, 1, 0, 0, 0, 2, 0, 0, 0, 2, 2, 2, 0, 0, 1, 0, 0, 0, 2, 0, 0, 1, 1, 0, 2, 0, 1, 1, 0, 0, 2, 0, 0, 0, 0, 0, 2, 2, 1, 1, 2, 1, 0, 0, 2, 2, 1, 2, 0, 0, 2, 0, 2, 1, 0, 1, 2, 1, 0, 2, 0, 2, 2, 0, 0, 0, 0, 2, 2, 2, 2, 0, 1, 0, 0, 2, 1, 1, 0, 1, 0, 0, 0, 1, 1, 2, 2, 0, 2, 0, 1, 0, 0, 2, 0, 2, 0, 0, 0, 0, 0, 1, 0, 0, 1, 0, 1, 0, 1, 0, 0, 0, 1, 1, 0, 1, 0, 1, 0, 2, 0, 2, 0, 0, 0, 1, 0, 2, 0, 0, 2, 0, 1, 0, 0, 2, 2, 0, 0, 2, 0, 0, 0, 0, 0, 1, 0, 2, 0, 1, 1, 1, 2, 0, 0, 0, 0, 0, 0, 0, 0, 2, 0, 1, 0, 0, 2, 0, 0, 2, 1, 2, 2, 0, 0, 1, 1, 0, 1, 2, 0, 0, 1, 2, 2, 0, 0, 2, 1, 1, 0, 1, 0, 0, 2, 1, 1, 0, 1, 0, 0, 0, 2, 1, 0, 1, 0, 2, 0, 1, 0, 2, 1, 0, 1, 0, 0, 0, 0, 0, 2, 0, 2, 0, 1, 0, 0, 0, 0, 0, 2, 2, 2, 2, 1, 2, 0, 0, 0, 0, 2, 0, 0, 1, 2, 1, 2, 2, 0, 0, 0, 1, 0, 1, 0, 1, 0, 2, 0, 0, 2, 0, 0, 0, 0, 2, 1, 2, 0, 1, 2, 0, 0, 0, 1, 2, 2, 2, 2, 1, 0, 0, 1, 1, 2, 0, 2, 0, 1, 2, 0, 2, 0, 0, 2, 0, 2, 1, 0, 1, 0, 2, 0, 2, 0, 1, 2, 0, 2, 0, 2, 0, 0, 1, 2, 1, 0, 2, 2, 0, 2, 1, 0, 1, 1, 0, 1, 0, 0, 1, 1, 2, 2, 2, 0, 0, 0, 1, 0, 2, 2, 0, 1, 1, 2, 0, 0, 1, 0, 0, 2, 1, 1, 0, 2, 2, 0, 1, 0, 2, 2, 0, 0, 0, 2, 0, 0, 1, 0, 0, 0, 1, 2, 2, 0, 0, 2, 1, 2, 1, 1, 0, 1, 0, 0, 1, 0, 2, 2, 0, 2, 2, 0, 0, 0, 0, 2, 1, 0, 2, 0, 2, 2, 0, 2, 0, 2, 1, 2, 0, 0, 2, 0, 2, 0, 0, 0, 1, 0, 0, 0, 2, 2, 0, 1, 0, 0, 0, 1, 0, 1, 2, 0, 0, 2, 1, 2, 1, 0, 2, 0, 0, 2, 0, 2, 0, 2, 0, 1, 0, 1, 1, 0, 0, 2, 2, 0, 0, 0, 0, 2, 0, 0, 0, 2, 0, 1, 0, 0, 2, 1, 0, 2, 1, 2, 1, 0, 0, 0, 2, 1, 2, 2, 1, 0, 1, 2, 0, 0, 0, 2, 0, 1, 0, 2, 0, 1, 2, 1, 1, 2, 1, 0, 1, 0, 2, 1, 0, 2, 0, 0, 0, 0, 0, 2, 0, 0, 2, 2, 0, 0, 0, 0, 0, 1, 1, 2, 1, 1, 0, 0, 1, 2, 0, 2, 1, 0, 2, 0, 1, 1, 2, 0, 1, 2, 0, 0, 2, 2, 2, 1, 0, 2, 0, 2, 0, 2, 1, 1, 2, 0, 0, 0, 2, 0, 2, 0, 1, 0, 0, 2, 0, 0, 0, 0, 0, 0, 1, 1, 0, 0, 0, 1, 0, 0, 1, 0, 1, 0, 0, 0, 1, 0, 0, 0, 0, 1, 1, 0, 0, 1, 0, 2, 0, 0, 1, 0, 2, 0, 1, 0, 0, 0, 0, 2, 0, 1, 0, 0, 0, 0, 0, 0, 1, 0, 0, 1, 0, 0, 1, 1, 0, 0, 0, 0, 0, 0, 0, 0, 0, 0, 1, 0, 1, 1, 1, 1, 2, 1, 0, 1, 0, 1, 0, 0, 2, 2, 1, 1, 2, 1, 2, 0, 1, 2, 1, 1, 0, 1, 0, 2, 2, 0, 0, 0, 1, 2, 0, 0, 2, 0, 1, 1, 1, 1, 0, 1, 2, 2, 2, 0, 2, 2, 0, 0, 1, 1, 0, 0, 1, 0, 1, 1, 0, 2, 0, 0, 0, 0, 0, 2, 1, 1, 2, 1, 2, 2, 2, 1, 1, 0, 0, 0, 2, 0, 0, 2, 2, 0, 2, 0, 2, 0, 0, 1, 0, 0, 0, 2, 0, 0, 2, 2, 2, 2, 0, 2, 0, 2, 2, 0, 1, 0, 2, 1, 1, 1, 1, 1, 1, 0, 2, 0, 0, 1, 0, 0, 1, 0, 0, 1, 0, 1, 0, 0, 0, 2, 0, 0, 0, 2, 0, 2, 1, 0, 0, 2, 2, 0, 1, 2, 1, 0, 0, 0, 0, 1, 0, 0, 1, 0, 2, 2, 2, 0, 2, 0, 0, 0, 0, 0, 0, 2, 0, 1, 0, 1, 2, 0, 2, 2, 0, 0, 0, 0, 2, 0, 1, 1, 0, 1, 0, 0, 2, 2, 0, 2, 2, 0, 1, 2, 1, 1, 0, 2, 0, 0]
kfold targets 1: [2, 2, 0, 0, 1, 1, 2, 0, 1, 2, 0, 1, 0, 1, 0, 2, 2, 2, 0, 0, 0, 0, 2, 2, 0, 1, 0, 2, 2, 2, 0, 2, 0, 0, 2, 0, 1, 0, 0, 0, 1, 0, 1, 1, 0, 0, 2, 2, 0, 0, 0, 0, 0, 0, 1, 0, 1, 0, 2, 0, 1, 0, 2, 0, 0, 0, 0, 2, 0, 0, 0, 1, 0, 1, 2, 0, 2, 2, 1, 0, 1, 0, 1, 0, 2, 0, 2, 0, 1, 1, 1, 1, 1, 1, 0, 0, 2, 2, 0, 0, 0, 0, 1, 0, 1, 0, 1, 0, 0, 0, 1, 1, 2, 0, 0, 1, 0, 0, 1, 0, 2, 2, 0, 2, 2, 0, 0, 0, 0, 0, 2, 2, 1, 0, 1, 0, 0, 1, 0, 0, 2, 0, 2, 2, 2, 1, 0, 1, 0, 2, 1, 2, 0, 2, 0, 2, 0, 2, 0, 2, 0, 0, 2, 0, 2, 0, 0, 2, 0, 0, 2, 0, 0, 0, 1, 0, 0, 2, 2, 0, 0, 1, 1, 2, 0, 2, 2, 0, 0, 0, 2, 1, 2, 2, 1, 0, 1, 0, 0, 0, 1, 1, 2, 2, 2, 2, 2, 1, 0, 0, 1, 2, 0, 0, 0, 0, 1, 2, 1, 1, 0, 0, 0, 1, 2, 1, 2, 2, 0, 2, 0, 2, 1, 0, 1, 2, 0, 0, 2, 2, 0, 2, 2, 2, 0, 0, 0, 0, 2, 2, 1, 0, 0, 0, 2, 2, 0, 1, 2, 0, 0, 0, 1, 2, 0, 0, 0, 1, 2, 0, 1, 1, 1, 0, 0, 1, 0, 2, 0, 0, 2, 1, 0, 1, 1, 2, 0, 2, 1, 2, 1, 0, 2, 0, 1, 0, 1, 0, 0, 1, 0, 2, 0, 0, 1, 0, 0, 2, 0, 0, 2, 0, 0, 0, 2, 0, 0, 2, 2, 0, 1, 0, 0, 0, 0, 2, 0, 0, 2, 1, 0, 1, 0, 0, 0, 0, 2, 2, 0, 2, 2, 0, 1, 2, 0, 0, 0, 2, 1, 1, 0, 0, 2, 2, 2, 0, 1, 2, 2, 1, 0, 1, 0, 2, 1, 1, 2, 1, 0, 1, 0, 2, 2, 0, 1, 0, 2, 0, 2, 0, 0, 0, 2, 1, 0, 0, 0, 2, 1, 2, 0, 2, 0, 2, 2, 0, 2, 0, 1, 2, 0, 0, 2, 0, 2, 2, 0, 0, 0, 0, 2, 0, 2, 1, 1, 0, 0, 2, 0, 0, 2, 0, 2, 0, 0, 1, 0, 2, 0, 1, 0, 1, 0, 0, 1, 0, 1, 0, 0, 0, 2, 0, 1, 1, 0, 2, 2, 1, 2, 0, 1, 2, 1, 0, 1, 2, 2, 1, 2, 0, 2, 0, 0, 0, 2, 0, 2, 2, 2, 0, 1, 0, 0, 1, 2, 0, 0, 1, 1, 1, 1, 0, 0, 1, 1, 0, 0, 0, 2, 1, 2, 1, 0, 2, 0, 2, 0, 0, 0, 0, 0, 2, 1, 0, 0, 1, 2, 1, 2, 2, 2, 0, 1, 0, 1, 2, 0, 1, 0, 0, 0, 0, 1, 0, 1, 0, 2, 1, 2, 0, 2, 0, 0, 0, 2, 2, 1, 2, 2, 2, 0, 1, 2, 0, 1, 0, 1, 0, 2, 2, 0, 0, 1, 1, 1, 0, 0, 2, 0, 1, 0, 1, 0, 0, 2, 0, 0, 2, 0, 0, 0, 2, 1, 0, 1, 0, 2, 2, 0, 1, 0, 1, 0, 0, 0, 1, 0, 1, 2, 0, 0, 1, 1, 2, 0, 1, 1, 0, 1, 0, 2, 1, 1, 2, 0, 0, 0, 2, 0, 0, 1, 0, 0, 1, 2, 1, 0, 2, 0, 0, 0, 0, 1, 0, 0, 0, 2, 2, 0, 1, 0, 1, 2, 2, 2, 1, 0, 1, 2, 2, 1, 2, 0, 1, 1, 0, 2, 2, 1, 2, 2, 2, 0, 0, 2, 2, 0, 2, 0, 0, 2, 1, 1, 1, 0, 1, 0, 2, 0, 0, 1, 1, 2, 0, 0, 1, 1, 1, 0, 1, 0, 1, 0, 0, 1, 2, 0, 2, 0, 0, 0, 2, 1, 2, 1, 0, 1, 0, 2, 0, 1, 0, 2, 1, 1, 2, 0, 0, 0, 0, 0, 0, 1, 0, 2, 2, 0, 2, 0, 1, 0, 0, 2, 2, 1, 1, 2, 2, 0, 1, 0, 2, 0, 0, 0, 0, 2, 0, 1, 2, 1, 0, 0, 2, 1, 1, 0, 1, 0, 2, 0, 1, 0, 0, 2, 2, 0, 0, 0, 0, 1, 0, 2, 0, 0, 0, 2, 2, 0, 1, 1, 2, 1, 0, 0, 1, 1, 0, 1, 1, 0, 1, 0, 2, 1, 1, 0, 0, 0, 1, 0, 2, 0, 1, 0, 2, 1, 0, 0, 1, 1, 0, 0, 1, 0, 2, 1, 1, 0, 2, 0, 0, 2, 1, 0, 0, 2, 2, 0, 0, 0, 2, 0, 1, 0, 2, 2, 0, 1, 1, 0, 1, 0, 0, 1, 0, 2, 0, 1, 2, 1, 1, 0, 1, 0, 0, 0, 2, 0, 2, 1, 2, 2, 2, 0, 1, 0, 2, 0, 0, 0, 1, 0, 1, 1, 1, 1, 2, 0, 2, 1, 0, 0, 0, 2, 0, 2, 2, 0, 0, 0, 0, 0, 1, 1, 0, 0, 1, 1, 2, 0, 0, 0, 0, 2, 0, 0, 0, 0, 0, 0, 0, 0, 1, 2, 0, 1, 2, 2, 1, 1, 2, 0, 0, 2, 1, 2, 0, 1, 1, 1, 0, 0, 0, 0, 2, 2, 1, 0, 0, 2, 1, 2, 0, 0, 0, 1, 1, 0, 0, 0, 0, 2, 1, 1, 1, 0, 2, 0, 2, 2, 1, 1, 0, 1, 1, 1, 2, 2, 1, 0, 2, 2, 2, 0, 1, 0, 1, 0, 2, 0, 1, 0, 2, 2, 2, 1, 2, 2, 0, 0, 1, 2, 0, 1, 0, 2, 0, 0, 1, 0, 1, 0, 0, 2, 2, 0, 0, 2, 0, 1, 1, 1, 0, 0, 1, 1, 0, 1, 0, 0, 0, 2, 2, 0, 2, 0, 2, 0, 2, 1, 2, 2, 0, 2, 0, 1, 1, 0, 0, 2, 0, 0, 0, 1, 0, 1, 1, 1, 1, 1, 1, 0, 0, 0, 0, 0, 0, 2, 0, 0, 1, 0, 0, 0, 2, 2, 1, 0, 1, 2, 1, 0, 0, 0, 2, 0, 2, 0, 2, 0, 2, 1, 0, 1, 0, 0, 2, 2, 1, 2, 0, 0, 1, 0, 0, 0, 0, 0, 1, 2, 0, 2, 0, 1, 0, 0, 2, 0, 0, 0, 0, 1, 2, 1, 2, 2, 0, 2, 0, 0, 2, 0, 1, 0, 2, 1, 0, 2, 0, 2, 1, 0, 0, 0, 1, 0, 0, 1, 0, 2, 0, 1, 1, 0, 1, 1, 1, 0, 1, 2, 0, 0, 1, 1, 2, 0, 2, 2, 0, 0, 0, 0, 2, 0, 2, 0, 0, 2, 2, 2, 2, 0, 0, 2, 0, 0, 0, 1, 1, 0, 2, 2, 0, 1, 0, 0, 0, 0, 0, 0, 1, 0, 2, 0, 2, 0, 0, 0, 1, 1, 2, 0, 1, 2, 0, 0, 1, 0, 0, 2, 1, 2, 1, 2, 1, 0, 0, 2, 1, 0, 0, 1, 2, 1, 2, 1, 1, 1, 2, 0, 1, 0, 0, 0, 2, 0, 2, 0, 0, 1, 1, 1, 2, 0, 2, 2, 0, 0, 0, 0, 0, 0, 0, 0, 0, 2, 2, 2, 1, 1, 0, 1, 1, 2, 1, 1, 2, 2, 1, 1, 0, 1, 1, 0, 1, 0, 0, 0, 1, 0, 0, 2, 0, 0, 0, 1, 0, 2, 1, 1, 1, 0, 0, 0, 2, 1, 0, 0, 1, 0, 2, 2, 0, 2, 2, 0, 0, 2, 2, 2, 1, 0, 2, 0, 0, 1, 1, 2, 1, 0, 1, 2, 2, 2, 0, 0, 2, 0, 0, 0, 0, 2, 1, 2, 2, 0, 1, 0, 1, 0, 2, 1, 0, 2, 0, 2, 0, 0, 1, 2, 0, 0, 2, 2, 0, 2, 0, 1, 2, 1, 1, 0, 1, 2, 0, 2, 0, 2, 0, 0, 2, 2, 0, 1, 2, 0, 1, 2, 1, 1, 2, 2, 1, 1, 0, 2, 0, 1, 2, 2, 0, 2, 0, 0, 1, 1, 0, 2, 1, 0, 0, 2, 2, 0, 0, 1, 0, 0, 0, 2, 0, 2, 2, 2, 2, 0, 0, 1, 0, 0, 2, 0, 0, 1, 1, 0, 1, 0, 2, 2, 0, 1, 1, 1, 2, 0, 1, 2, 0, 1, 2, 0, 1, 1, 2, 2, 0, 1, 1, 1, 0, 0, 2, 0, 0, 0, 0, 0, 1, 1, 0, 0, 1, 0, 0, 0, 0, 1, 0, 0, 0, 0, 1, 2, 0, 0, 0, 2, 1, 0, 2, 2, 1, 0, 0, 2, 1, 0, 1, 0, 1, 0, 1, 2, 2, 0, 0, 0, 0, 2, 0, 2, 2, 0, 2, 2, 2, 0, 0, 1, 0, 0, 0, 0, 2, 0, 1, 2, 0, 2, 2, 0, 0, 0, 1, 1, 0, 0, 0, 0, 0, 1, 0, 2, 2, 0, 0, 0, 2, 1, 0, 2, 0, 2, 0, 0, 0, 0, 0, 2, 0, 2, 0, 1, 1, 1, 0, 0, 0, 0, 1, 2, 0, 2, 0, 2, 2, 1, 0, 1, 1, 0, 0, 0, 2, 2, 0, 0, 2, 0, 0, 1, 1, 0, 1, 2, 0, 0, 0, 1, 2, 0, 2, 1, 0, 1, 0, 1, 0, 1, 0, 0, 1, 1, 0, 0, 0, 0, 2, 0, 0, 2, 0, 2, 2, 2, 0, 0, 0, 2, 0, 0, 2, 0, 0, 0, 2, 1, 1, 1, 0, 1, 0, 0, 0, 1, 1, 0, 1, 2, 1, 1, 2, 2, 2, 0, 0, 0, 2, 0, 2, 0, 1, 0, 1, 0, 0, 1, 1, 2, 0, 2, 1, 0, 2, 2, 2, 0, 1, 0, 2, 1, 2, 0, 0, 2, 1, 1, 1, 0, 2, 1, 0, 1, 1, 1, 1, 0, 0, 2, 0, 2, 1, 0, 0, 2, 2, 0, 0, 2, 2, 0, 1, 1, 1, 0, 2, 2, 1, 0, 2, 0, 2, 0, 2, 0, 1, 0, 0, 0, 0, 0, 0, 0, 2, 0, 0, 1, 1, 0, 0, 1, 0, 0, 1, 2, 0, 1, 2, 2, 0, 2, 1, 2, 1, 1, 1, 0, 0, 2, 1, 1, 1, 1, 0, 1, 1, 2, 0, 0, 1, 0, 1, 1, 0, 0, 1, 0, 0, 1, 1, 1, 0, 2, 0, 1, 1, 0, 0, 0, 0, 0, 0, 1, 1, 0, 0, 0, 1, 1, 2, 0, 0, 1, 0, 0, 0, 1, 0, 2, 0, 1, 2, 0, 0, 1, 0, 0, 0, 0, 0, 1, 1, 0, 0, 1, 2, 0, 1, 2, 2, 0, 0, 2, 2, 2, 0, 2, 2, 0, 2, 0, 0, 0, 0, 2, 1, 1, 2, 0, 2, 2, 0, 1, 1, 0, 0, 0, 1, 2, 1, 2, 0, 0, 2, 0, 2, 0, 0, 2, 1, 0, 2, 0, 0, 2, 0, 1, 0, 0, 0, 0, 2, 2, 0, 0, 0, 2, 2, 1, 1, 0, 1, 0, 2, 0, 0, 0, 2, 2, 2, 2, 0, 1, 0, 0, 0, 2, 0, 0, 1, 2, 0, 1, 0, 1, 1, 0, 0, 1, 0, 0, 0, 2, 0, 2, 2, 1, 1, 2, 2, 0, 0, 2, 1, 1, 1, 1, 0, 1, 2, 1, 1, 0, 1, 2, 1, 0, 2, 0, 2, 2, 0, 0, 0, 0, 2, 2, 2, 2, 0, 2, 0, 0, 2, 1, 1, 0, 1, 0, 0, 0, 1, 1, 1, 1, 0, 2, 0, 1, 2, 0, 2, 0, 2, 0, 0, 0, 0, 0, 1, 0, 0, 2, 0, 1, 0, 1, 0, 0, 0, 1, 1, 0, 1, 0, 1, 0, 0, 0, 1, 0, 0, 0, 1, 0, 2, 0, 0, 2, 0, 1, 0, 0, 2, 1, 0, 0, 2, 0, 0, 0, 0, 0, 1, 0, 2, 0, 1, 2, 2, 2, 0, 0, 0, 0, 0, 0, 0, 0, 2, 0, 1, 0, 0, 2, 0, 0, 2, 1, 2, 2, 0, 0, 1, 1, 0, 1, 2, 0, 0, 1, 2, 2, 0, 0, 2, 1, 1, 0, 1, 0, 0, 2, 2, 1, 0, 2, 0, 0, 0, 2, 1, 0, 2, 0, 2, 0, 1, 0, 2, 2, 0, 1, 0, 0, 0, 0, 2, 2, 0, 2, 0, 1, 0, 0, 1, 2, 0, 2, 2, 2, 2, 2, 2, 2, 0, 2, 1, 2, 0, 0, 2, 2, 1, 2, 2, 0, 2, 0, 1, 0, 1, 0, 2, 0, 1, 0, 0, 2, 0, 0, 0, 0, 2, 1, 2, 0, 2, 2, 0, 0, 0, 1, 2, 1, 2, 2, 1, 1, 0, 2, 1, 2, 2, 2, 0, 1, 2, 0, 0, 0, 0, 2, 2, 2, 2, 0, 1, 0, 2, 0, 2, 0, 1, 1, 0, 2, 0, 2, 0, 0, 2, 2, 1, 0, 2, 2, 0, 2, 1, 0, 1, 1, 0, 1, 0, 0, 1, 2, 2, 1, 2, 0, 0, 1, 1, 0, 2, 2, 2, 1, 2, 2, 2, 0, 1, 0, 0, 1, 1, 1, 0, 2, 2, 0, 2, 0, 2, 0, 0, 0, 0, 2, 0, 0, 1, 0, 0, 0, 1, 2, 2, 0, 0, 2, 2, 2, 1, 1, 0, 1, 0, 0, 1, 0, 1, 2, 0, 2, 1, 0, 0, 0, 0, 1, 2, 0, 2, 0, 2, 2, 0, 2, 0, 2, 1, 2, 0, 0, 2, 0, 2, 1, 0, 0, 2, 0, 1, 0, 2, 2, 1, 1, 0, 2, 0, 1, 0, 1, 2, 2, 1, 2, 2, 2, 1, 0, 2, 0, 1, 2, 0, 2, 0, 0, 0, 1, 0, 1, 1, 0, 0, 2, 2, 0, 0, 0, 0, 2, 0, 0, 0, 2, 0, 2, 0, 0, 2, 1, 0, 2, 1, 2, 2, 0, 0, 0, 2, 1, 2, 2, 1, 0, 1, 2, 0, 0, 0, 2, 0, 2, 0, 2, 0, 1, 2, 1, 2, 2, 2, 0, 1, 0, 2, 1, 1, 2, 0, 0, 0, 0, 0, 2, 0, 1, 2, 0, 0, 0, 0, 2, 0, 1, 1, 2, 1, 1, 0, 0, 1, 2, 0, 2, 1, 0, 2, 2, 2, 1, 2, 0, 1, 1, 0, 0, 2, 2, 2, 1, 2, 2, 2, 1, 0, 2, 1, 1, 2, 0, 0, 0, 2, 0, 2, 0, 1, 0, 0, 2, 0, 0, 0, 0, 0, 0, 1, 1, 0, 0, 0, 1, 0, 0, 1, 0, 2, 0, 0, 0, 1, 0, 0, 0, 0, 1, 1, 0, 0, 2, 0, 1, 0, 0, 1, 0, 2, 0, 2, 0, 0, 0, 2, 2, 0, 1, 0, 0, 0, 0, 0, 0, 2, 0, 0, 1, 0, 0, 1, 1, 0, 0, 0, 0, 0, 0, 0, 0, 0, 0, 1, 0, 1, 1, 1, 1, 2, 1, 0, 2, 1, 2, 2, 0, 2, 2, 1, 1, 2, 1, 2, 0, 1, 2, 1, 1, 0, 1, 0, 2, 2, 0, 0, 0, 2, 1, 0, 0, 2, 0, 1, 1, 1, 1, 0, 1, 2, 1, 2, 0, 2, 2, 2, 0, 1, 1, 0, 2, 2, 0, 1, 1, 0, 2, 0, 0, 0, 0, 0, 2, 1, 2, 2, 1, 2, 2, 1, 2, 1, 0, 0, 0, 2, 0, 0, 2, 2, 0, 1, 0, 1, 0, 0, 2, 0, 0, 0, 2, 0, 2, 2, 2, 0, 2, 0, 2, 0, 2, 2, 1, 1, 0, 1, 1, 1, 1, 2, 1, 2, 1, 2, 0, 0, 1, 0, 0, 1, 0, 0, 1, 0, 1, 0, 0, 0, 2, 0, 0, 0, 2, 0, 2, 1, 0, 0, 2, 2, 0, 2, 2, 1, 0, 0, 0, 0, 1, 1, 0, 2, 0, 2, 2, 0, 0, 2, 0, 0, 0, 0, 0, 0, 2, 0, 1, 0, 2, 2, 0, 2, 2, 0, 0, 0, 0, 2, 0, 1, 1, 0, 1, 0, 0, 1, 0, 0, 1, 2, 0, 1, 2, 1, 2, 0, 2, 0, 0]
0.8513065881486934
array([[1254,    4,   20],
       [  60,  506,  115],
       [  82,  123,  553]])
kfold preds 2: [1, 0, 2, 0, 0, 2, 1, 1, 2, 0, 0, 1, 1, 1, 1, 2, 0, 2, 1, 1, 2, 2, 1, 2, 2, 1, 0, 1, 0, 0, 1, 2, 2, 0, 1, 0, 1, 2, 2, 0, 2, 1, 1, 1, 0, 1, 2, 1, 2, 1, 1, 2, 1, 1, 1, 1, 1, 1, 0, 1, 2, 1, 2, 0, 0, 0, 2, 2, 1, 0, 0, 2, 2, 1, 2, 0, 2, 2, 1, 2, 0, 1, 2, 0, 1, 0, 2, 0, 0, 1, 2, 2, 2, 1, 2, 1, 1, 2, 0, 1, 1, 0, 2, 1, 2, 0, 0, 2, 2, 1, 0, 1, 1, 1, 2, 2, 2, 0, 1, 0, 2, 0, 0, 0, 2, 0, 2, 2, 0, 1, 1, 1, 1, 2, 2, 0, 0, 1, 1, 2, 2, 0, 2, 1, 0, 2, 1, 2, 1, 1, 2, 2, 1, 0, 0, 1, 0, 1, 0, 1, 0, 1, 1, 2, 2, 0, 2, 2, 0, 2, 2, 2, 0, 0, 1, 2, 1, 2, 2, 0, 2, 2, 0, 2, 0, 2, 1, 2, 1, 1, 2, 1, 1, 1, 2, 0, 1, 0, 2, 1, 2, 2, 1, 2, 1, 2, 0, 1, 0, 1, 0, 2, 1, 0, 2, 1, 2, 2, 0, 1, 0, 2, 0, 1, 2, 1, 2, 1, 2, 1, 2, 2, 0, 2, 2, 1, 0, 0, 2, 1, 0, 1, 2, 0, 2, 0, 0, 0, 0, 1, 2, 0, 2, 2, 2, 1, 1, 0, 2, 0, 0, 2, 0, 1, 2, 2, 1, 2, 2, 0, 0, 2, 2, 2, 0, 1, 1, 2, 0, 1, 1, 2, 1, 2, 0, 0, 0, 2, 1, 1, 2, 1, 1, 0, 0, 0, 1, 1, 1, 2, 0, 2, 2, 2, 2, 0, 0, 1, 0, 0, 2, 0, 0, 1, 2, 0, 1, 1, 0, 0, 2, 1, 2, 0, 2, 0, 0, 1, 2, 1, 1, 2, 2, 2, 1, 0, 2, 2, 2, 1, 2, 1, 2, 1, 2, 2, 0, 1, 1, 1, 0, 0, 2, 2, 0, 0, 0, 1, 0, 2, 1, 2, 1, 2, 1, 1, 0, 2, 1, 2, 2, 0, 2, 1, 2, 1, 1, 0, 1, 2, 0, 1, 2, 1, 0, 0, 0, 1, 1, 1, 0, 2, 1, 2, 0, 0, 0, 1, 0, 2, 1, 2, 0, 2, 2, 0, 2, 1, 2, 2, 2, 2, 0, 0, 1, 1, 1, 2, 1, 2, 2, 1, 1, 2, 2, 1, 2, 1, 0, 2, 0, 0, 2, 1, 2, 0, 1, 0, 0, 0, 1, 0, 2, 2, 1, 2, 2, 2, 1, 1, 2, 2, 0, 2, 2, 1, 2, 2, 2, 0, 0, 1, 2, 0, 1, 0, 2, 1, 1, 2, 1, 1, 2, 1, 2, 1, 0, 2, 1, 0, 0, 2, 0, 1, 1, 1, 1, 0, 2, 1, 2, 1, 1, 1, 1, 2, 2, 0, 0, 1, 1, 0, 2, 1, 1, 2, 2, 2, 1, 2, 2, 1, 2, 0, 2, 2, 0, 1, 1, 2, 1, 1, 2, 1, 1, 1, 0, 0, 0, 2, 1, 0, 2, 0, 1, 0, 1, 0, 2, 1, 2, 2, 2, 0, 2, 2, 2, 1, 1, 2, 0, 2, 2, 2, 1, 0, 0, 2, 0, 2, 0, 2, 1, 1, 0, 0, 0, 0, 0, 2, 1, 0, 0, 1, 1, 0, 2, 2, 0, 1, 2, 2, 1, 1, 2, 0, 0, 2, 2, 0, 2, 2, 0, 2, 2, 2, 1, 0, 2, 0, 2, 2, 2, 0, 0, 1, 0, 2, 1, 1, 2, 2, 2, 2, 2, 2, 0, 1, 2, 0, 0, 2, 1, 0, 0, 1, 2, 2, 1, 0, 0, 1, 1, 1, 1, 2, 1, 1, 0, 2, 1, 2, 2, 0, 2, 0, 2, 1, 2, 0, 1, 2, 1, 2, 2, 1, 2, 1, 0, 0, 1, 2, 1, 1, 0, 1, 0, 2, 0, 0, 1, 2, 2, 0, 1, 2, 2, 2, 1, 1, 2, 2, 0, 1, 1, 0, 0, 2, 1, 0, 1, 2, 1, 2, 0, 0, 2, 2, 1, 0, 2, 0, 2, 1, 2, 2, 2, 0, 1, 1, 2, 0, 0, 1, 2, 1, 1, 2, 2, 2, 0, 1, 1, 2, 2, 2, 0, 2, 1, 2, 1, 0, 1, 0, 0, 0, 1, 1, 0, 1, 2, 1, 1, 2, 2, 2, 0, 1, 0, 2, 2, 1, 0, 2, 2, 2, 1, 0, 0, 0, 0, 2, 0, 1, 1, 2, 0, 2, 0, 2, 2, 0, 2, 2, 1, 2, 2, 1, 2, 1, 2, 0, 0, 2, 2, 2, 2, 1, 2, 1, 2, 1, 0, 2, 2, 2, 2, 1, 1, 2, 1, 0, 1, 2, 0, 2, 0, 0, 2, 1, 2, 2, 1, 2, 2, 1, 2, 2, 1, 0, 0, 1, 1, 1, 2, 2, 2, 1, 0, 1, 1, 2, 1, 0, 1, 2, 1, 1, 2, 0, 1, 1, 2, 1, 0, 0, 1, 2, 1, 2, 2, 2, 2, 2, 2, 0, 0, 1, 0, 1, 0, 2, 2, 0, 2, 1, 0, 0, 1, 2, 0, 0, 2, 0, 1, 0, 2, 0, 2, 2, 0, 0, 2, 1, 2, 1, 0, 1, 2, 2, 0, 0, 2, 0, 2, 0, 1, 1, 1, 0, 2, 0, 0, 1, 2, 1, 2, 2, 2, 0, 0, 0, 0, 2, 0, 2, 1, 1, 2, 1, 2, 2, 2, 2, 0, 2, 2, 0, 2, 1, 2, 2, 2, 1, 0, 1, 0, 2, 0, 1, 1, 2, 2, 2, 1, 0, 1, 2, 1, 2, 2, 1, 2, 0, 0, 1, 0, 2, 1, 2, 2, 0, 0, 0, 0, 2, 1, 1, 0, 0, 1, 2, 0, 2, 2, 2, 1, 1, 1, 1, 1, 1, 2, 2, 2, 0, 2, 2, 1, 1, 0, 2, 1, 1, 2, 2, 0, 1, 1, 2, 0, 2, 2, 0, 1, 2, 2, 0, 2, 0, 1, 1, 1, 2, 1, 2, 2, 1, 1, 2, 1, 2, 2, 2, 2, 1, 2, 1, 2, 0, 0, 0, 1, 1, 2, 2, 0, 0, 2, 1, 1, 2, 2, 0, 2, 1, 2, 0, 2, 1, 0, 1, 2, 1, 2, 0, 1, 0, 0, 1, 1, 0, 1, 1, 2, 0, 2, 2, 0, 1, 0, 1, 2, 0, 2, 2, 2, 2, 1, 2, 1, 2, 1, 2, 1, 0, 0, 1, 0, 1, 2, 1, 2, 0, 2, 0, 1, 0, 2, 0, 0, 0, 1, 2, 2, 1, 1, 1, 2, 2, 1, 1, 2, 2, 0, 1, 0, 0, 2, 2, 2, 0, 1, 0, 2, 1, 0, 1, 1, 1, 0, 1, 2, 2, 1, 1, 0, 1, 2, 0, 1, 2, 2, 2, 1, 0, 2, 0, 2, 2, 2, 1, 0, 1, 0, 1, 2, 0, 2, 2, 0, 0, 0, 2, 1, 0, 1, 0, 1, 1, 2, 1, 1, 1, 2, 0, 2, 2, 1, 2, 0, 2, 0, 2, 1, 2, 0, 0, 2, 1, 1, 2, 2, 2, 2, 0, 0, 0, 0, 0, 2, 2, 0, 2, 2, 1, 1, 2, 1, 0, 0, 1, 0, 2, 1, 0, 2, 2, 0, 2, 0, 1, 2, 2, 2, 2, 1, 2, 0, 0, 2, 2, 1, 1, 0, 2, 2, 2, 2, 1, 2, 0, 2, 0, 0, 0, 1, 1, 2, 2, 2, 1, 0, 2, 0, 2, 2, 2, 1, 2, 1, 1, 2, 2, 2, 2, 0, 2, 0, 2, 0, 2, 0, 1, 2, 1, 1, 2, 1, 2, 0, 2, 2, 2, 2, 2, 1, 2, 2, 1, 0, 0, 2, 2, 1, 1, 2, 0, 2, 2, 2, 1, 0, 0, 0, 1, 2, 1, 2, 2, 2, 2, 2, 2, 1, 2, 1, 1, 0, 0, 2, 2, 0, 0, 1, 2, 1, 0, 2, 2, 0, 0, 0, 0, 1, 2, 2, 2, 1, 2, 2, 2, 0, 2, 1, 2, 2, 2, 2, 1, 2, 0, 2, 2, 0, 1, 1, 0, 2, 2, 0, 1, 1, 1, 2, 1, 0, 2, 2, 1, 1, 2, 1, 0, 1, 1, 0, 0, 2, 1, 2, 2, 1, 1, 1, 1, 1, 2, 2, 1, 0, 0, 2, 2, 2, 1, 2, 2, 1, 1, 1, 0, 0, 2, 1, 1, 0, 2, 1, 0, 1, 1, 0, 1, 2, 2, 1, 0, 0, 1, 2, 2, 2, 0, 1, 2, 1, 0, 1, 1, 2, 2, 2, 0, 2, 1, 1, 1, 2, 2, 2, 2, 1, 1, 0, 0, 2, 1, 2, 2, 2, 0, 1, 2, 1, 2, 1, 0, 2, 1, 0, 2, 0, 0, 1, 1, 0, 2, 1, 2, 0, 0, 0, 1, 0, 2, 2, 2, 0, 1, 0, 2, 0, 2, 0, 0, 2, 0, 2, 1, 0, 1, 2, 1, 1, 2, 0, 0, 0, 1, 1, 1, 0, 0, 0, 1, 0, 0, 2, 0, 1, 2, 1, 1, 0, 2, 1, 2, 1, 0, 0, 2, 0, 2, 2, 2, 2, 1, 2, 1, 2, 1, 2, 1, 2, 0, 2, 2, 1, 2, 2, 1, 1, 0, 2, 2, 1, 1, 0, 2, 0, 2, 2, 0, 0, 1, 2, 2, 1, 0, 2, 2, 0, 2, 2, 0, 1, 1, 0, 2, 0, 2, 2, 2, 0, 2, 2, 2, 0, 2, 2, 2, 2, 2, 2, 0, 1, 2, 1, 1, 2, 1, 1, 2, 1, 2, 1, 1, 1, 1, 1, 2, 2, 2, 2, 1, 1, 1, 0, 2, 1, 2, 0, 2, 0, 0, 1, 1, 0, 1, 2, 0, 0, 2, 1, 2, 2, 1, 0, 0, 0, 2, 1, 1, 2, 1, 0, 0, 1, 2, 2, 0, 1, 2, 2, 2, 2, 0, 0, 1, 2, 0, 0, 2, 1, 2, 0, 2, 2, 0, 0, 0, 2, 1, 0, 0, 2, 2, 1, 2, 2, 0, 1, 2, 2, 1, 2, 0, 1, 0, 2, 1, 1, 1, 1, 0, 2, 2, 0, 1, 0, 0, 0, 2, 1, 2, 0, 1, 1, 1, 1, 2, 0, 0, 0, 2, 1, 1, 1, 2, 0, 2, 0, 0, 1, 1, 2, 1, 0, 2, 0, 1, 0, 2, 0, 2, 2, 2, 0, 2, 2, 1, 2, 2, 2, 2, 0, 0, 0, 0, 1, 1, 2, 1, 0, 2, 2, 0, 1, 0, 0, 2, 0, 2, 2, 2, 0, 1, 2, 1, 1, 1, 2, 2, 2, 0, 1, 2, 2, 0, 1, 0, 0, 2, 2, 1, 0, 2, 1, 0, 1, 1, 0, 0, 2, 0, 0, 1, 0, 0, 2, 0, 1, 2, 0, 2, 2, 2, 1, 2, 1, 0, 2, 2, 0, 0, 2, 2, 0, 1, 2, 2, 1, 0, 2, 1, 2, 1, 2, 1, 0, 2, 2, 1, 0, 0, 0, 0, 1, 1, 1, 2, 1, 2, 1, 1, 0, 0, 0, 0, 2, 1, 2, 0, 1, 1, 0, 2, 0, 2, 0, 1, 1, 2, 1, 1, 1, 0, 2, 1, 1, 2, 0, 2, 2, 2, 2, 0, 1, 2, 0, 0, 2, 1, 0, 1, 1, 0, 2, 1, 1, 0, 1, 1, 0, 0, 2, 2, 2, 0, 1, 1, 2, 0, 2, 0, 0, 2, 2, 1, 2, 2, 0, 2, 2, 1, 2, 1, 1, 1, 1, 1, 1, 2, 0, 2, 1, 1, 2, 2, 2, 1, 2, 2, 1, 0, 0, 2, 2, 1, 2, 2, 1, 0, 2, 2, 0, 0, 2, 2, 1, 0, 2, 2, 0, 0, 2, 0, 1, 2, 0, 0, 1, 2, 2, 1, 0, 0, 2, 0, 1, 0, 1, 0, 2, 2, 0, 2, 0, 1, 0, 2, 0, 0, 2, 1, 2, 1, 2, 0, 0, 0, 1, 1, 0, 2, 2, 2, 0, 1, 1, 1, 0, 1, 2, 1, 1, 2, 1, 2, 2, 0, 2, 2, 0, 2, 2, 0, 0, 1, 1, 1, 2, 1, 0, 2, 0, 2, 0, 2, 1, 2, 2, 2, 2, 2, 2, 1, 2, 0, 0, 0, 1, 1, 2, 1, 2, 2, 2, 2, 1, 1, 0, 1, 1, 1, 0, 1, 2, 2, 1, 2, 2, 0, 2, 2, 1, 2, 2, 2, 0, 1, 0, 1, 2, 2, 2, 2, 1, 1, 2, 0, 2, 1, 1, 0, 2, 1, 0, 0, 0, 0, 2, 1, 2, 1, 2, 2, 2, 1, 2, 2, 0, 0, 1, 1, 2, 2, 0, 1, 0, 1, 2, 1, 2, 2, 0, 2, 1, 1, 2, 2, 0, 2, 0, 2, 2, 1, 2, 1, 2, 2, 0, 0, 0, 2, 0, 1, 0, 1, 2, 0, 2, 1, 1, 2, 2, 2, 2, 0, 2, 0, 0, 0, 2, 2, 0, 2, 2, 2, 2, 0, 2, 0, 1, 2, 1, 2, 1, 2, 1, 2, 0, 2, 2, 0, 2, 2, 2, 1, 0, 1, 1, 0, 0, 0, 2, 2, 0, 1, 2, 1, 2, 0, 2, 1, 1, 1, 2, 1, 2, 0, 1, 2, 0, 0, 1, 0, 2, 2, 1, 2, 0, 2, 1, 0, 2, 0, 2, 2, 1, 2, 2, 2, 1, 0, 0, 2, 0, 0, 2, 2, 2, 2, 2, 1, 1, 2, 1, 2, 0, 2, 2, 1, 2, 2, 0, 2, 1, 2, 0, 2, 2, 2, 1, 0, 1, 2, 2, 1, 1, 0, 1, 0, 2, 2, 1, 0, 1, 2, 2, 2, 0, 0, 2, 2, 1, 0, 0, 0, 1, 0, 1, 2, 0, 0, 0, 0, 1, 1, 2, 0, 0, 0, 0, 1, 1, 1, 2, 2, 1, 2, 1, 1, 0, 2, 1, 0, 1, 0, 2, 1, 2, 2, 2, 2, 0, 1, 0, 2, 2, 2, 0, 1, 1, 0, 0, 1, 2, 1, 2, 1, 1, 0, 1, 1, 0, 0, 2, 2, 1, 0, 1, 2, 1, 1, 2, 2, 2, 2, 2, 0, 0, 2, 2, 2, 2, 2, 1, 2, 2, 2, 2, 1, 0, 2, 1, 2, 1, 0, 1, 0, 0, 0, 0, 2, 0, 0, 2, 1, 2, 0, 2, 2, 2, 0, 2, 0, 1, 1, 0, 2, 1, 1, 0, 2, 2, 2, 1, 1, 2, 1, 2, 1, 2, 1, 2, 0, 1, 1, 1, 2, 2, 2, 0, 2, 0, 2, 2, 1, 1, 1, 2, 2, 2, 0, 1, 2, 0, 2, 1, 2, 2, 1, 1, 0, 1, 2, 1, 2, 0, 0, 1, 2, 0, 2, 1, 2, 1, 0, 2, 0, 0, 2, 1, 0, 1, 0, 1, 0, 1, 2, 2, 1, 2, 2, 0, 2, 1, 2, 2, 2, 2, 1, 2, 2, 2, 0, 1, 0, 2, 2, 0, 0, 1, 0, 0, 0, 1, 2, 0, 0, 1, 0, 0, 0, 1, 2, 1, 2, 2, 1, 0, 1, 1, 0, 1, 2, 2, 1, 1, 0, 0, 1, 0, 1, 0, 2, 1, 1, 2, 1, 0, 1, 1, 0, 2, 0, 0, 2, 2, 0, 1, 2, 1, 2, 1, 0, 0, 2, 2, 2, 1, 0, 2, 2, 2, 0, 2, 1, 2, 2, 0, 1, 1, 2, 2, 2, 2, 0, 1, 1, 2, 2, 2, 0, 0, 1, 2, 1, 0, 1, 1, 2, 1, 2, 2, 0, 2, 0, 1, 1, 1, 0, 1, 0, 0, 2, 0, 0, 1, 2, 1, 2, 2, 0, 1, 1, 2, 2, 1, 0, 2, 0, 0, 0, 2, 2, 1, 1, 1, 1, 2, 2, 0, 0, 0, 1, 1, 1, 2, 0, 1, 1, 2, 1, 2, 0, 2, 2, 2, 1, 0, 0, 2, 0, 0, 1, 1, 1, 2, 2, 0, 0, 2, 2, 2, 2, 2, 2, 2, 2, 2, 1, 0, 0, 2, 0, 0, 1, 2, 0, 2, 2, 2, 2, 0, 0, 1, 1, 2, 2, 0, 0, 1, 1, 0, 1, 0, 2, 2, 0, 2, 1, 0, 2, 1, 0, 0, 2, 1, 1, 2, 1, 2, 1, 2, 2, 1, 2, 2, 0, 1, 0, 2, 1, 0, 1, 0, 0, 2, 1, 0, 0, 1, 1, 2, 2, 0, 0, 2, 2, 2, 0, 1, 1, 0]
kfold targets 2: [1, 1, 0, 0, 0, 0, 1, 1, 2, 0, 0, 2, 0, 0, 0, 1, 0, 2, 1, 1, 1, 0, 2, 2, 1, 1, 0, 2, 0, 0, 0, 2, 1, 0, 1, 0, 1, 0, 0, 0, 2, 0, 1, 1, 0, 2, 1, 2, 0, 0, 0, 1, 0, 0, 1, 0, 1, 2, 0, 1, 1, 0, 2, 0, 0, 0, 1, 2, 0, 0, 0, 1, 1, 0, 2, 0, 1, 1, 0, 0, 0, 0, 1, 0, 1, 0, 2, 0, 0, 0, 2, 1, 2, 0, 0, 0, 0, 0, 0, 1, 0, 0, 2, 1, 0, 0, 0, 1, 2, 1, 0, 1, 2, 1, 2, 1, 2, 0, 2, 0, 2, 0, 0, 0, 1, 0, 1, 0, 0, 0, 1, 1, 2, 2, 1, 0, 0, 0, 0, 0, 1, 0, 1, 2, 0, 2, 2, 1, 1, 2, 2, 2, 0, 0, 0, 1, 1, 0, 0, 1, 0, 0, 0, 1, 2, 0, 0, 1, 0, 2, 2, 0, 0, 0, 2, 1, 0, 2, 2, 0, 1, 1, 0, 2, 0, 2, 2, 0, 0, 0, 2, 1, 0, 0, 2, 0, 2, 0, 0, 2, 0, 2, 2, 1, 2, 2, 2, 0, 0, 0, 1, 2, 1, 0, 1, 0, 0, 2, 0, 2, 1, 0, 0, 1, 2, 2, 2, 1, 2, 2, 0, 2, 0, 0, 1, 2, 0, 0, 1, 0, 0, 2, 2, 2, 0, 0, 0, 0, 0, 1, 2, 0, 0, 2, 2, 2, 2, 0, 1, 0, 0, 2, 0, 1, 0, 1, 1, 2, 2, 0, 0, 2, 0, 0, 0, 0, 0, 2, 0, 2, 1, 1, 1, 2, 0, 0, 0, 2, 1, 0, 1, 0, 0, 0, 0, 0, 0, 0, 0, 2, 0, 0, 0, 2, 2, 0, 0, 2, 0, 0, 1, 0, 0, 1, 2, 0, 1, 1, 1, 0, 0, 0, 1, 0, 0, 0, 0, 2, 1, 0, 1, 0, 2, 2, 1, 0, 1, 2, 2, 1, 2, 1, 2, 1, 0, 2, 0, 0, 0, 1, 0, 0, 2, 1, 0, 0, 0, 2, 2, 1, 1, 2, 0, 0, 1, 2, 0, 1, 1, 1, 1, 0, 2, 1, 2, 0, 1, 0, 1, 0, 0, 1, 2, 1, 0, 0, 0, 2, 1, 1, 0, 2, 1, 2, 0, 0, 0, 0, 0, 2, 1, 1, 0, 1, 2, 0, 0, 1, 2, 1, 2, 0, 0, 0, 2, 1, 1, 1, 0, 2, 2, 0, 1, 0, 2, 0, 2, 2, 0, 2, 0, 0, 2, 1, 2, 0, 1, 0, 0, 0, 1, 0, 1, 1, 0, 2, 1, 1, 2, 0, 1, 2, 2, 2, 2, 2, 2, 2, 1, 0, 0, 0, 0, 0, 0, 0, 2, 0, 2, 2, 1, 2, 0, 0, 2, 2, 0, 0, 2, 0, 0, 2, 0, 0, 0, 1, 1, 0, 2, 1, 2, 1, 1, 0, 1, 2, 2, 0, 0, 1, 2, 0, 2, 0, 2, 1, 1, 1, 2, 2, 2, 0, 2, 2, 2, 2, 0, 1, 0, 1, 0, 1, 2, 0, 0, 2, 2, 0, 0, 2, 2, 0, 2, 0, 0, 0, 1, 0, 2, 2, 0, 1, 2, 0, 2, 1, 0, 0, 1, 1, 1, 2, 1, 1, 0, 0, 0, 2, 0, 2, 0, 2, 1, 0, 2, 0, 0, 0, 2, 1, 0, 0, 0, 0, 1, 0, 1, 1, 0, 1, 2, 1, 0, 0, 2, 0, 0, 1, 2, 0, 2, 1, 0, 2, 2, 0, 1, 0, 2, 0, 2, 2, 2, 0, 0, 1, 0, 1, 1, 0, 2, 0, 2, 0, 0, 2, 0, 0, 0, 0, 0, 2, 1, 0, 0, 1, 2, 1, 2, 0, 0, 1, 1, 2, 1, 2, 0, 2, 0, 2, 2, 2, 0, 1, 1, 0, 2, 2, 2, 0, 2, 2, 0, 2, 2, 2, 1, 1, 0, 0, 2, 2, 0, 2, 0, 2, 0, 2, 0, 0, 1, 2, 2, 0, 0, 1, 1, 0, 2, 2, 0, 1, 0, 0, 2, 0, 0, 2, 0, 0, 0, 0, 1, 2, 0, 0, 2, 2, 1, 0, 1, 0, 0, 2, 1, 0, 0, 0, 0, 1, 0, 0, 0, 0, 2, 2, 1, 1, 2, 2, 0, 0, 2, 1, 2, 2, 0, 1, 1, 0, 0, 0, 1, 0, 0, 0, 2, 2, 0, 2, 2, 1, 1, 1, 1, 1, 0, 2, 0, 0, 2, 2, 0, 2, 0, 2, 0, 0, 0, 0, 0, 1, 0, 0, 0, 1, 2, 2, 0, 1, 1, 0, 0, 1, 1, 1, 1, 0, 1, 0, 0, 0, 0, 1, 0, 1, 2, 0, 0, 2, 2, 0, 0, 2, 0, 2, 1, 0, 0, 2, 1, 0, 1, 0, 0, 1, 0, 0, 2, 1, 2, 2, 0, 2, 0, 0, 2, 2, 0, 0, 0, 0, 0, 0, 0, 2, 2, 0, 0, 2, 1, 1, 1, 0, 2, 0, 2, 0, 1, 0, 1, 2, 2, 1, 0, 0, 0, 2, 0, 2, 1, 0, 2, 2, 0, 0, 0, 0, 0, 0, 0, 1, 1, 2, 1, 2, 0, 0, 0, 2, 0, 0, 2, 0, 2, 0, 1, 0, 0, 2, 0, 0, 0, 1, 1, 0, 0, 2, 1, 2, 0, 0, 1, 0, 2, 0, 2, 1, 0, 0, 0, 0, 0, 2, 2, 1, 2, 0, 2, 0, 0, 0, 0, 2, 0, 2, 2, 0, 2, 2, 2, 2, 2, 0, 0, 2, 2, 0, 1, 0, 2, 0, 2, 1, 0, 0, 0, 2, 0, 0, 0, 0, 2, 2, 1, 0, 0, 1, 0, 2, 2, 2, 0, 0, 0, 0, 0, 1, 1, 1, 0, 0, 0, 0, 0, 2, 0, 2, 0, 0, 1, 1, 0, 2, 2, 0, 1, 0, 1, 1, 0, 0, 2, 1, 2, 0, 0, 0, 0, 0, 0, 1, 2, 0, 0, 2, 0, 0, 2, 0, 0, 1, 1, 0, 0, 2, 1, 0, 1, 0, 0, 0, 1, 0, 1, 2, 2, 0, 2, 1, 1, 2, 1, 0, 2, 2, 2, 1, 0, 0, 0, 0, 0, 0, 2, 0, 0, 0, 2, 2, 0, 1, 0, 0, 2, 0, 0, 0, 2, 0, 0, 2, 0, 0, 2, 1, 1, 0, 0, 2, 2, 0, 1, 0, 2, 0, 0, 0, 0, 2, 0, 1, 2, 0, 1, 0, 1, 0, 0, 0, 2, 2, 0, 1, 0, 0, 0, 2, 0, 0, 2, 0, 2, 0, 1, 1, 0, 0, 1, 0, 0, 0, 1, 1, 1, 1, 1, 0, 2, 1, 0, 2, 2, 0, 0, 0, 0, 0, 2, 0, 2, 0, 1, 0, 1, 1, 0, 0, 1, 1, 0, 1, 1, 0, 1, 0, 0, 1, 1, 0, 0, 2, 2, 1, 0, 0, 1, 0, 2, 1, 0, 0, 0, 0, 0, 2, 2, 0, 2, 0, 0, 0, 0, 2, 2, 0, 0, 0, 0, 2, 2, 2, 2, 1, 0, 0, 2, 2, 2, 2, 0, 0, 0, 1, 1, 2, 0, 0, 0, 1, 1, 1, 0, 1, 2, 0, 0, 0, 0, 0, 2, 2, 2, 1, 2, 1, 2, 0, 1, 0, 0, 1, 0, 2, 2, 0, 1, 2, 0, 2, 0, 0, 2, 1, 2, 2, 0, 2, 0, 0, 2, 1, 2, 2, 0, 2, 1, 2, 2, 0, 0, 0, 2, 0, 0, 0, 2, 1, 0, 1, 2, 0, 0, 1, 0, 0, 2, 1, 1, 1, 0, 0, 2, 1, 1, 1, 0, 1, 0, 1, 0, 2, 0, 1, 2, 0, 2, 0, 1, 0, 0, 1, 0, 0, 0, 1, 1, 2, 0, 0, 0, 2, 1, 0, 2, 0, 2, 0, 1, 0, 2, 2, 0, 0, 0, 0, 2, 2, 2, 1, 2, 1, 2, 2, 2, 0, 0, 1, 0, 0, 0, 0, 0, 0, 0, 2, 2, 0, 1, 1, 0, 0, 0, 0, 1, 1, 2, 0, 0, 2, 1, 1, 0, 2, 2, 1, 1, 0, 2, 1, 2, 0, 2, 2, 0, 0, 0, 0, 2, 0, 0, 0, 2, 0, 2, 0, 0, 1, 2, 1, 0, 1, 2, 2, 1, 0, 0, 0, 1, 2, 2, 0, 2, 0, 1, 1, 0, 0, 1, 2, 0, 0, 1, 2, 2, 0, 1, 0, 1, 1, 2, 0, 2, 2, 2, 2, 0, 0, 0, 0, 0, 1, 0, 0, 2, 1, 0, 0, 0, 2, 2, 0, 1, 0, 2, 2, 0, 0, 1, 0, 0, 2, 2, 0, 1, 1, 1, 0, 2, 2, 2, 0, 0, 0, 0, 0, 0, 2, 2, 1, 2, 0, 0, 2, 0, 0, 1, 0, 0, 0, 0, 1, 0, 0, 2, 1, 0, 2, 2, 0, 0, 0, 0, 1, 0, 0, 2, 1, 0, 1, 0, 2, 0, 1, 0, 0, 0, 0, 0, 0, 0, 2, 2, 2, 1, 2, 0, 0, 0, 1, 1, 1, 0, 0, 0, 1, 0, 0, 2, 0, 1, 2, 0, 0, 0, 2, 2, 2, 1, 0, 0, 1, 0, 2, 1, 2, 1, 2, 2, 2, 1, 2, 2, 1, 1, 0, 1, 0, 0, 0, 2, 1, 1, 0, 1, 2, 1, 1, 0, 2, 0, 2, 1, 0, 0, 2, 1, 2, 1, 0, 2, 1, 0, 0, 2, 0, 0, 1, 0, 1, 0, 0, 0, 1, 0, 1, 2, 1, 0, 0, 2, 1, 0, 1, 2, 0, 0, 0, 1, 2, 1, 0, 1, 1, 1, 2, 0, 0, 0, 2, 1, 0, 2, 0, 1, 0, 2, 2, 0, 1, 0, 2, 0, 2, 0, 0, 0, 1, 0, 1, 1, 0, 0, 0, 0, 2, 2, 1, 0, 0, 0, 0, 1, 2, 2, 1, 0, 0, 0, 0, 2, 0, 1, 1, 2, 2, 1, 0, 2, 2, 2, 0, 0, 2, 0, 2, 0, 2, 1, 0, 0, 2, 1, 2, 0, 0, 2, 1, 1, 1, 2, 0, 0, 0, 2, 1, 2, 0, 1, 0, 2, 1, 2, 0, 0, 0, 1, 2, 0, 1, 0, 0, 2, 1, 2, 1, 0, 1, 1, 1, 1, 1, 0, 0, 0, 2, 1, 1, 0, 2, 0, 0, 0, 0, 1, 1, 0, 1, 0, 2, 0, 0, 1, 2, 0, 1, 2, 1, 0, 1, 2, 0, 2, 1, 1, 1, 0, 0, 0, 0, 2, 1, 1, 1, 0, 0, 1, 0, 2, 0, 0, 1, 0, 1, 2, 0, 0, 1, 1, 1, 0, 0, 1, 0, 1, 0, 0, 0, 0, 0, 1, 2, 0, 2, 1, 1, 0, 0, 1, 0, 2, 0, 0, 0, 2, 0, 0, 0, 0, 0, 2, 0, 1, 1, 0, 0, 2, 0, 2, 2, 1, 0, 2, 2, 0, 0, 1, 1, 0, 1, 2, 2, 2, 0, 2, 1, 0, 0, 2, 1, 0, 0, 1, 0, 0, 0, 2, 0, 1, 1, 0, 2, 1, 2, 1, 0, 0, 0, 0, 0, 1, 1, 1, 0, 2, 0, 0, 2, 0, 2, 0, 1, 2, 2, 0, 0, 2, 0, 2, 0, 1, 0, 0, 2, 1, 2, 2, 0, 0, 2, 0, 0, 0, 1, 0, 2, 2, 1, 0, 1, 2, 2, 1, 1, 0, 0, 0, 1, 1, 0, 1, 2, 2, 0, 2, 2, 0, 1, 2, 2, 1, 1, 0, 2, 1, 0, 2, 2, 1, 0, 1, 0, 1, 1, 0, 1, 2, 0, 1, 0, 1, 1, 1, 1, 2, 0, 0, 2, 1, 2, 1, 1, 1, 0, 0, 2, 0, 0, 2, 2, 2, 0, 2, 0, 0, 0, 0, 0, 1, 1, 0, 0, 1, 1, 2, 2, 1, 0, 2, 0, 2, 0, 0, 0, 0, 2, 0, 2, 0, 0, 0, 2, 0, 0, 2, 0, 2, 0, 0, 0, 0, 0, 1, 1, 0, 1, 0, 2, 0, 1, 0, 1, 0, 0, 2, 2, 1, 2, 0, 0, 0, 0, 0, 0, 0, 0, 2, 0, 0, 1, 0, 0, 1, 0, 0, 2, 0, 1, 0, 2, 2, 2, 1, 2, 0, 0, 1, 1, 0, 0, 0, 0, 1, 0, 2, 0, 2, 1, 1, 1, 0, 0, 0, 1, 1, 1, 0, 0, 2, 2, 0, 0, 2, 0, 2, 0, 1, 2, 0, 1, 0, 2, 0, 1, 2, 2, 1, 2, 2, 0, 2, 0, 1, 2, 2, 2, 1, 0, 0, 0, 0, 0, 2, 0, 0, 2, 0, 0, 0, 0, 2, 2, 0, 0, 2, 2, 0, 1, 0, 0, 0, 2, 1, 2, 1, 2, 0, 0, 1, 1, 0, 0, 0, 2, 0, 2, 1, 1, 1, 2, 2, 2, 0, 0, 0, 2, 0, 2, 0, 1, 0, 0, 0, 0, 0, 1, 1, 1, 0, 0, 1, 0, 0, 0, 1, 2, 0, 1, 2, 1, 1, 0, 2, 0, 0, 1, 1, 1, 1, 2, 0, 0, 0, 2, 0, 0, 1, 2, 2, 0, 0, 2, 0, 0, 0, 0, 2, 1, 0, 0, 2, 1, 2, 0, 1, 1, 1, 0, 2, 1, 2, 2, 0, 1, 0, 0, 1, 0, 0, 1, 2, 2, 0, 2, 0, 0, 2, 0, 2, 2, 1, 0, 1, 1, 2, 0, 0, 0, 0, 0, 2, 1, 2, 0, 2, 2, 0, 0, 0, 1, 0, 0, 0, 2, 0, 0, 0, 1, 1, 0, 0, 0, 2, 2, 0, 0, 1, 1, 0, 2, 2, 2, 1, 0, 2, 0, 1, 1, 2, 2, 2, 2, 0, 0, 0, 0, 0, 0, 0, 0, 2, 0, 1, 2, 0, 0, 0, 0, 0, 0, 0, 0, 0, 0, 0, 0, 0, 0, 1, 2, 0, 2, 2, 1, 0, 0, 2, 0, 2, 0, 0, 1, 1, 2, 2, 2, 0, 0, 0, 2, 0, 2, 2, 1, 1, 0, 0, 2, 1, 0, 2, 1, 0, 0, 0, 2, 0, 0, 2, 0, 0, 0, 1, 2, 0, 1, 2, 1, 0, 2, 2, 0, 0, 2, 2, 2, 0, 2, 2, 1, 1, 2, 2, 2, 0, 2, 2, 0, 0, 0, 2, 0, 2, 0, 0, 1, 0, 2, 2, 1, 2, 2, 2, 1, 1, 0, 1, 0, 1, 0, 0, 1, 1, 1, 0, 1, 2, 2, 0, 0, 2, 0, 1, 0, 1, 1, 2, 2, 1, 0, 1, 1, 2, 0, 0, 1, 0, 2, 1, 1, 0, 1, 0, 2, 0, 2, 2, 0, 0, 1, 1, 2, 2, 1, 2, 0, 2, 1, 2, 2, 0, 0, 1, 2, 0, 2, 0, 1, 1, 0, 2, 0, 0, 2, 2, 0, 2, 0, 0, 0, 0, 2, 1, 1, 1, 2, 0, 2, 1, 0, 0, 1, 0, 1, 0, 2, 1, 0, 0, 0, 2, 2, 2, 0, 0, 0, 0, 0, 0, 2, 0, 0, 0, 0, 0, 0, 1, 2, 0, 2, 2, 0, 0, 2, 1, 0, 1, 2, 2, 1, 1, 0, 0, 0, 0, 0, 0, 1, 0, 0, 2, 2, 0, 0, 1, 0, 2, 0, 0, 1, 1, 0, 2, 0, 0, 2, 1, 0, 0, 2, 1, 1, 2, 0, 2, 1, 1, 0, 1, 0, 2, 2, 0, 0, 2, 2, 2, 2, 2, 2, 1, 0, 1, 1, 1, 0, 1, 1, 2, 1, 0, 2, 2, 2, 1, 1, 2, 0, 0, 0, 0, 0, 1, 0, 0, 0, 0, 2, 0, 0, 1, 1, 2, 2, 2, 0, 2, 2, 1, 1, 0, 0, 0, 0, 0, 0, 2, 2, 0, 1, 1, 1, 0, 0, 0, 0, 0, 2, 1, 0, 1, 0, 2, 2, 2, 1, 2, 1, 2, 2, 2, 2, 0, 0, 1, 0, 0, 2, 1, 1, 1, 2, 0, 0, 2, 0, 1, 1, 2, 1, 0, 2, 0, 0, 0, 0, 2, 0, 0, 0, 2, 0, 2, 0, 1, 1, 0, 0, 1, 2, 1, 1, 0, 0, 0, 0, 0, 2, 0, 2, 0, 0, 1, 0, 0, 2, 1, 0, 0, 1, 0, 1, 2, 1, 2, 1, 0, 2, 1, 1, 1, 0, 1, 0, 0, 0, 0, 1, 0, 0, 2, 0, 0, 0, 1, 0, 1, 1, 0, 0, 2, 0, 2, 0, 2, 0, 0]
0.5719543614280457
array([[731, 322, 241],
       [ 15, 310, 339],
       [ 32, 214, 513]])
