epoch: 1
100
158.72895860671997
200
307.86844635009766
300
447.28320956230164
400
575.122722864151
500
704.10622382164
600
833.4297831058502
Epoch: 1 | Training Loss: 0.567933 | Train ACC: 0.7433
epoch: 2
100
1053.9389204978943
200
1173.8359971046448
300
1293.5872602462769
400
1412.7024009227753
500
1531.9938883781433
600
1651.1410562992096
Epoch: 2 | Training Loss: 0.397742 | Train ACC: 0.8393
epoch: 3
100
1864.0443971157074
200
1988.61958193779
300
2118.086450099945
400
2251.383496284485
500
2380.04967546463
600
2513.607864379883
Epoch: 3 | Training Loss: 0.332721 | Train ACC: 0.8730
epoch: 4
100
2774.7065188884735
200
2936.4877421855927
300
3082.549610853195
400
3230.792404651642
500
3365.264590024948
600
3488.6212391853333
Epoch: 4 | Training Loss: 0.277984 | Train ACC: 0.8898
epoch: 5
100
3717.8005204200745
200
3848.713669538498
300
3969.5098271369934
400
4101.168016672134
500
4238.109264373779
600
4379.69154214859
Epoch: 5 | Training Loss: 0.259887 | Train ACC: 0.9012
epoch: 6
100
4617.973140716553
200
4743.696508646011
300
4860.7049968242645
400
4975.569248199463
500
5091.278948307037
600
5206.179204463959
Epoch: 6 | Training Loss: 0.216230 | Train ACC: 0.9187
epoch: 7
100
5412.177126646042
200
5535.264842987061
300
5660.368414402008
400
5783.967852115631
500
5902.911264657974
600
6021.2833931446075
Epoch: 7 | Training Loss: 0.185898 | Train ACC: 0.9290
epoch: 8
100
6245.692365169525
200
6369.016691684723
300
6488.57922577858
400
6607.656491518021
500
6725.945791006088
600
6838.952564001083
Epoch: 8 | Training Loss: 0.161747 | Train ACC: 0.9395
epoch: 9
100
7051.9477186203
200
7174.015358686447
300
7297.392062664032
400
7418.972709655762
500
7542.156339168549
600
7667.65491938591
Epoch: 9 | Training Loss: 0.161718 | Train ACC: 0.9404
epoch: 10
100
7891.966753721237
200
8017.156731843948
300
8140.209153175354
400
8257.685074806213
500
8372.078119754791
600
8484.496731996536
Epoch: 10 | Training Loss: 0.147228 | Train ACC: 0.9442
epoch: 11
100
8686.737995386124
200
8800.058102607727
300
8912.343650579453
400
9025.302066802979
500
9137.045187473297
600
9249.77354812622
Epoch: 11 | Training Loss: 0.137256 | Train ACC: 0.9459
epoch: 12
100
9450.195513486862
200
9562.610713005066
300
9674.439504623413
400
9786.26770234108
500
9897.67772936821
600
10010.058030366898
Epoch: 12 | Training Loss: 0.112698 | Train ACC: 0.9619
epoch: 13
100
10211.898604154587
200
10324.362392902374
300
10440.477992296219
400
10553.182215452194
500
10667.359833717346
600
10793.504682540894
Epoch: 13 | Training Loss: 0.107192 | Train ACC: 0.9604
epoch: 14
100
11001.972648859024
200
11116.939069747925
300
11237.44414138794
400
11361.233435869217
500
11487.125326871872
600
11617.676492452621
Epoch: 14 | Training Loss: 0.091675 | Train ACC: 0.9649
epoch: 15
100
11835.588697433472
200
11955.829113006592
300
12077.632714986801
400
12199.169764995575
500
12321.282239437103
600
12442.9247879982
Epoch: 15 | Training Loss: 0.079202 | Train ACC: 0.9711
epoch: 16
100
12660.575004339218
200
12782.170432329178
300
12905.537255048752
400
13027.982382774353
500
13147.515008687973
600
13261.228590965271
Epoch: 16 | Training Loss: 0.071202 | Train ACC: 0.9731
epoch: 17
100
13463.867018461227
200
13585.304193496704
300
13707.231173276901
400
13830.281819343567
500
13952.221071243286
600
14074.07979130745
Epoch: 17 | Training Loss: 0.075669 | Train ACC: 0.9724
epoch: 18
100
14294.403254270554
200
14420.92553281784
300
14545.942972183228
400
14669.739803552628
500
14792.211661815643
600
14906.838716983795
Epoch: 18 | Training Loss: 0.074105 | Train ACC: 0.9742
epoch: 19
100
15121.402963399887
200
15244.40132689476
300
15366.830643892288
400
15489.513105869293
500
15612.860578536987
600
15735.758507728577
Epoch: 19 | Training Loss: 0.055419 | Train ACC: 0.9783
epoch: 20
100
15954.602331638336
200
16068.08830857277
300
16190.420902729034
400
16312.437855005264
500
16435.772261619568
600
16558.147082805634
Epoch: 20 | Training Loss: 0.039607 | Train ACC: 0.9864
Training complete in 277m 35s
Validation Loss: 1.268998 | Validation ACC: 0.7884
epoch: 1
100
123.42139720916748
200
241.51615381240845
300
363.50513887405396
400
485.41153955459595
500
607.2153007984161
600
730.0955493450165
Epoch: 1 | Training Loss: 0.548908 | Train ACC: 0.7617
epoch: 2
100
945.630842924118
200
1056.5112974643707
300
1166.9456496238708
400
1284.9124994277954
500
1405.4147441387177
600
1525.6779413223267
Epoch: 2 | Training Loss: 0.394353 | Train ACC: 0.8405
epoch: 3
100
1742.075562953949
200
1862.4479484558105
300
1983.4581966400146
400
2104.339184999466
500
2219.8194375038147
600
2340.1295561790466
Epoch: 3 | Training Loss: 0.315545 | Train ACC: 0.8718
epoch: 4
100
2556.717182159424
200
2690.1601870059967
300
2824.710729122162
400
2960.218549489975
500
3084.5144040584564
600
3215.2670891284943
Epoch: 4 | Training Loss: 0.268393 | Train ACC: 0.8924
epoch: 5
100
3457.197017431259
200
3591.62083363533
300
3728.4457473754883
400
3855.7306201457977
500
3981.351704597473
600
4108.49441576004
Epoch: 5 | Training Loss: 0.239123 | Train ACC: 0.9086
epoch: 6
100
4323.255552768707
200
4447.323323726654
300
4571.361271381378
400
4693.911198377609
500
4818.696898460388
600
4944.197514772415
Epoch: 6 | Training Loss: 0.201859 | Train ACC: 0.9200
epoch: 7
100
5178.025821447372
200
5314.99141907692
300
5446.334601402283
400
5576.6841588020325
500
5697.279717922211
600
5816.396224498749
Epoch: 7 | Training Loss: 0.183824 | Train ACC: 0.9297
epoch: 8
100
6041.610455274582
200
6162.701411008835
300
6295.216109991074
400
6428.6085069179535
500
6560.73225402832
600
6692.79612827301
Epoch: 8 | Training Loss: 0.158621 | Train ACC: 0.9376
epoch: 9
100
6917.217245578766
200
7036.4316465854645
300
7154.847613811493
400
7272.249023914337
500
7389.128385066986
600
7506.267349481583
Epoch: 9 | Training Loss: 0.144884 | Train ACC: 0.9439
epoch: 10
100
7718.992831707001
200
7839.209826469421
300
7957.423206806183
400
8073.099297761917
500
8188.013835906982
600
8303.698424816132
Epoch: 10 | Training Loss: 0.128148 | Train ACC: 0.9489
epoch: 11
100
8511.75300168991
200
8628.379569768906
300
8745.819634199142
400
8863.001177549362
500
8977.729339122772
600
9092.965447187424
Epoch: 11 | Training Loss: 0.129362 | Train ACC: 0.9514
epoch: 12
100
9299.424998283386
200
9417.05795431137
300
9532.01327419281
400
9646.529131889343
500
9772.182060956955
600
9887.894447803497
Epoch: 12 | Training Loss: 0.115470 | Train ACC: 0.9544
epoch: 13
100
10095.045320272446
200
10211.059224367142
300
10327.986481666565
400
10442.278988838196
500
10558.051742076874
600
10673.409701824188
Epoch: 13 | Training Loss: 0.109419 | Train ACC: 0.9568
epoch: 14
100
10879.388298034668
200
10997.614958524704
300
11113.155111312866
400
11228.998012065887
500
11343.223949193954
600
11459.148805379868
Epoch: 14 | Training Loss: 0.077755 | Train ACC: 0.9693
epoch: 15
100
11668.410456418991
200
11785.096337080002
300
11901.200753450394
400
12016.818803548813
500
12132.77288532257
600
12249.874651908875
Epoch: 15 | Training Loss: 0.076472 | Train ACC: 0.9698
epoch: 16
100
12454.57894873619
200
12569.754857063293
300
12685.245138645172
400
12802.005115032196
500
12917.726928472519
600
13033.483013391495
Epoch: 16 | Training Loss: 0.072617 | Train ACC: 0.9696
epoch: 17
100
13238.000880241394
200
13351.629031181335
300
13466.624907493591
400
13581.742579698563
500
13696.813316345215
600
13812.656106472015
Epoch: 17 | Training Loss: 0.068655 | Train ACC: 0.9733
epoch: 18
100
14022.301846265793
200
14148.17668914795
300
14274.347140312195
400
14397.109393835068
500
14520.553866386414
600
14634.924274206161
Epoch: 18 | Training Loss: 0.069078 | Train ACC: 0.9750
epoch: 19
100
14855.587891340256
200
14982.767047643661
300
15107.739164352417
400
15232.931482553482
500
15361.02734041214
600
15488.152480125427
Epoch: 19 | Training Loss: 0.078317 | Train ACC: 0.9706
epoch: 20
100
15710.4651324749
200
15826.78388762474
300
15953.226094007492
400
16079.821843624115
500
16206.394790172577
600
16332.449957370758
Epoch: 20 | Training Loss: 0.064418 | Train ACC: 0.9770
Training complete in 273m 45s
Validation Loss: 1.025058 | Validation ACC: 0.7895
epoch: 1
100
117.29797172546387
200
234.5353443622589
300
352.31468510627747
400
470.21347546577454
500
586.7083785533905
600
703.6006226539612
Epoch: 1 | Training Loss: 0.547249 | Train ACC: 0.7695
epoch: 2
100
936.3287727832794
200
1066.7341587543488
300
1197.3100771903992
400
1332.9168481826782
500
1470.189335823059
600
1600.2453446388245
Epoch: 2 | Training Loss: 0.396417 | Train ACC: 0.8390
epoch: 3
100
1833.153769493103
200
1954.1880640983582
300
2068.3139395713806
400
2182.1012778282166
500
2292.866293668747
600
2408.6219611167908
Epoch: 3 | Training Loss: 0.324329 | Train ACC: 0.8684
epoch: 4
100
2615.567940235138
200
2728.9317483901978
300
2841.9222795963287
400
2955.5773198604584
500
3067.370184659958
600
3181.4038457870483
Epoch: 4 | Training Loss: 0.271497 | Train ACC: 0.8966
epoch: 5
100
3389.000190258026
200
3504.272736310959
300
3619.1702954769135
400
3733.578450679779
500
3846.4770214557648
600
3961.740198612213
Epoch: 5 | Training Loss: 0.229275 | Train ACC: 0.9089
epoch: 6
100
4168.664375543594
200
4284.718031644821
300
4399.474962234497
400
4514.10418844223
500
4625.719579696655
600
4740.823501586914
Epoch: 6 | Training Loss: 0.208182 | Train ACC: 0.9187
epoch: 7
100
4947.171887874603
200
5061.799602508545
300
5176.589267492294
400
5292.297385454178
500
5404.259617090225
600
5517.277092933655
Epoch: 7 | Training Loss: 0.177768 | Train ACC: 0.9310
epoch: 8
100
5724.327492713928
200
5838.675693511963
300
5952.368757486343
400
6066.391383886337
500
6180.390377044678
600
6296.041015386581
Epoch: 8 | Training Loss: 0.168544 | Train ACC: 0.9354
epoch: 9
100
6503.00709605217
200
6617.081483364105
300
6731.462537288666
400
6845.417229890823
500
6957.85053062439
600
7072.323623180389
Epoch: 9 | Training Loss: 0.159848 | Train ACC: 0.9398
epoch: 10
100
7277.867635965347
200
7393.790160417557
300
7509.668541908264
400
7623.616357803345
500
7736.325303316116
600
7850.368067026138
Epoch: 10 | Training Loss: 0.127536 | Train ACC: 0.9538
epoch: 11
100
8080.330390453339
200
8208.66726899147
300
8334.887143850327
400
8460.840152263641
500
8584.340463161469
600
8704.798385620117
Epoch: 11 | Training Loss: 0.130909 | Train ACC: 0.9501
epoch: 12
100
8912.48483633995
200
9026.135019540787
300
9140.473559617996
400
9254.478400945663
500
9369.129710674286
600
9484.534221410751
Epoch: 12 | Training Loss: 0.110445 | Train ACC: 0.9584
epoch: 13
100
9690.837859153748
200
9804.250010967255
300
9917.547773599625
400
10030.767391443253
500
10143.627925395966
600
10257.280862808228
Epoch: 13 | Training Loss: 0.093171 | Train ACC: 0.9658
epoch: 14
100
10460.232360124588
200
10574.433864116669
300
10689.17670583725
400
10802.78268790245
500
10915.486681699753
600
11030.026809692383
Epoch: 14 | Training Loss: 0.092454 | Train ACC: 0.9634
epoch: 15
100
11230.141298770905
200
11343.040962457657
300
11455.36818099022
400
11570.229357004166
500
11683.645680904388
600
11797.15849018097
Epoch: 15 | Training Loss: 0.083011 | Train ACC: 0.9715
epoch: 16
100
12000.65464258194
200
12115.002255916595
300
12229.075727701187
400
12341.870191812515
500
12457.059526920319
600
12583.948862552643
Epoch: 16 | Training Loss: 0.079609 | Train ACC: 0.9726
epoch: 17
100
12810.34202003479
200
12935.713860273361
300
13062.364300966263
400
13188.92399764061
500
13314.18429851532
600
13431.536880254745
Epoch: 17 | Training Loss: 0.081715 | Train ACC: 0.9713
epoch: 18
100
13634.585941553116
200
13747.692290067673
300
13860.90622496605
400
13974.402935028076
500
14087.494112253189
600
14201.774988651276
Epoch: 18 | Training Loss: 0.072524 | Train ACC: 0.9726
epoch: 19
100
14404.838922739029
200
14518.18597650528
300
14632.328045129776
400
14745.169331550598
500
14857.977667570114
600
14971.687941551208
Epoch: 19 | Training Loss: 0.072544 | Train ACC: 0.9715
epoch: 20
100
15173.232188224792
200
15286.674145936966
300
15400.64313864708
400
15512.63919043541
500
15622.825035333633
600
15735.94236254692
Epoch: 20 | Training Loss: 0.058957 | Train ACC: 0.9794
Training complete in 263m 46s
Validation Loss: 0.662165 | Validation ACC: 0.8723
kfold preds 0: [0, 1, 0, 0, 2, 0, 1, 1, 1, 0, 0, 0, 0, 1, 0, 1, 1, 1, 1, 2, 1, 0, 1, 2, 1, 0, 0, 0, 0, 0, 0, 2, 2, 0, 0, 0, 1, 1, 1, 0, 2, 0, 1, 2, 0, 1, 1, 1, 0, 0, 1, 1, 0, 0, 2, 0, 0, 1, 0, 0, 1, 1, 1, 0, 0, 0, 1, 0, 0, 0, 0, 1, 1, 0, 0, 0, 2, 1, 1, 0, 0, 0, 2, 0, 0, 0, 1, 0, 0, 0, 1, 1, 1, 1, 0, 0, 0, 0, 0, 1, 0, 0, 1, 1, 1, 0, 0, 2, 2, 0, 0, 0, 1, 0, 1, 2, 1, 0, 1, 2, 0, 0, 0, 0, 1, 0, 1, 0, 0, 2, 0, 1, 1, 1, 2, 0, 0, 1, 0, 0, 1, 0, 2, 2, 0, 1, 1, 1, 0, 2, 1, 1, 0, 0, 1, 0, 1, 0, 1, 1, 2, 0, 1, 0, 1, 0, 0, 2, 0, 1, 1, 0, 0, 0, 2, 1, 0, 2, 2, 0, 1, 1, 0, 1, 0, 1, 2, 0, 1, 0, 1, 1, 0, 0, 0, 0, 2, 0, 0, 1, 0, 1, 1, 1, 0, 2, 1, 0, 0, 0, 2, 0, 0, 0, 0, 0, 0, 1, 0, 2, 1, 1, 0, 1, 0, 1, 0, 0, 1, 1, 0, 0, 0, 0, 1, 1, 0, 2, 1, 0, 0, 1, 0, 2, 0, 0, 1, 0, 1, 0, 0, 0, 0, 1, 1, 2, 1, 0, 1, 0, 0, 1, 0, 1, 0, 1, 0, 0, 2, 0, 2, 2, 1, 0, 0, 2, 0, 0, 0, 0, 1, 1, 1, 1, 0, 1, 0, 1, 1, 0, 2, 2, 1, 0, 0, 0, 0, 0, 1, 2, 1, 0, 0, 2, 2, 0, 0, 1, 0, 0, 0, 1, 0, 0, 1, 0, 0, 1, 0, 0, 0, 0, 0, 0, 0, 0, 0, 1, 1, 0, 1, 0, 1, 2, 1, 0, 1, 0, 1, 1, 1, 0, 1, 1, 0, 0, 0, 0, 0, 0, 0, 1, 0, 1, 0, 0, 0, 1, 1, 1, 1, 2, 0, 1, 1, 0, 0, 1, 0, 1, 1, 2, 0, 0, 1, 0, 1, 0, 0, 0, 1, 0, 0, 0, 0, 0, 0, 1, 1, 0, 0, 0, 1, 2, 0, 0, 0, 0, 0, 0, 1, 1, 0, 1, 2, 0, 0, 0, 1, 0, 1, 0, 0, 0, 1, 1, 0, 1, 0, 1, 2, 0, 1, 0, 1, 1, 2, 1, 0, 0, 0, 1, 1, 0, 2, 0, 0, 1, 0, 0, 1, 0, 1, 0, 1, 0, 1, 1, 0, 0, 1, 1, 1, 1, 1, 1, 2, 2, 1, 0, 0, 0, 0, 0, 1, 0, 0, 0, 1, 1, 1, 1, 0, 0, 0, 1, 0, 0, 1, 0, 0, 1, 0, 1, 0, 1, 1, 0, 1, 0, 0, 1, 0, 0, 0, 1, 2, 0, 1, 2, 1, 0, 2, 0, 0, 1, 2, 1, 1, 2, 2, 0, 2, 1, 0, 1, 1, 2, 0, 1, 1, 1, 0, 0, 2, 2, 1, 0, 0, 0, 1, 0, 1, 0, 0, 1, 1, 0, 1, 1, 0, 1, 1, 1, 1, 1, 1, 0, 1, 1, 1, 0, 1, 1, 0, 0, 0, 1, 1, 1, 0, 1, 1, 0, 1, 1, 0, 0, 0, 1, 0, 0, 0, 0, 2, 0, 1, 2, 1, 1, 1, 1, 1, 0, 2, 0, 0, 1, 2, 1, 1, 1, 0, 2, 2, 0, 0, 0, 0, 0, 0, 0, 1, 1, 0, 1, 0, 1, 1, 0, 1, 0, 1, 0, 0, 1, 1, 1, 0, 0, 0, 1, 1, 0, 0, 1, 1, 0, 2, 0, 0, 2, 1, 0, 0, 1, 1, 0, 0, 2, 1, 2, 0, 2, 2, 1, 1, 0, 2, 2, 0, 0, 0, 1, 2, 0, 2, 0, 0, 1, 0, 1, 0, 1, 0, 1, 0, 1, 0, 1, 1, 1, 0, 0, 0, 2, 1, 0, 1, 1, 1, 2, 1, 0, 2, 0, 0, 0, 0, 0, 0, 0, 0, 1, 0, 0, 1, 1, 2, 0, 2, 0, 0, 1, 1, 0, 1, 0, 0, 0, 0, 1, 0, 0, 1, 0, 0, 1, 1, 0, 0, 0, 1, 1, 0, 2, 1, 0, 1, 0, 0, 0, 1, 1, 0, 1, 0, 2, 0, 1, 1, 1, 1, 1, 1, 1, 0, 2, 0, 1, 2, 0, 0, 1, 0, 1, 0, 0, 0, 0, 2, 0, 1, 1, 0, 0, 1, 2, 0, 1, 0, 0, 2, 1, 1, 0, 1, 2, 1, 0, 0, 1, 0, 1, 0, 2, 0, 0, 0, 1, 0, 1, 0, 1, 0, 2, 1, 1, 0, 2, 1, 0, 1, 1, 1, 1, 0, 0, 2, 1, 1, 2, 2, 1, 1, 0, 1, 2, 0, 0, 1, 1, 0, 1, 0, 2, 1, 0, 2, 1, 1, 1, 1, 0, 1, 1, 0, 0, 1, 0, 0, 1, 1, 1, 0, 0, 0, 1, 0, 2, 1, 1, 1, 1, 0, 0, 0, 0, 1, 0, 0, 1, 1, 0, 1, 1, 1, 1, 1, 0, 0, 0, 1, 0, 0, 0, 0, 0, 0, 1, 0, 0, 0, 0, 1, 0, 0, 1, 2, 0, 0, 0, 1, 1, 1, 0, 1, 1, 0, 0, 0, 0, 0, 2, 1, 1, 2, 1, 2, 0, 2, 0, 0, 0, 0, 0, 1, 0, 1, 0, 1, 0, 1, 0, 0, 0, 2, 0, 1, 0, 0, 0, 1, 1, 0, 0, 0, 2, 0, 0, 0, 0, 1, 2, 0, 0, 0, 0, 0, 2, 1, 1, 0, 0, 1, 1, 0, 1, 0, 0, 0, 0, 0, 0, 0, 2, 0, 2, 0, 1, 0, 1, 0, 2, 0, 0, 0, 0, 0, 0, 0, 0, 1, 1, 2, 0, 1, 1, 1, 1, 0, 1, 2, 0, 0, 1, 0, 0, 1, 0, 0, 1, 1, 0, 0, 1, 2, 0, 2, 0, 0, 0, 1, 0, 1, 0, 1, 1, 0, 2, 1, 2, 1, 0, 2, 2, 1, 1, 0, 0, 1, 1, 0, 0, 1, 0, 0, 0, 1, 1, 0, 0, 1, 0, 1, 0, 0, 0, 2, 0, 0, 1, 0, 0, 1, 0, 0, 0, 0, 1, 0, 0, 1, 0, 1, 1, 0, 1, 1, 0, 0, 1, 2, 0, 1, 0, 1, 0, 0, 0, 0, 1, 0, 1, 0, 0, 0, 1, 0, 0, 0, 0, 0, 0, 1, 1, 0, 0, 1, 0, 0, 1, 1, 1, 1, 1, 1, 0, 1, 1, 0, 2, 0, 1, 1, 0, 0, 0, 2, 1, 0, 1, 2, 0, 0, 1, 0, 0, 2, 1, 0, 1, 1, 1, 1, 0, 0, 0, 1, 0, 1, 2, 0, 2, 0, 1, 0, 0, 1, 2, 1, 0, 0, 0, 1, 1, 1, 0, 1, 0, 1, 0, 0, 0, 1, 0, 0, 0, 0, 1, 1, 0, 0, 0, 0, 0, 1, 1, 1, 1, 1, 1, 0, 1, 1, 1, 1, 1, 0, 1, 2, 0, 0, 1, 1, 0, 0, 0, 1, 0, 1, 2, 0, 1, 1, 1, 1, 0, 0, 0, 0, 1, 0, 2, 2, 1, 1, 2, 0, 1, 0, 0, 1, 1, 1, 1, 0, 2, 0, 0, 2, 1, 1, 0, 0, 2, 1, 0, 0, 2, 0, 0, 1, 0, 0, 0, 1, 1, 0, 2, 2, 0, 1, 1, 0, 0, 0, 1, 0, 0, 1, 1, 2, 1, 1, 1, 0, 2, 0, 0, 0, 1, 0, 0, 0, 0, 1, 0, 0, 1, 1, 0, 0, 0, 0, 0, 1, 1, 0, 1, 0, 1, 2, 0, 2, 1, 1, 0, 1, 0, 1, 1, 0, 0, 0, 1, 2, 2, 1, 2, 0, 1, 1, 2, 1, 0, 0, 1, 1, 0, 0, 0, 1, 0, 1, 0, 0, 0, 1, 2, 0, 1, 0, 1, 0, 1, 1, 0, 0, 1, 1, 1, 0, 2, 0, 1, 1, 2, 1, 1, 1, 0, 1, 0, 0, 0, 1, 0, 2, 0, 0, 2, 0, 0, 2, 0, 0, 1, 2, 1, 0, 1, 1, 1, 1, 0, 0, 1, 0, 2, 0, 1, 2, 1, 1, 1, 0, 1, 1, 2, 0, 0, 1, 1, 1, 0, 1, 0, 1, 1, 0, 0, 1, 1, 0, 0, 0, 0, 0, 0, 0, 2, 0, 0, 1, 1, 0, 1, 1, 0, 2, 0, 2, 1, 0, 2, 0, 0, 1, 0, 0, 1, 1, 0, 1, 1, 0, 0, 0, 1, 0, 0, 1, 1, 0, 1, 1, 1, 1, 1, 2, 0, 0, 1, 0, 0, 1, 0, 1, 0, 0, 0, 0, 0, 1, 1, 1, 0, 2, 0, 0, 1, 1, 0, 0, 0, 1, 1, 0, 1, 0, 1, 0, 1, 0, 2, 0, 0, 1, 0, 1, 1, 1, 0, 1, 1, 0, 1, 0, 0, 1, 0, 1, 1, 0, 1, 0, 0, 0, 0, 1, 1, 0, 0, 0, 1, 1, 1, 1, 0, 0, 2, 0, 1, 0, 0, 0, 1, 1, 0, 1, 2, 2, 0, 2, 0, 0, 0, 0, 0, 1, 1, 0, 1, 0, 1, 1, 1, 1, 2, 0, 1, 1, 0, 0, 0, 2, 2, 0, 0, 1, 0, 0, 0, 0, 1, 0, 0, 0, 1, 2, 0, 1, 1, 0, 1, 1, 1, 0, 0, 0, 1, 0, 1, 2, 2, 0, 0, 2, 1, 0, 0, 1, 1, 1, 1, 1, 0, 0, 0, 0, 1, 2, 0, 0, 1, 1, 2, 0, 0, 0, 2, 0, 2, 0, 0, 0, 0, 0, 1, 1, 1, 1, 1, 0, 1, 1, 1, 0, 0, 0, 0, 1, 0, 2, 1, 1, 0, 0, 0, 2, 1, 1, 1, 1, 2, 1, 0, 1, 1, 1, 1, 0, 1, 0, 2, 0, 1, 1, 0, 0, 1, 1, 1, 0, 0, 0, 1, 1, 1, 1, 0, 0, 0, 2, 1, 2, 0, 0, 0, 2, 1, 0, 2, 0, 0, 2, 1, 0, 0, 0, 0, 2, 1, 1, 1, 2, 1, 0, 1, 1, 1, 0, 0, 0, 2, 0, 1, 0, 1, 1, 0, 1, 0, 0, 1, 1, 1, 1, 2, 0, 0, 1, 1, 1, 1, 1, 0, 0, 0, 2, 0, 0, 1, 1, 1, 0, 0, 0, 0, 0, 1, 1, 1, 0, 0, 1, 1, 1, 0, 0, 0, 0, 2, 1, 0, 0, 2, 1, 1, 0, 0, 1, 0, 1, 0, 0, 0, 0, 0, 1, 0, 0, 2, 1, 1, 0, 0, 0, 0, 1, 1, 0, 0, 0, 0, 0, 0, 0, 0, 0, 0, 1, 1, 0, 0, 1, 0, 2, 1, 0, 0, 1, 1, 0, 0, 1, 1, 0, 1, 0, 1, 2, 0, 0, 0, 0, 0, 2, 0, 1, 0, 1, 0, 0, 0, 1, 0, 1, 1, 0, 2, 2, 2, 1, 1, 0, 0, 1, 1, 1, 1, 1, 0, 1, 1, 1, 1, 0, 0, 1, 0, 1, 0, 0, 0, 1, 0, 1, 0, 1, 0, 0, 2, 1, 1, 1, 0, 1, 0, 1, 1, 0, 2, 0, 2, 1, 1, 0, 0, 2, 1, 1, 1, 0, 0, 0, 1, 2, 0, 1, 2, 0, 2, 1, 0, 0, 0, 1, 1, 1, 1, 0, 1, 1, 0, 0, 1, 1, 1, 1, 0, 1, 1, 0, 1, 2, 1, 2, 0, 1, 1, 1, 0, 1, 0, 1, 1, 1, 1, 1, 1, 2, 0, 0, 1, 2, 0, 1, 1, 0, 0, 1, 1, 0, 0, 0, 1, 1, 0, 0, 0, 0, 1, 2, 1, 1, 1, 1, 0, 2, 1, 1, 0, 0, 2, 0, 1, 0, 0, 0, 1, 0, 0, 1, 1, 1, 0, 1, 2, 0, 0, 1, 0, 0, 1, 0, 2, 0, 0, 0, 1, 0, 0, 0, 1, 1, 1, 0, 0, 0, 0, 0, 0, 0, 0, 1, 1, 0, 1, 0, 0, 0, 0, 0, 1, 0, 1, 0, 1, 1, 2, 0, 1, 0, 1, 0, 0, 0, 0, 1, 0, 1, 1, 2, 1, 1, 0, 1, 1, 0, 1, 1, 1, 0, 1, 0, 1, 1, 0, 1, 0, 0, 1, 1, 0, 0, 2, 0, 1, 0, 0, 1, 1, 1, 0, 1, 1, 0, 0, 2, 0, 2, 1, 2, 1, 2, 0, 0, 1, 0, 0, 1, 1, 0, 1, 0, 0, 0, 0, 1, 1, 0, 0, 1, 1, 0, 1, 0, 1, 0, 1, 2, 1, 0, 1, 0, 0, 0, 1, 1, 1, 0, 2, 0, 1, 1, 2, 0, 0, 1, 2, 0, 0, 0, 1, 0, 2, 0, 1, 0, 0, 0, 1, 0, 0, 1, 1, 1, 0, 2, 1, 0, 0, 0, 1, 0, 2, 0, 1, 2, 0, 1, 0, 0, 1, 1, 1, 1, 1, 0, 0, 0, 1, 1, 0, 1, 1, 2, 1, 0, 0, 0, 1, 0, 0, 1, 0, 0, 0, 0, 0, 1, 1, 1, 1, 0, 2, 0, 1, 1, 1, 0, 1, 2, 0, 1, 0, 1, 1, 0, 1, 0, 2, 0, 0, 2, 0, 0, 0, 1, 0, 1, 1, 2, 0, 0, 0, 0, 0, 0, 1, 1, 1, 0, 0, 0, 1, 0, 1, 1, 0, 0, 0, 1, 0, 0, 2, 1, 0, 0, 0, 0, 1, 0, 0, 0, 1, 1, 0, 2, 1, 1, 0, 2, 1, 2, 2, 0, 2, 1, 0, 0, 0, 0, 0, 1, 0, 0, 0, 2, 1, 2, 1, 0, 0, 2, 1, 2, 0, 0, 0, 0, 0, 0, 0, 0, 0, 0, 2, 0, 1, 0, 1, 0, 0, 1, 1, 2, 0, 0, 1, 1, 1, 1, 1, 0, 0, 1, 0, 1, 0, 2, 0, 0, 1, 0, 0, 1, 1, 0, 2, 1, 0, 0, 1, 1, 0, 0, 2, 1, 0, 0, 0, 2, 1, 2, 1, 1, 0, 0, 1, 0, 1, 1, 1, 0, 0, 1, 2, 1, 1, 1, 0, 0, 0, 1, 1, 0, 0, 0, 1, 0, 1, 0, 0, 1, 0, 1, 1, 0, 1, 1, 1, 1, 1, 0, 1, 1, 1, 0, 0, 1, 0, 1, 0, 1, 1, 2, 0, 0, 1, 0, 0, 0, 1, 1, 2, 0, 1, 0, 0, 1, 0, 0, 2, 1, 0, 1, 1, 2, 1, 0, 1, 1, 0, 1, 1, 1, 0, 1, 1, 1, 2, 1, 2, 0, 1, 1, 2, 2, 0, 1, 1, 0, 0, 2, 0, 1, 1, 0, 0, 0, 1, 0, 0, 1, 1, 2, 0, 0, 0, 1, 1, 0, 1, 2, 0, 0, 1, 1, 1, 0, 0, 1, 0, 0, 1, 1, 0, 0, 1, 2, 1, 0, 0, 1, 1, 0, 0, 2, 1, 0, 0, 0, 0, 0, 1, 2, 1, 1, 0, 0, 0, 1, 1, 0, 1, 0, 1, 1, 1, 0, 0, 0, 0, 0, 0, 0, 0, 0, 2, 2, 2, 1, 1, 0, 0, 2, 0, 1, 2, 0, 2, 1, 0, 1, 0, 1, 0, 0, 1, 1, 1, 0, 1, 0, 1, 0, 2, 0, 1, 1, 0, 1, 0, 1, 2, 1, 0, 0, 1, 0, 1, 1, 0, 0, 2, 0, 2, 1, 1, 2, 0, 2, 1, 1, 1, 0, 0, 0, 0, 0, 1, 0, 1, 0, 0, 1, 0, 0, 1, 1, 0, 2, 2, 0, 1, 0, 1, 0, 1, 0, 0, 0, 1, 0, 1, 1, 0, 1, 1, 2, 0, 0, 0, 0, 0, 2, 2, 0, 1, 0, 1, 2, 1, 1, 2, 1, 0, 1, 1, 2, 0, 0, 1, 0, 0, 1, 0, 1, 1, 1, 0, 1, 1, 0, 1, 1, 1, 1, 1, 1, 0, 0, 0, 1, 1, 0, 0, 0, 1, 1, 0, 0, 1, 0, 1, 1, 0, 1, 2, 0, 0, 0, 0, 0, 0, 2, 0, 0, 0, 2, 1, 0, 0, 1, 1, 0, 0, 2, 0, 1, 1, 0, 0, 1, 1, 2, 1, 2, 0, 0, 1, 0, 0, 1, 0, 0, 1, 0, 1, 0, 1, 1, 0, 1, 1, 0, 0, 0, 1, 1, 1, 0, 0, 0, 0]
kfold targets 0: [1, 2, 0, 0, 2, 0, 1, 1, 1, 0, 0, 0, 0, 2, 0, 1, 2, 1, 1, 2, 1, 0, 2, 2, 1, 0, 2, 0, 0, 0, 0, 2, 2, 0, 0, 0, 0, 1, 1, 0, 2, 0, 1, 2, 0, 1, 1, 1, 0, 0, 2, 1, 0, 0, 2, 0, 0, 1, 0, 0, 1, 1, 2, 0, 0, 0, 1, 0, 0, 0, 0, 1, 1, 0, 0, 0, 2, 1, 1, 0, 0, 0, 2, 0, 0, 0, 1, 0, 0, 0, 1, 1, 2, 1, 0, 0, 0, 0, 0, 1, 0, 0, 0, 1, 1, 0, 0, 2, 2, 0, 0, 0, 2, 0, 2, 2, 2, 0, 2, 2, 0, 0, 0, 0, 1, 0, 1, 0, 0, 2, 2, 2, 1, 2, 2, 0, 0, 1, 0, 0, 1, 0, 1, 2, 0, 2, 2, 1, 0, 2, 1, 2, 0, 0, 1, 0, 1, 0, 1, 1, 2, 0, 2, 0, 1, 0, 0, 1, 0, 1, 2, 0, 0, 0, 2, 1, 0, 2, 2, 0, 1, 1, 0, 1, 0, 1, 2, 0, 2, 0, 2, 1, 0, 0, 2, 2, 2, 0, 0, 1, 0, 2, 2, 2, 0, 2, 2, 2, 0, 0, 2, 0, 0, 0, 0, 2, 0, 2, 0, 2, 1, 2, 0, 2, 2, 2, 0, 0, 1, 0, 0, 2, 0, 0, 2, 1, 0, 2, 1, 0, 0, 1, 2, 2, 0, 0, 1, 0, 1, 0, 0, 0, 0, 2, 1, 2, 1, 0, 2, 0, 0, 1, 0, 2, 0, 1, 0, 0, 2, 0, 2, 2, 1, 0, 0, 1, 0, 0, 0, 2, 1, 0, 1, 2, 0, 2, 0, 1, 1, 0, 1, 2, 1, 0, 0, 0, 0, 0, 2, 2, 0, 2, 0, 2, 2, 0, 0, 0, 0, 0, 0, 1, 0, 0, 2, 0, 0, 2, 0, 0, 0, 0, 0, 0, 0, 0, 0, 1, 1, 0, 1, 0, 0, 2, 1, 0, 2, 2, 0, 0, 1, 0, 1, 1, 0, 2, 0, 2, 0, 0, 0, 1, 0, 1, 0, 0, 0, 1, 2, 1, 1, 2, 0, 1, 0, 2, 0, 1, 0, 2, 1, 2, 0, 2, 2, 0, 1, 0, 0, 0, 2, 0, 2, 0, 0, 0, 1, 2, 1, 0, 0, 0, 1, 2, 0, 0, 0, 0, 0, 0, 1, 1, 0, 1, 2, 2, 0, 0, 2, 0, 1, 0, 0, 0, 1, 1, 0, 1, 0, 2, 2, 0, 2, 0, 1, 2, 2, 1, 0, 2, 0, 2, 1, 0, 2, 0, 0, 2, 0, 0, 2, 0, 1, 0, 1, 0, 2, 1, 1, 0, 1, 2, 0, 1, 1, 2, 2, 2, 2, 0, 0, 0, 0, 2, 0, 0, 0, 2, 1, 1, 1, 2, 0, 0, 0, 1, 0, 0, 1, 0, 0, 1, 0, 1, 0, 1, 1, 0, 2, 0, 0, 1, 0, 0, 0, 2, 2, 0, 1, 2, 2, 0, 2, 0, 0, 2, 2, 1, 1, 2, 2, 1, 2, 1, 0, 1, 2, 2, 0, 2, 2, 1, 2, 0, 2, 2, 2, 0, 0, 2, 2, 0, 1, 0, 0, 2, 1, 2, 1, 2, 0, 1, 1, 1, 1, 1, 1, 0, 1, 2, 1, 0, 1, 2, 2, 0, 0, 2, 2, 1, 0, 2, 1, 0, 2, 1, 0, 0, 2, 1, 0, 0, 0, 0, 2, 2, 2, 2, 1, 1, 1, 1, 0, 0, 2, 0, 0, 1, 2, 1, 1, 1, 0, 2, 2, 0, 0, 0, 0, 0, 0, 0, 1, 1, 0, 1, 0, 1, 1, 0, 2, 0, 2, 0, 0, 2, 2, 2, 0, 0, 0, 1, 2, 0, 2, 0, 1, 0, 2, 0, 0, 1, 1, 2, 0, 1, 1, 0, 0, 2, 1, 2, 0, 2, 2, 2, 1, 0, 2, 2, 0, 0, 0, 1, 2, 0, 2, 0, 0, 0, 2, 1, 0, 2, 0, 1, 0, 0, 0, 2, 2, 1, 0, 0, 0, 2, 1, 0, 2, 2, 1, 2, 1, 0, 2, 0, 0, 2, 0, 0, 0, 0, 0, 2, 0, 0, 2, 2, 2, 0, 2, 0, 0, 1, 1, 0, 2, 0, 0, 0, 0, 0, 0, 0, 2, 0, 0, 2, 1, 0, 0, 0, 2, 1, 0, 2, 2, 0, 1, 0, 0, 0, 1, 0, 1, 1, 2, 1, 0, 2, 2, 1, 1, 1, 1, 1, 0, 2, 0, 1, 2, 2, 0, 1, 0, 2, 0, 0, 0, 0, 2, 2, 0, 0, 0, 2, 1, 2, 0, 0, 0, 0, 2, 1, 1, 0, 1, 2, 1, 0, 0, 1, 0, 1, 0, 2, 0, 0, 0, 1, 0, 2, 0, 2, 0, 2, 1, 2, 0, 2, 2, 0, 0, 1, 2, 1, 0, 0, 2, 1, 1, 2, 2, 2, 0, 2, 1, 2, 0, 0, 2, 2, 0, 1, 0, 2, 1, 0, 2, 1, 1, 1, 1, 0, 1, 2, 0, 0, 1, 0, 0, 1, 2, 1, 0, 0, 0, 1, 0, 2, 2, 2, 2, 2, 0, 0, 0, 0, 2, 0, 0, 1, 1, 2, 1, 2, 1, 2, 0, 2, 0, 0, 1, 0, 2, 0, 0, 0, 0, 2, 0, 0, 0, 0, 1, 0, 0, 2, 1, 0, 0, 0, 1, 1, 2, 0, 2, 1, 0, 0, 0, 0, 0, 2, 1, 2, 2, 0, 2, 0, 2, 1, 0, 2, 0, 0, 2, 0, 1, 0, 2, 0, 2, 0, 0, 0, 2, 2, 1, 0, 2, 0, 2, 1, 0, 0, 0, 2, 0, 0, 0, 0, 2, 2, 0, 0, 0, 0, 0, 2, 2, 1, 0, 0, 2, 0, 0, 1, 0, 0, 0, 0, 0, 0, 0, 2, 0, 2, 0, 1, 0, 1, 1, 2, 2, 2, 0, 0, 0, 1, 0, 0, 1, 0, 2, 0, 0, 0, 0, 2, 0, 1, 2, 0, 0, 2, 0, 2, 2, 0, 0, 1, 1, 0, 2, 0, 1, 2, 2, 0, 0, 0, 1, 0, 1, 2, 0, 2, 1, 2, 2, 2, 2, 0, 2, 2, 2, 0, 0, 0, 1, 1, 2, 0, 2, 0, 0, 0, 2, 1, 0, 0, 2, 0, 1, 0, 0, 0, 2, 0, 0, 1, 0, 0, 1, 0, 0, 0, 0, 2, 0, 0, 1, 0, 1, 0, 2, 1, 2, 0, 0, 1, 2, 0, 1, 0, 1, 2, 0, 0, 0, 2, 0, 1, 0, 0, 0, 2, 0, 0, 2, 0, 0, 0, 1, 1, 0, 0, 1, 0, 0, 0, 0, 1, 2, 2, 1, 0, 0, 1, 0, 2, 0, 1, 1, 0, 0, 0, 2, 1, 2, 1, 2, 0, 0, 1, 0, 0, 2, 1, 0, 1, 1, 1, 1, 0, 0, 0, 1, 0, 1, 2, 2, 1, 0, 1, 2, 0, 2, 2, 2, 0, 0, 0, 2, 2, 2, 0, 1, 0, 1, 0, 0, 0, 1, 0, 0, 0, 0, 1, 2, 0, 0, 0, 2, 0, 2, 1, 2, 2, 1, 1, 0, 1, 1, 2, 0, 2, 0, 1, 2, 0, 0, 1, 1, 0, 0, 0, 1, 0, 2, 2, 0, 2, 1, 1, 2, 0, 0, 0, 0, 1, 0, 2, 2, 0, 1, 2, 0, 1, 0, 2, 1, 1, 1, 2, 0, 2, 0, 0, 2, 1, 2, 2, 0, 2, 1, 0, 2, 2, 0, 0, 1, 0, 0, 0, 2, 2, 0, 2, 2, 0, 1, 1, 0, 0, 0, 1, 0, 0, 2, 2, 2, 1, 1, 1, 0, 2, 0, 2, 2, 1, 0, 0, 2, 0, 1, 0, 0, 1, 1, 0, 0, 0, 0, 0, 1, 1, 0, 2, 0, 1, 2, 0, 2, 2, 2, 0, 1, 0, 2, 2, 0, 0, 0, 2, 2, 2, 2, 2, 0, 1, 1, 2, 2, 0, 0, 1, 1, 0, 0, 0, 2, 0, 2, 0, 1, 0, 1, 2, 0, 2, 0, 1, 0, 1, 1, 0, 0, 1, 1, 2, 0, 2, 0, 1, 1, 2, 2, 2, 2, 0, 2, 2, 0, 0, 0, 2, 2, 2, 0, 2, 0, 0, 2, 0, 0, 1, 2, 1, 0, 2, 1, 2, 1, 0, 0, 0, 0, 2, 0, 1, 2, 0, 1, 1, 0, 1, 1, 2, 0, 0, 1, 2, 1, 0, 1, 0, 1, 2, 2, 0, 1, 1, 0, 2, 0, 0, 0, 0, 0, 2, 0, 0, 2, 1, 0, 1, 0, 0, 2, 0, 2, 1, 0, 2, 0, 0, 1, 0, 0, 1, 2, 0, 1, 2, 0, 0, 0, 2, 0, 0, 1, 1, 0, 2, 1, 2, 2, 1, 2, 0, 0, 2, 0, 0, 1, 0, 1, 0, 0, 0, 0, 0, 2, 1, 2, 0, 2, 0, 0, 1, 1, 0, 0, 0, 2, 2, 0, 2, 0, 2, 0, 1, 0, 2, 0, 0, 2, 0, 1, 1, 1, 0, 0, 1, 0, 0, 0, 0, 2, 0, 2, 2, 0, 1, 0, 0, 2, 0, 2, 1, 0, 0, 0, 2, 2, 2, 1, 0, 0, 2, 0, 2, 0, 0, 2, 2, 1, 0, 1, 2, 2, 0, 2, 0, 0, 0, 0, 0, 2, 2, 0, 0, 0, 2, 1, 1, 1, 2, 0, 1, 2, 0, 0, 2, 1, 2, 0, 0, 2, 0, 0, 0, 2, 2, 0, 0, 0, 0, 2, 0, 2, 1, 0, 1, 2, 1, 0, 0, 0, 1, 0, 2, 2, 2, 0, 0, 2, 2, 0, 0, 1, 1, 1, 1, 1, 0, 0, 0, 0, 0, 2, 0, 0, 1, 1, 2, 0, 0, 0, 2, 0, 2, 0, 0, 0, 2, 0, 0, 1, 2, 1, 2, 0, 1, 1, 1, 0, 0, 0, 0, 1, 2, 2, 1, 1, 0, 0, 0, 2, 0, 1, 1, 2, 2, 1, 0, 1, 1, 2, 1, 0, 2, 0, 2, 0, 1, 1, 0, 0, 1, 1, 2, 0, 0, 0, 1, 1, 1, 1, 0, 1, 0, 2, 1, 2, 0, 0, 0, 1, 1, 0, 2, 0, 0, 2, 2, 0, 0, 0, 0, 2, 1, 2, 1, 2, 0, 0, 1, 0, 1, 0, 2, 0, 2, 0, 1, 0, 1, 0, 2, 2, 0, 0, 1, 1, 1, 1, 2, 0, 0, 1, 2, 0, 1, 2, 0, 0, 0, 2, 0, 0, 1, 1, 0, 0, 0, 0, 0, 0, 1, 1, 2, 0, 0, 1, 2, 1, 0, 0, 0, 0, 2, 1, 0, 0, 2, 0, 1, 0, 0, 1, 0, 1, 0, 0, 0, 0, 0, 1, 0, 0, 2, 1, 1, 0, 0, 0, 0, 2, 2, 0, 0, 0, 0, 0, 0, 0, 0, 0, 0, 1, 1, 0, 0, 1, 0, 2, 0, 0, 0, 1, 1, 0, 0, 1, 1, 0, 1, 0, 2, 2, 0, 2, 0, 0, 0, 2, 0, 2, 0, 1, 0, 0, 0, 2, 0, 1, 1, 0, 2, 2, 2, 1, 1, 0, 0, 2, 1, 1, 1, 1, 0, 1, 1, 0, 2, 0, 0, 0, 0, 0, 0, 0, 0, 2, 0, 2, 0, 1, 0, 0, 2, 1, 2, 2, 0, 1, 2, 0, 2, 0, 2, 0, 2, 1, 1, 0, 0, 2, 2, 1, 1, 0, 0, 0, 2, 2, 0, 1, 2, 0, 2, 2, 0, 0, 2, 1, 1, 1, 1, 0, 2, 2, 0, 0, 2, 1, 2, 1, 0, 2, 1, 2, 1, 2, 1, 2, 0, 1, 1, 1, 0, 1, 0, 1, 2, 2, 2, 1, 2, 2, 0, 0, 1, 2, 0, 1, 1, 0, 0, 1, 2, 0, 0, 0, 1, 1, 0, 0, 0, 2, 1, 2, 1, 2, 1, 2, 0, 2, 2, 2, 0, 0, 2, 0, 1, 0, 0, 0, 1, 0, 0, 1, 0, 1, 0, 1, 1, 0, 0, 1, 0, 0, 1, 0, 2, 0, 0, 0, 1, 2, 0, 0, 2, 1, 1, 0, 0, 2, 0, 0, 0, 0, 0, 1, 2, 0, 1, 0, 0, 0, 0, 0, 1, 0, 1, 0, 2, 1, 2, 0, 0, 0, 0, 2, 0, 0, 0, 1, 0, 1, 2, 2, 1, 2, 1, 1, 1, 0, 1, 1, 1, 0, 1, 0, 2, 2, 2, 2, 0, 0, 2, 2, 0, 0, 2, 0, 1, 2, 0, 0, 1, 1, 0, 1, 2, 0, 0, 2, 0, 2, 1, 2, 0, 2, 0, 0, 1, 0, 0, 2, 0, 0, 0, 0, 0, 0, 0, 1, 1, 0, 0, 1, 2, 0, 1, 0, 2, 0, 1, 2, 2, 0, 1, 0, 0, 0, 1, 1, 1, 0, 2, 0, 2, 1, 2, 0, 0, 1, 2, 0, 0, 0, 2, 0, 2, 0, 1, 0, 0, 0, 0, 0, 2, 1, 1, 0, 0, 2, 2, 0, 0, 0, 2, 0, 2, 0, 1, 2, 0, 1, 0, 0, 1, 1, 1, 1, 1, 0, 0, 0, 2, 1, 0, 1, 1, 2, 1, 0, 0, 0, 1, 0, 0, 1, 0, 0, 0, 2, 2, 1, 0, 2, 1, 0, 2, 2, 1, 1, 1, 2, 1, 2, 0, 1, 0, 0, 1, 0, 2, 0, 2, 0, 0, 2, 0, 0, 2, 1, 0, 2, 1, 2, 0, 0, 0, 0, 0, 0, 0, 2, 0, 2, 0, 0, 1, 0, 1, 0, 0, 0, 0, 1, 0, 0, 2, 1, 0, 0, 0, 2, 2, 0, 0, 0, 2, 2, 0, 2, 2, 1, 0, 2, 0, 2, 1, 2, 2, 1, 0, 2, 0, 0, 0, 1, 0, 0, 0, 2, 2, 2, 1, 0, 0, 2, 1, 2, 0, 0, 0, 0, 0, 0, 0, 0, 0, 0, 2, 0, 2, 0, 1, 0, 0, 2, 1, 2, 0, 0, 1, 1, 2, 1, 1, 0, 0, 1, 0, 2, 0, 2, 2, 0, 1, 0, 0, 2, 2, 0, 2, 1, 0, 0, 1, 2, 0, 0, 2, 0, 0, 0, 0, 2, 1, 2, 1, 1, 0, 2, 1, 0, 1, 1, 1, 0, 0, 2, 2, 1, 0, 1, 0, 0, 0, 1, 1, 0, 0, 0, 2, 0, 2, 0, 0, 2, 0, 1, 2, 0, 1, 1, 2, 1, 1, 0, 1, 1, 1, 0, 0, 1, 0, 1, 0, 2, 2, 2, 0, 0, 1, 0, 2, 2, 1, 1, 2, 0, 2, 0, 0, 1, 2, 0, 2, 2, 0, 2, 1, 2, 1, 2, 2, 1, 0, 2, 2, 1, 0, 1, 1, 1, 2, 1, 2, 0, 2, 1, 2, 2, 0, 1, 1, 0, 0, 2, 0, 1, 1, 0, 2, 0, 2, 0, 2, 1, 2, 1, 0, 0, 0, 0, 1, 0, 1, 2, 0, 0, 2, 1, 0, 0, 0, 1, 0, 0, 1, 1, 0, 0, 1, 2, 2, 0, 0, 1, 1, 0, 0, 2, 0, 0, 0, 0, 0, 0, 0, 2, 1, 2, 2, 0, 0, 2, 1, 0, 1, 0, 2, 1, 1, 2, 0, 0, 0, 0, 0, 0, 0, 0, 1, 2, 2, 1, 1, 0, 0, 2, 0, 2, 2, 0, 2, 1, 0, 2, 2, 1, 0, 2, 1, 1, 2, 0, 1, 0, 2, 0, 2, 0, 1, 1, 2, 0, 0, 1, 2, 2, 0, 2, 1, 0, 2, 1, 0, 0, 2, 0, 2, 1, 1, 2, 0, 2, 1, 1, 2, 0, 0, 0, 0, 0, 1, 0, 1, 2, 0, 2, 0, 0, 2, 0, 2, 2, 2, 0, 1, 0, 1, 2, 0, 0, 0, 0, 1, 0, 1, 1, 0, 1, 1, 2, 0, 0, 0, 0, 0, 2, 2, 0, 1, 0, 2, 2, 2, 1, 2, 1, 0, 1, 2, 2, 0, 0, 2, 2, 0, 2, 0, 1, 1, 2, 0, 1, 2, 0, 2, 1, 1, 1, 1, 1, 0, 0, 0, 2, 1, 0, 0, 0, 2, 1, 0, 0, 1, 2, 1, 0, 0, 2, 2, 0, 0, 0, 0, 0, 0, 1, 0, 0, 0, 2, 1, 0, 0, 1, 1, 0, 0, 2, 0, 1, 2, 0, 0, 2, 2, 2, 1, 1, 0, 0, 1, 0, 2, 1, 0, 0, 1, 0, 2, 0, 0, 2, 0, 2, 0, 0, 0, 2, 1, 1, 2, 0, 0, 0, 0]
0.7884473877851361
array([[1212,   88,    0],
       [  12,  650,   17],
       [ 116,  342,  281]])
kfold preds 1: [1, 2, 0, 0, 1, 1, 0, 0, 2, 2, 0, 2, 0, 1, 0, 2, 2, 2, 0, 0, 0, 0, 2, 2, 0, 1, 0, 2, 1, 2, 0, 1, 0, 0, 2, 0, 1, 0, 0, 0, 2, 0, 2, 1, 0, 0, 0, 2, 0, 0, 0, 0, 0, 0, 1, 0, 2, 0, 1, 0, 1, 0, 2, 0, 0, 0, 1, 2, 0, 0, 0, 1, 0, 1, 1, 0, 0, 0, 1, 0, 1, 0, 2, 0, 2, 0, 2, 0, 1, 1, 1, 1, 2, 1, 0, 0, 2, 2, 0, 0, 0, 0, 1, 0, 1, 0, 1, 0, 0, 0, 1, 0, 1, 0, 0, 2, 0, 0, 2, 0, 0, 2, 0, 1, 0, 0, 0, 0, 0, 0, 2, 0, 1, 0, 2, 0, 0, 1, 0, 0, 1, 0, 2, 2, 2, 1, 1, 1, 0, 2, 1, 2, 0, 1, 0, 2, 0, 2, 0, 2, 0, 0, 2, 0, 2, 0, 0, 2, 0, 0, 2, 0, 0, 0, 1, 0, 0, 2, 2, 0, 0, 2, 1, 1, 0, 2, 1, 0, 0, 0, 1, 1, 2, 2, 1, 0, 1, 0, 0, 0, 1, 1, 1, 1, 2, 0, 2, 1, 0, 0, 1, 1, 0, 0, 0, 0, 1, 1, 1, 2, 0, 0, 0, 1, 2, 1, 2, 1, 0, 2, 0, 1, 1, 2, 1, 2, 0, 0, 2, 2, 0, 0, 2, 1, 0, 0, 0, 0, 2, 1, 2, 0, 0, 0, 2, 2, 0, 1, 2, 0, 2, 0, 1, 2, 0, 0, 0, 1, 2, 0, 1, 1, 1, 0, 0, 1, 0, 2, 0, 0, 1, 1, 0, 1, 2, 1, 0, 1, 2, 1, 1, 0, 1, 0, 2, 0, 1, 0, 0, 1, 0, 1, 0, 1, 1, 0, 0, 1, 0, 0, 1, 0, 0, 0, 2, 0, 0, 2, 2, 1, 1, 0, 0, 0, 0, 1, 0, 0, 2, 1, 0, 1, 0, 1, 0, 0, 1, 2, 0, 2, 1, 0, 1, 2, 0, 0, 0, 1, 1, 1, 0, 0, 1, 1, 1, 0, 2, 2, 1, 1, 0, 1, 0, 2, 2, 1, 2, 1, 0, 1, 0, 2, 0, 0, 1, 0, 2, 0, 2, 0, 0, 0, 2, 1, 0, 0, 0, 2, 0, 2, 0, 2, 0, 1, 0, 0, 1, 0, 1, 1, 0, 0, 1, 0, 2, 1, 0, 0, 0, 0, 2, 0, 1, 1, 2, 0, 0, 2, 0, 0, 2, 0, 2, 0, 0, 1, 0, 1, 0, 2, 0, 1, 0, 0, 1, 0, 1, 0, 0, 0, 2, 0, 1, 1, 0, 2, 2, 1, 0, 0, 1, 1, 1, 0, 1, 2, 2, 1, 1, 0, 2, 0, 0, 0, 1, 0, 2, 2, 0, 0, 1, 0, 0, 2, 2, 0, 0, 1, 1, 1, 1, 0, 0, 1, 1, 0, 0, 0, 2, 1, 1, 1, 2, 1, 0, 1, 0, 0, 0, 0, 0, 1, 1, 0, 0, 2, 2, 1, 2, 2, 2, 0, 1, 0, 1, 2, 0, 1, 0, 1, 0, 0, 1, 0, 1, 0, 1, 1, 2, 0, 2, 0, 0, 0, 1, 2, 1, 2, 1, 1, 0, 1, 0, 0, 2, 0, 1, 0, 2, 2, 0, 0, 1, 1, 2, 0, 0, 2, 1, 1, 0, 1, 0, 0, 2, 0, 0, 1, 1, 0, 0, 2, 1, 0, 1, 0, 1, 1, 0, 1, 0, 2, 0, 0, 0, 1, 0, 2, 2, 0, 0, 2, 2, 2, 0, 1, 1, 0, 1, 0, 1, 1, 2, 2, 0, 0, 0, 1, 0, 0, 1, 0, 0, 1, 2, 1, 0, 1, 0, 0, 0, 0, 1, 0, 0, 0, 2, 1, 0, 2, 0, 2, 2, 2, 2, 1, 0, 1, 1, 2, 0, 1, 0, 1, 1, 0, 1, 2, 1, 1, 2, 2, 0, 0, 1, 1, 0, 1, 0, 0, 2, 1, 2, 1, 0, 1, 0, 2, 0, 0, 1, 1, 2, 0, 0, 1, 2, 2, 0, 2, 0, 1, 0, 0, 1, 2, 0, 2, 0, 0, 0, 2, 1, 1, 1, 2, 1, 0, 1, 0, 1, 0, 1, 1, 2, 1, 0, 0, 0, 0, 0, 0, 1, 0, 2, 0, 0, 2, 0, 1, 0, 0, 2, 0, 1, 1, 1, 1, 0, 1, 0, 2, 0, 0, 0, 0, 2, 0, 1, 2, 2, 0, 0, 2, 1, 2, 0, 1, 2, 2, 0, 1, 0, 0, 1, 1, 0, 0, 0, 2, 1, 0, 1, 0, 0, 0, 1, 2, 0, 1, 0, 1, 1, 0, 0, 2, 1, 1, 2, 1, 0, 2, 0, 2, 1, 2, 0, 0, 1, 1, 0, 0, 0, 2, 0, 0, 1, 0, 0, 1, 1, 0, 0, 1, 0, 1, 2, 1, 0, 1, 0, 0, 1, 1, 0, 0, 1, 1, 0, 0, 0, 1, 0, 2, 0, 2, 2, 0, 1, 1, 0, 1, 0, 0, 1, 0, 2, 0, 1, 2, 1, 2, 0, 1, 0, 0, 0, 1, 1, 2, 1, 2, 2, 2, 0, 1, 0, 1, 0, 0, 0, 1, 0, 1, 1, 2, 1, 0, 0, 1, 2, 0, 0, 0, 2, 0, 1, 2, 0, 0, 0, 0, 0, 1, 2, 0, 0, 1, 1, 1, 0, 0, 0, 0, 2, 0, 0, 0, 0, 1, 0, 0, 0, 1, 1, 0, 1, 1, 0, 2, 1, 1, 0, 1, 0, 1, 1, 0, 2, 2, 1, 0, 1, 0, 0, 2, 2, 2, 0, 0, 1, 2, 2, 0, 0, 0, 1, 2, 0, 0, 0, 0, 2, 1, 1, 1, 0, 2, 0, 0, 2, 1, 1, 0, 1, 1, 2, 2, 2, 2, 0, 2, 1, 2, 0, 2, 0, 1, 0, 1, 0, 2, 0, 2, 2, 1, 1, 1, 2, 0, 0, 2, 2, 1, 1, 0, 1, 0, 0, 2, 0, 1, 0, 0, 1, 2, 1, 0, 1, 0, 1, 1, 1, 0, 1, 1, 1, 0, 1, 0, 0, 0, 2, 1, 0, 2, 0, 2, 0, 0, 2, 1, 2, 0, 2, 0, 1, 1, 0, 0, 2, 0, 0, 0, 1, 0, 1, 1, 2, 1, 1, 1, 0, 0, 0, 0, 0, 0, 2, 0, 0, 1, 0, 0, 0, 2, 2, 1, 0, 1, 1, 2, 0, 0, 0, 2, 0, 2, 0, 2, 0, 2, 1, 0, 1, 0, 1, 1, 2, 1, 2, 1, 0, 1, 0, 0, 0, 0, 0, 1, 1, 0, 1, 0, 1, 0, 0, 2, 0, 0, 0, 0, 1, 2, 2, 1, 0, 0, 1, 0, 0, 2, 0, 1, 0, 1, 1, 0, 2, 0, 2, 1, 0, 0, 0, 1, 0, 0, 1, 0, 2, 0, 1, 2, 0, 1, 1, 1, 0, 1, 2, 0, 0, 1, 2, 2, 0, 1, 1, 0, 0, 0, 0, 2, 0, 1, 0, 0, 1, 1, 2, 0, 0, 0, 2, 0, 0, 0, 1, 1, 0, 2, 2, 0, 1, 0, 0, 0, 0, 0, 0, 1, 0, 2, 0, 2, 0, 0, 0, 1, 2, 2, 0, 2, 2, 0, 0, 2, 0, 0, 2, 1, 2, 1, 2, 1, 0, 0, 1, 1, 0, 0, 1, 2, 1, 2, 1, 1, 1, 1, 0, 1, 0, 0, 0, 2, 0, 2, 0, 2, 1, 1, 1, 1, 0, 1, 2, 0, 0, 0, 0, 0, 0, 0, 1, 0, 2, 2, 0, 2, 1, 0, 0, 1, 1, 2, 1, 1, 2, 1, 1, 0, 1, 2, 0, 1, 0, 1, 0, 2, 0, 0, 1, 0, 0, 0, 0, 0, 2, 1, 2, 1, 0, 0, 0, 2, 1, 0, 0, 0, 0, 1, 2, 0, 2, 1, 0, 0, 1, 2, 1, 2, 1, 1, 0, 0, 1, 1, 2, 2, 0, 2, 2, 2, 1, 0, 0, 1, 0, 0, 0, 0, 1, 1, 1, 1, 0, 1, 0, 2, 0, 2, 1, 0, 2, 0, 2, 0, 0, 1, 1, 0, 0, 2, 1, 0, 2, 0, 1, 2, 1, 1, 0, 2, 2, 0, 2, 0, 1, 1, 0, 1, 2, 0, 1, 2, 0, 1, 2, 1, 1, 1, 0, 1, 1, 0, 0, 0, 1, 1, 2, 0, 2, 0, 0, 1, 1, 0, 2, 2, 0, 0, 2, 2, 0, 0, 1, 0, 0, 0, 2, 1, 1, 2, 0, 2, 0, 0, 2, 0, 0, 0, 0, 0, 1, 2, 0, 1, 0, 1, 2, 0, 1, 1, 1, 2, 0, 1, 2, 0, 2, 1, 0, 2, 2, 1, 2, 0, 1, 1, 1, 0, 1, 2, 0, 0, 0, 0, 0, 1, 2, 0, 0, 1, 0, 0, 0, 0, 1, 0, 0, 0, 0, 1, 1, 0, 0, 0, 2, 1, 0, 2, 2, 1, 0, 0, 1, 2, 0, 2, 0, 1, 0, 2, 2, 2, 0, 0, 0, 0, 1, 0, 2, 0, 0, 1, 1, 1, 1, 0, 2, 0, 0, 0, 0, 2, 0, 2, 1, 0, 0, 1, 0, 0, 0, 1, 1, 0, 2, 0, 0, 0, 1, 0, 2, 1, 0, 0, 0, 1, 2, 0, 2, 0, 0, 0, 0, 0, 0, 0, 2, 0, 2, 0, 1, 1, 1, 0, 0, 0, 0, 1, 2, 0, 1, 0, 2, 1, 1, 0, 1, 1, 0, 0, 0, 0, 0, 0, 0, 0, 0, 0, 1, 1, 0, 1, 2, 0, 0, 0, 1, 2, 0, 1, 1, 0, 1, 0, 1, 0, 1, 0, 0, 2, 1, 0, 2, 0, 0, 1, 0, 0, 1, 0, 2, 1, 1, 0, 0, 0, 1, 0, 0, 2, 0, 0, 0, 2, 1, 1, 2, 0, 2, 0, 0, 0, 1, 1, 0, 1, 1, 1, 2, 1, 2, 2, 0, 0, 0, 1, 0, 2, 0, 2, 0, 1, 0, 0, 1, 2, 1, 0, 1, 1, 0, 2, 0, 2, 0, 2, 0, 1, 1, 2, 0, 0, 2, 2, 1, 1, 0, 1, 0, 0, 2, 1, 2, 2, 0, 0, 1, 0, 2, 1, 0, 0, 2, 1, 0, 0, 2, 1, 0, 2, 1, 2, 0, 2, 2, 1, 0, 2, 0, 1, 0, 2, 0, 2, 2, 0, 0, 0, 0, 0, 0, 2, 0, 0, 1, 1, 0, 0, 1, 0, 0, 1, 2, 0, 1, 2, 1, 0, 2, 1, 1, 1, 1, 1, 0, 0, 1, 1, 0, 2, 2, 0, 1, 1, 1, 0, 0, 1, 0, 1, 2, 1, 0, 1, 0, 0, 2, 1, 0, 0, 1, 0, 1, 1, 0, 0, 0, 0, 0, 0, 1, 1, 0, 0, 0, 2, 1, 1, 0, 0, 1, 0, 0, 0, 2, 0, 1, 0, 1, 1, 0, 0, 1, 0, 0, 0, 0, 0, 1, 1, 0, 0, 1, 1, 0, 1, 2, 2, 0, 0, 1, 2, 1, 0, 2, 2, 0, 1, 0, 0, 0, 0, 0, 1, 1, 2, 0, 2, 2, 0, 2, 1, 0, 0, 0, 1, 2, 1, 1, 0, 0, 1, 0, 2, 1, 0, 1, 1, 0, 2, 0, 1, 0, 0, 2, 0, 0, 0, 0, 2, 2, 0, 0, 0, 1, 2, 1, 1, 0, 1, 0, 1, 0, 0, 0, 2, 2, 0, 0, 0, 1, 0, 0, 0, 2, 0, 0, 1, 1, 0, 2, 0, 1, 1, 0, 0, 2, 0, 0, 0, 0, 0, 2, 1, 1, 2, 2, 2, 0, 0, 2, 0, 1, 1, 1, 0, 1, 1, 1, 1, 0, 2, 2, 1, 0, 2, 0, 2, 1, 0, 0, 0, 0, 1, 1, 2, 2, 0, 1, 0, 0, 1, 1, 1, 0, 1, 0, 0, 0, 1, 1, 1, 2, 0, 2, 0, 1, 1, 0, 1, 0, 2, 0, 0, 0, 0, 1, 1, 0, 0, 2, 0, 2, 0, 1, 0, 0, 0, 1, 1, 0, 1, 0, 1, 0, 2, 0, 2, 0, 0, 0, 1, 0, 1, 0, 0, 1, 0, 2, 0, 0, 2, 1, 0, 0, 2, 0, 0, 0, 0, 0, 1, 0, 1, 0, 1, 2, 2, 2, 0, 0, 0, 0, 0, 0, 0, 0, 2, 0, 0, 0, 0, 2, 0, 0, 2, 2, 0, 1, 0, 0, 1, 1, 0, 1, 2, 2, 0, 1, 1, 2, 0, 0, 2, 1, 1, 0, 1, 0, 0, 2, 1, 1, 0, 1, 0, 0, 0, 1, 2, 0, 1, 0, 2, 0, 1, 0, 2, 1, 0, 2, 0, 0, 0, 0, 2, 2, 0, 1, 0, 0, 0, 0, 1, 1, 0, 1, 2, 1, 1, 2, 2, 0, 0, 1, 1, 2, 1, 0, 2, 1, 1, 2, 2, 0, 0, 0, 1, 0, 1, 0, 1, 0, 1, 0, 0, 2, 0, 0, 0, 0, 2, 1, 1, 0, 2, 1, 0, 0, 0, 1, 2, 2, 2, 1, 1, 1, 0, 2, 1, 2, 2, 2, 0, 1, 2, 2, 0, 0, 0, 2, 0, 2, 1, 0, 2, 0, 2, 0, 1, 0, 2, 0, 0, 1, 0, 2, 0, 0, 1, 2, 1, 0, 2, 2, 0, 2, 2, 1, 2, 0, 0, 1, 0, 0, 1, 1, 2, 1, 2, 0, 0, 1, 1, 0, 2, 1, 2, 2, 1, 1, 0, 0, 1, 0, 0, 1, 1, 1, 0, 1, 1, 0, 1, 0, 2, 2, 0, 0, 0, 1, 0, 0, 2, 0, 0, 0, 1, 1, 1, 0, 1, 2, 2, 2, 2, 1, 0, 2, 0, 0, 1, 0, 1, 1, 0, 2, 2, 0, 0, 0, 0, 0, 2, 0, 2, 0, 2, 2, 0, 2, 0, 2, 1, 2, 0, 0, 1, 0, 2, 1, 0, 0, 1, 0, 1, 0, 2, 2, 1, 1, 1, 0, 0, 1, 0, 1, 2, 1, 1, 2, 1, 2, 2, 0, 2, 0, 1, 2, 0, 2, 0, 0, 0, 2, 0, 1, 1, 0, 1, 2, 0, 0, 0, 0, 0, 1, 0, 2, 0, 2, 0, 2, 0, 0, 1, 1, 0, 1, 2, 2, 1, 0, 0, 0, 1, 2, 1, 2, 1, 1, 2, 1, 1, 0, 0, 2, 0, 2, 0, 1, 0, 1, 1, 1, 2, 2, 1, 0, 1, 0, 1, 1, 1, 2, 0, 0, 0, 0, 0, 1, 0, 1, 2, 0, 0, 0, 0, 0, 0, 1, 1, 2, 1, 1, 0, 0, 2, 1, 0, 2, 1, 0, 2, 1, 1, 1, 1, 0, 1, 1, 1, 0, 2, 0, 1, 1, 1, 2, 1, 2, 1, 2, 1, 2, 2, 0, 0, 0, 2, 0, 2, 0, 1, 0, 0, 1, 0, 0, 0, 0, 0, 0, 0, 1, 0, 0, 0, 1, 0, 0, 1, 0, 2, 1, 0, 0, 1, 0, 0, 0, 0, 1, 1, 0, 0, 1, 0, 2, 0, 0, 1, 1, 1, 0, 1, 0, 0, 0, 2, 2, 0, 1, 0, 0, 0, 0, 0, 0, 1, 0, 0, 1, 0, 0, 1, 1, 1, 0, 0, 0, 0, 0, 0, 0, 0, 0, 1, 0, 1, 1, 1, 1, 1, 1, 0, 2, 1, 2, 1, 0, 2, 1, 2, 1, 2, 1, 1, 0, 1, 2, 1, 2, 0, 2, 0, 2, 2, 0, 0, 0, 1, 1, 0, 0, 2, 0, 1, 2, 1, 1, 0, 1, 2, 2, 2, 0, 2, 2, 1, 0, 2, 1, 0, 1, 2, 0, 2, 1, 0, 2, 0, 0, 0, 0, 0, 1, 1, 1, 2, 1, 2, 2, 0, 0, 2, 0, 0, 0, 1, 0, 0, 2, 2, 0, 1, 0, 1, 0, 0, 2, 0, 0, 0, 2, 0, 1, 1, 2, 0, 2, 0, 2, 0, 2, 2, 1, 2, 0, 1, 2, 1, 1, 1, 1, 1, 1, 2, 0, 0, 1, 0, 0, 1, 0, 0, 1, 0, 1, 0, 0, 0, 1, 0, 0, 0, 2, 0, 2, 1, 0, 0, 2, 2, 0, 1, 2, 2, 0, 0, 0, 0, 1, 0, 0, 2, 0, 2, 2, 0, 0, 2, 0, 0, 0, 0, 0, 0, 2, 0, 1, 0, 2, 1, 0, 2, 2, 0, 0, 0, 1, 2, 0, 1, 2, 0, 1, 0, 0, 1, 2, 2, 1, 1, 0, 2, 2, 1, 0, 0, 1, 0, 0]
kfold targets 1: [2, 2, 0, 0, 1, 1, 2, 0, 1, 2, 0, 1, 0, 1, 0, 2, 2, 2, 0, 0, 0, 0, 2, 2, 0, 1, 0, 2, 2, 2, 0, 2, 0, 0, 2, 0, 1, 0, 0, 0, 1, 0, 1, 1, 0, 0, 2, 2, 0, 0, 0, 0, 0, 0, 1, 0, 1, 0, 2, 0, 1, 0, 2, 0, 0, 0, 0, 2, 0, 0, 0, 1, 0, 1, 2, 0, 2, 2, 1, 0, 1, 0, 1, 0, 2, 0, 2, 0, 1, 1, 1, 1, 1, 1, 0, 0, 2, 2, 0, 0, 0, 0, 1, 0, 1, 0, 1, 0, 0, 0, 1, 1, 2, 0, 0, 1, 0, 0, 1, 0, 2, 2, 0, 2, 2, 0, 0, 0, 0, 0, 2, 2, 1, 0, 1, 0, 0, 1, 0, 0, 2, 0, 2, 2, 2, 1, 0, 1, 0, 2, 1, 2, 0, 2, 0, 2, 0, 2, 0, 2, 0, 0, 2, 0, 2, 0, 0, 2, 0, 0, 2, 0, 0, 0, 1, 0, 0, 2, 2, 0, 0, 1, 1, 2, 0, 2, 2, 0, 0, 0, 2, 1, 2, 2, 1, 0, 1, 0, 0, 0, 1, 1, 2, 2, 2, 2, 2, 1, 0, 0, 1, 2, 0, 0, 0, 0, 1, 2, 1, 1, 0, 0, 0, 1, 2, 1, 2, 2, 0, 2, 0, 2, 1, 0, 1, 2, 0, 0, 2, 2, 0, 2, 2, 2, 0, 0, 0, 0, 2, 2, 1, 0, 0, 0, 2, 2, 0, 1, 2, 0, 0, 0, 1, 2, 0, 0, 0, 1, 2, 0, 1, 1, 1, 0, 0, 1, 0, 2, 0, 0, 2, 1, 0, 1, 1, 2, 0, 2, 1, 2, 1, 0, 2, 0, 1, 0, 1, 0, 0, 1, 0, 2, 0, 0, 1, 0, 0, 2, 0, 0, 2, 0, 0, 0, 2, 0, 0, 2, 2, 0, 1, 0, 0, 0, 0, 2, 0, 0, 2, 1, 0, 1, 0, 0, 0, 0, 2, 2, 0, 2, 2, 0, 1, 2, 0, 0, 0, 2, 1, 1, 0, 0, 2, 2, 2, 0, 1, 2, 2, 1, 0, 1, 0, 2, 1, 1, 2, 1, 0, 1, 0, 2, 2, 0, 1, 0, 2, 0, 2, 0, 0, 0, 2, 1, 0, 0, 0, 2, 1, 2, 0, 2, 0, 2, 2, 0, 2, 0, 1, 2, 0, 0, 2, 0, 2, 2, 0, 0, 0, 0, 2, 0, 2, 1, 1, 0, 0, 2, 0, 0, 2, 0, 2, 0, 0, 1, 0, 2, 0, 1, 0, 1, 0, 0, 1, 0, 1, 0, 0, 0, 2, 0, 1, 1, 0, 2, 2, 1, 2, 0, 1, 2, 1, 0, 1, 2, 2, 1, 2, 0, 2, 0, 0, 0, 2, 0, 2, 2, 2, 0, 1, 0, 0, 1, 2, 0, 0, 1, 1, 1, 1, 0, 0, 1, 1, 0, 0, 0, 2, 1, 2, 1, 0, 2, 0, 2, 0, 0, 0, 0, 0, 2, 1, 0, 0, 1, 2, 1, 2, 2, 2, 0, 1, 0, 1, 2, 0, 1, 0, 0, 0, 0, 1, 0, 1, 0, 2, 1, 2, 0, 2, 0, 0, 0, 2, 2, 1, 2, 2, 2, 0, 1, 2, 0, 1, 0, 1, 0, 2, 2, 0, 0, 1, 1, 1, 0, 0, 2, 0, 1, 0, 1, 0, 0, 2, 0, 0, 2, 0, 0, 0, 2, 1, 0, 1, 0, 2, 2, 0, 1, 0, 1, 0, 0, 0, 1, 0, 1, 2, 0, 0, 1, 1, 2, 0, 1, 1, 0, 1, 0, 2, 1, 1, 2, 0, 0, 0, 2, 0, 0, 1, 0, 0, 1, 2, 1, 0, 2, 0, 0, 0, 0, 1, 0, 0, 0, 2, 2, 0, 1, 0, 1, 2, 2, 2, 1, 0, 1, 2, 2, 1, 2, 0, 1, 1, 0, 2, 2, 1, 2, 2, 2, 0, 0, 2, 2, 0, 2, 0, 0, 2, 1, 1, 1, 0, 1, 0, 2, 0, 0, 1, 1, 2, 0, 0, 1, 1, 1, 0, 1, 0, 1, 0, 0, 1, 2, 0, 2, 0, 0, 0, 2, 1, 2, 1, 0, 1, 0, 2, 0, 1, 0, 2, 1, 1, 2, 0, 0, 0, 0, 0, 0, 1, 0, 2, 2, 0, 2, 0, 1, 0, 0, 2, 2, 1, 1, 2, 2, 0, 1, 0, 2, 0, 0, 0, 0, 2, 0, 1, 2, 1, 0, 0, 2, 1, 1, 0, 1, 0, 2, 0, 1, 0, 0, 2, 2, 0, 0, 0, 0, 1, 0, 2, 0, 0, 0, 2, 2, 0, 1, 1, 2, 1, 0, 0, 1, 1, 0, 1, 1, 0, 1, 0, 2, 1, 1, 0, 0, 0, 1, 0, 2, 0, 1, 0, 2, 1, 0, 0, 1, 1, 0, 0, 1, 0, 2, 1, 1, 0, 2, 0, 0, 2, 1, 0, 0, 2, 2, 0, 0, 0, 2, 0, 1, 0, 2, 2, 0, 1, 1, 0, 1, 0, 0, 1, 0, 2, 0, 1, 2, 1, 1, 0, 1, 0, 0, 0, 2, 0, 2, 1, 2, 2, 2, 0, 1, 0, 2, 0, 0, 0, 1, 0, 1, 1, 1, 1, 2, 0, 2, 1, 0, 0, 0, 2, 0, 2, 2, 0, 0, 0, 0, 0, 1, 1, 0, 0, 1, 1, 2, 0, 0, 0, 0, 2, 0, 0, 0, 0, 0, 0, 0, 0, 1, 2, 0, 1, 2, 2, 1, 1, 2, 0, 0, 2, 1, 2, 0, 1, 1, 1, 0, 0, 0, 0, 2, 2, 1, 0, 0, 2, 1, 2, 0, 0, 0, 1, 1, 0, 0, 0, 0, 2, 1, 1, 1, 0, 2, 0, 2, 2, 1, 1, 0, 1, 1, 1, 2, 2, 1, 0, 2, 2, 2, 0, 1, 0, 1, 0, 2, 0, 1, 0, 2, 2, 2, 1, 2, 2, 0, 0, 1, 2, 0, 1, 0, 2, 0, 0, 1, 0, 1, 0, 0, 2, 2, 0, 0, 2, 0, 1, 1, 1, 0, 0, 1, 1, 0, 1, 0, 0, 0, 2, 2, 0, 2, 0, 2, 0, 2, 1, 2, 2, 0, 2, 0, 1, 1, 0, 0, 2, 0, 0, 0, 1, 0, 1, 1, 1, 1, 1, 1, 0, 0, 0, 0, 0, 0, 2, 0, 0, 1, 0, 0, 0, 2, 2, 1, 0, 1, 2, 1, 0, 0, 0, 2, 0, 2, 0, 2, 0, 2, 1, 0, 1, 0, 0, 2, 2, 1, 2, 0, 0, 1, 0, 0, 0, 0, 0, 1, 2, 0, 2, 0, 1, 0, 0, 2, 0, 0, 0, 0, 1, 2, 1, 2, 2, 0, 2, 0, 0, 2, 0, 1, 0, 2, 1, 0, 2, 0, 2, 1, 0, 0, 0, 1, 0, 0, 1, 0, 2, 0, 1, 1, 0, 1, 1, 1, 0, 1, 2, 0, 0, 1, 1, 2, 0, 2, 2, 0, 0, 0, 0, 2, 0, 2, 0, 0, 2, 2, 2, 2, 0, 0, 2, 0, 0, 0, 1, 1, 0, 2, 2, 0, 1, 0, 0, 0, 0, 0, 0, 1, 0, 2, 0, 2, 0, 0, 0, 1, 1, 2, 0, 1, 2, 0, 0, 1, 0, 0, 2, 1, 2, 1, 2, 1, 0, 0, 2, 1, 0, 0, 1, 2, 1, 2, 1, 1, 1, 2, 0, 1, 0, 0, 0, 2, 0, 2, 0, 0, 1, 1, 1, 2, 0, 2, 2, 0, 0, 0, 0, 0, 0, 0, 0, 0, 2, 2, 2, 1, 1, 0, 1, 1, 2, 1, 1, 2, 2, 1, 1, 0, 1, 1, 0, 1, 0, 0, 0, 1, 0, 0, 2, 0, 0, 0, 1, 0, 2, 1, 1, 1, 0, 0, 0, 2, 1, 0, 0, 1, 0, 2, 2, 0, 2, 2, 0, 0, 2, 2, 2, 1, 0, 2, 0, 0, 1, 1, 2, 1, 0, 1, 2, 2, 2, 0, 0, 2, 0, 0, 0, 0, 2, 1, 2, 2, 0, 1, 0, 1, 0, 2, 1, 0, 2, 0, 2, 0, 0, 1, 2, 0, 0, 2, 2, 0, 2, 0, 1, 2, 1, 1, 0, 1, 2, 0, 2, 0, 2, 0, 0, 2, 2, 0, 1, 2, 0, 1, 2, 1, 1, 2, 2, 1, 1, 0, 2, 0, 1, 2, 2, 0, 2, 0, 0, 1, 1, 0, 2, 1, 0, 0, 2, 2, 0, 0, 1, 0, 0, 0, 2, 0, 2, 2, 2, 2, 0, 0, 1, 0, 0, 2, 0, 0, 1, 1, 0, 1, 0, 2, 2, 0, 1, 1, 1, 2, 0, 1, 2, 0, 1, 2, 0, 1, 1, 2, 2, 0, 1, 1, 1, 0, 0, 2, 0, 0, 0, 0, 0, 1, 1, 0, 0, 1, 0, 0, 0, 0, 1, 0, 0, 0, 0, 1, 2, 0, 0, 0, 2, 1, 0, 2, 2, 1, 0, 0, 2, 1, 0, 1, 0, 1, 0, 1, 2, 2, 0, 0, 0, 0, 2, 0, 2, 2, 0, 2, 2, 2, 0, 0, 1, 0, 0, 0, 0, 2, 0, 1, 2, 0, 2, 2, 0, 0, 0, 1, 1, 0, 0, 0, 0, 0, 1, 0, 2, 2, 0, 0, 0, 2, 1, 0, 2, 0, 2, 0, 0, 0, 0, 0, 2, 0, 2, 0, 1, 1, 1, 0, 0, 0, 0, 1, 2, 0, 2, 0, 2, 2, 1, 0, 1, 1, 0, 0, 0, 2, 2, 0, 0, 2, 0, 0, 1, 1, 0, 1, 2, 0, 0, 0, 1, 2, 0, 2, 1, 0, 1, 0, 1, 0, 1, 0, 0, 1, 1, 0, 0, 0, 0, 2, 0, 0, 2, 0, 2, 2, 2, 0, 0, 0, 2, 0, 0, 2, 0, 0, 0, 2, 1, 1, 1, 0, 1, 0, 0, 0, 1, 1, 0, 1, 2, 1, 1, 2, 2, 2, 0, 0, 0, 2, 0, 2, 0, 1, 0, 1, 0, 0, 1, 1, 2, 0, 2, 1, 0, 2, 2, 2, 0, 1, 0, 2, 1, 2, 0, 0, 2, 1, 1, 1, 0, 2, 1, 0, 1, 1, 1, 1, 0, 0, 2, 0, 2, 1, 0, 0, 2, 2, 0, 0, 2, 2, 0, 1, 1, 1, 0, 2, 2, 1, 0, 2, 0, 2, 0, 2, 0, 1, 0, 0, 0, 0, 0, 0, 0, 2, 0, 0, 1, 1, 0, 0, 1, 0, 0, 1, 2, 0, 1, 2, 2, 0, 2, 1, 2, 1, 1, 1, 0, 0, 2, 1, 1, 1, 1, 0, 1, 1, 2, 0, 0, 1, 0, 1, 1, 0, 0, 1, 0, 0, 1, 1, 1, 0, 2, 0, 1, 1, 0, 0, 0, 0, 0, 0, 1, 1, 0, 0, 0, 1, 1, 2, 0, 0, 1, 0, 0, 0, 1, 0, 2, 0, 1, 2, 0, 0, 1, 0, 0, 0, 0, 0, 1, 1, 0, 0, 1, 2, 0, 1, 2, 2, 0, 0, 2, 2, 2, 0, 2, 2, 0, 2, 0, 0, 0, 0, 2, 1, 1, 2, 0, 2, 2, 0, 1, 1, 0, 0, 0, 1, 2, 1, 2, 0, 0, 2, 0, 2, 0, 0, 2, 1, 0, 2, 0, 0, 2, 0, 1, 0, 0, 0, 0, 2, 2, 0, 0, 0, 2, 2, 1, 1, 0, 1, 0, 2, 0, 0, 0, 2, 2, 2, 2, 0, 1, 0, 0, 0, 2, 0, 0, 1, 2, 0, 1, 0, 1, 1, 0, 0, 1, 0, 0, 0, 2, 0, 2, 2, 1, 1, 2, 2, 0, 0, 2, 1, 1, 1, 1, 0, 1, 2, 1, 1, 0, 1, 2, 1, 0, 2, 0, 2, 2, 0, 0, 0, 0, 2, 2, 2, 2, 0, 2, 0, 0, 2, 1, 1, 0, 1, 0, 0, 0, 1, 1, 1, 1, 0, 2, 0, 1, 2, 0, 2, 0, 2, 0, 0, 0, 0, 0, 1, 0, 0, 2, 0, 1, 0, 1, 0, 0, 0, 1, 1, 0, 1, 0, 1, 0, 0, 0, 1, 0, 0, 0, 1, 0, 2, 0, 0, 2, 0, 1, 0, 0, 2, 1, 0, 0, 2, 0, 0, 0, 0, 0, 1, 0, 2, 0, 1, 2, 2, 2, 0, 0, 0, 0, 0, 0, 0, 0, 2, 0, 1, 0, 0, 2, 0, 0, 2, 1, 2, 2, 0, 0, 1, 1, 0, 1, 2, 0, 0, 1, 2, 2, 0, 0, 2, 1, 1, 0, 1, 0, 0, 2, 2, 1, 0, 2, 0, 0, 0, 2, 1, 0, 2, 0, 2, 0, 1, 0, 2, 2, 0, 1, 0, 0, 0, 0, 2, 2, 0, 2, 0, 1, 0, 0, 1, 2, 0, 2, 2, 2, 2, 2, 2, 2, 0, 2, 1, 2, 0, 0, 2, 2, 1, 2, 2, 0, 2, 0, 1, 0, 1, 0, 2, 0, 1, 0, 0, 2, 0, 0, 0, 0, 2, 1, 2, 0, 2, 2, 0, 0, 0, 1, 2, 1, 2, 2, 1, 1, 0, 2, 1, 2, 2, 2, 0, 1, 2, 0, 0, 0, 0, 2, 2, 2, 2, 0, 1, 0, 2, 0, 2, 0, 1, 1, 0, 2, 0, 2, 0, 0, 2, 2, 1, 0, 2, 2, 0, 2, 1, 0, 1, 1, 0, 1, 0, 0, 1, 2, 2, 1, 2, 0, 0, 1, 1, 0, 2, 2, 2, 1, 2, 2, 2, 0, 1, 0, 0, 1, 1, 1, 0, 2, 2, 0, 2, 0, 2, 0, 0, 0, 0, 2, 0, 0, 1, 0, 0, 0, 1, 2, 2, 0, 0, 2, 2, 2, 1, 1, 0, 1, 0, 0, 1, 0, 1, 2, 0, 2, 1, 0, 0, 0, 0, 1, 2, 0, 2, 0, 2, 2, 0, 2, 0, 2, 1, 2, 0, 0, 2, 0, 2, 1, 0, 0, 2, 0, 1, 0, 2, 2, 1, 1, 0, 2, 0, 1, 0, 1, 2, 2, 1, 2, 2, 2, 1, 0, 2, 0, 1, 2, 0, 2, 0, 0, 0, 1, 0, 1, 1, 0, 0, 2, 2, 0, 0, 0, 0, 2, 0, 0, 0, 2, 0, 2, 0, 0, 2, 1, 0, 2, 1, 2, 2, 0, 0, 0, 2, 1, 2, 2, 1, 0, 1, 2, 0, 0, 0, 2, 0, 2, 0, 2, 0, 1, 2, 1, 2, 2, 2, 0, 1, 0, 2, 1, 1, 2, 0, 0, 0, 0, 0, 2, 0, 1, 2, 0, 0, 0, 0, 2, 0, 1, 1, 2, 1, 1, 0, 0, 1, 2, 0, 2, 1, 0, 2, 2, 2, 1, 2, 0, 1, 1, 0, 0, 2, 2, 2, 1, 2, 2, 2, 1, 0, 2, 1, 1, 2, 0, 0, 0, 2, 0, 2, 0, 1, 0, 0, 2, 0, 0, 0, 0, 0, 0, 1, 1, 0, 0, 0, 1, 0, 0, 1, 0, 2, 0, 0, 0, 1, 0, 0, 0, 0, 1, 1, 0, 0, 2, 0, 1, 0, 0, 1, 0, 2, 0, 2, 0, 0, 0, 2, 2, 0, 1, 0, 0, 0, 0, 0, 0, 2, 0, 0, 1, 0, 0, 1, 1, 0, 0, 0, 0, 0, 0, 0, 0, 0, 0, 1, 0, 1, 1, 1, 1, 2, 1, 0, 2, 1, 2, 2, 0, 2, 2, 1, 1, 2, 1, 2, 0, 1, 2, 1, 1, 0, 1, 0, 2, 2, 0, 0, 0, 2, 1, 0, 0, 2, 0, 1, 1, 1, 1, 0, 1, 2, 1, 2, 0, 2, 2, 2, 0, 1, 1, 0, 2, 2, 0, 1, 1, 0, 2, 0, 0, 0, 0, 0, 2, 1, 2, 2, 1, 2, 2, 1, 2, 1, 0, 0, 0, 2, 0, 0, 2, 2, 0, 1, 0, 1, 0, 0, 2, 0, 0, 0, 2, 0, 2, 2, 2, 0, 2, 0, 2, 0, 2, 2, 1, 1, 0, 1, 1, 1, 1, 2, 1, 2, 1, 2, 0, 0, 1, 0, 0, 1, 0, 0, 1, 0, 1, 0, 0, 0, 2, 0, 0, 0, 2, 0, 2, 1, 0, 0, 2, 2, 0, 2, 2, 1, 0, 0, 0, 0, 1, 1, 0, 2, 0, 2, 2, 0, 0, 2, 0, 0, 0, 0, 0, 0, 2, 0, 1, 0, 2, 2, 0, 2, 2, 0, 0, 0, 0, 2, 0, 1, 1, 0, 1, 0, 0, 1, 0, 0, 1, 2, 0, 1, 2, 1, 2, 0, 2, 0, 0]
0.7894736842105263
array([[1218,   43,   17],
       [  19,  504,  158],
       [  53,  282,  423]])
kfold preds 2: [1, 1, 0, 0, 0, 0, 1, 1, 2, 0, 0, 0, 0, 0, 0, 1, 0, 2, 1, 1, 1, 0, 2, 0, 1, 1, 0, 0, 0, 0, 0, 2, 1, 0, 1, 0, 1, 0, 0, 0, 2, 0, 1, 1, 0, 2, 2, 2, 0, 0, 0, 1, 0, 0, 1, 0, 1, 1, 0, 1, 1, 0, 0, 0, 0, 0, 1, 2, 0, 0, 0, 1, 1, 0, 1, 0, 1, 1, 0, 0, 0, 0, 1, 0, 1, 0, 2, 0, 0, 2, 2, 1, 2, 0, 0, 0, 0, 0, 0, 1, 0, 0, 1, 1, 0, 0, 0, 1, 2, 1, 0, 1, 0, 1, 1, 1, 1, 0, 1, 0, 0, 0, 0, 0, 2, 0, 1, 0, 0, 0, 1, 1, 1, 2, 2, 0, 0, 1, 0, 0, 1, 0, 1, 0, 0, 2, 1, 1, 1, 0, 2, 2, 0, 0, 0, 1, 1, 0, 0, 1, 0, 0, 0, 1, 2, 0, 0, 1, 0, 1, 2, 0, 0, 0, 2, 1, 0, 1, 2, 0, 1, 1, 0, 2, 0, 1, 0, 0, 0, 0, 2, 1, 0, 0, 2, 0, 1, 0, 0, 0, 0, 2, 0, 1, 2, 2, 2, 0, 0, 0, 1, 2, 1, 0, 2, 0, 0, 2, 0, 2, 1, 0, 0, 1, 2, 2, 1, 1, 2, 2, 0, 2, 0, 0, 1, 2, 0, 0, 1, 0, 0, 2, 2, 1, 0, 0, 0, 0, 0, 1, 2, 0, 0, 1, 2, 2, 2, 0, 1, 0, 0, 2, 0, 1, 0, 1, 0, 2, 2, 0, 0, 2, 0, 0, 0, 0, 0, 2, 0, 2, 1, 2, 1, 2, 0, 0, 0, 2, 1, 0, 1, 0, 0, 0, 0, 0, 0, 0, 0, 2, 0, 1, 0, 2, 2, 0, 0, 2, 0, 0, 1, 0, 0, 0, 1, 0, 1, 1, 1, 0, 0, 0, 1, 0, 0, 0, 0, 1, 1, 0, 1, 0, 2, 2, 1, 0, 1, 2, 2, 1, 2, 1, 2, 1, 0, 2, 0, 0, 0, 1, 0, 0, 0, 1, 0, 0, 0, 0, 2, 1, 1, 1, 0, 0, 1, 2, 0, 1, 1, 1, 1, 0, 1, 1, 2, 0, 1, 0, 1, 0, 0, 1, 0, 1, 0, 0, 0, 0, 1, 2, 0, 0, 1, 2, 0, 0, 0, 0, 0, 2, 1, 1, 0, 1, 2, 0, 0, 1, 2, 1, 2, 0, 0, 0, 2, 1, 1, 1, 0, 1, 1, 0, 1, 0, 1, 0, 2, 2, 0, 1, 0, 0, 2, 1, 2, 0, 1, 0, 0, 0, 1, 0, 1, 1, 0, 2, 1, 2, 0, 0, 2, 2, 2, 2, 2, 2, 2, 2, 1, 0, 0, 0, 0, 0, 0, 0, 2, 0, 2, 2, 1, 2, 0, 0, 2, 2, 0, 0, 2, 0, 0, 2, 0, 0, 0, 1, 1, 0, 2, 1, 2, 1, 1, 0, 1, 0, 1, 0, 0, 1, 1, 0, 2, 0, 0, 1, 1, 2, 2, 2, 2, 0, 2, 2, 2, 0, 0, 1, 0, 1, 0, 1, 2, 0, 0, 1, 0, 0, 0, 2, 2, 0, 2, 0, 0, 0, 1, 0, 2, 0, 0, 1, 0, 0, 2, 1, 0, 0, 1, 1, 1, 2, 1, 1, 0, 0, 0, 2, 0, 2, 0, 2, 2, 0, 0, 0, 0, 0, 2, 1, 0, 0, 0, 0, 1, 0, 1, 1, 0, 1, 2, 1, 0, 0, 2, 0, 0, 1, 2, 0, 2, 0, 0, 2, 2, 0, 1, 0, 2, 0, 0, 1, 2, 0, 0, 1, 0, 2, 1, 0, 1, 0, 2, 0, 0, 2, 0, 0, 0, 0, 0, 1, 1, 0, 0, 1, 2, 1, 1, 0, 0, 1, 1, 1, 1, 2, 0, 1, 0, 2, 1, 2, 0, 1, 1, 0, 0, 0, 2, 0, 1, 2, 0, 2, 2, 0, 1, 1, 0, 0, 2, 1, 0, 2, 0, 0, 0, 2, 0, 0, 1, 2, 2, 0, 0, 1, 1, 0, 2, 1, 0, 1, 0, 0, 2, 0, 0, 1, 0, 0, 0, 1, 1, 2, 0, 0, 2, 2, 1, 0, 2, 0, 0, 2, 1, 0, 1, 0, 0, 1, 0, 0, 0, 0, 2, 2, 1, 2, 1, 1, 0, 0, 2, 1, 2, 2, 0, 2, 1, 0, 0, 0, 1, 0, 0, 0, 2, 1, 0, 2, 1, 1, 1, 1, 1, 2, 0, 1, 0, 0, 1, 2, 0, 0, 0, 1, 0, 0, 0, 0, 0, 1, 0, 0, 0, 1, 2, 1, 0, 1, 2, 0, 0, 2, 1, 1, 1, 0, 1, 0, 0, 0, 0, 1, 0, 1, 2, 0, 0, 1, 2, 0, 0, 2, 0, 2, 1, 0, 0, 2, 1, 0, 1, 0, 0, 1, 0, 0, 0, 1, 2, 1, 0, 2, 0, 0, 2, 0, 0, 0, 0, 0, 0, 0, 0, 2, 2, 0, 0, 1, 1, 1, 1, 0, 2, 0, 1, 0, 2, 0, 1, 2, 2, 1, 0, 0, 0, 2, 2, 2, 1, 0, 2, 2, 0, 0, 0, 0, 0, 0, 0, 1, 1, 0, 1, 0, 0, 0, 0, 2, 0, 0, 2, 0, 1, 0, 2, 0, 0, 2, 0, 0, 0, 1, 1, 0, 0, 0, 1, 1, 0, 0, 1, 0, 1, 0, 1, 1, 0, 0, 0, 0, 0, 2, 2, 2, 2, 1, 2, 0, 0, 0, 1, 2, 0, 2, 2, 0, 2, 2, 2, 2, 2, 0, 0, 2, 2, 0, 1, 0, 1, 0, 2, 1, 0, 0, 0, 2, 0, 0, 0, 0, 2, 2, 1, 0, 0, 1, 0, 2, 2, 0, 0, 0, 0, 0, 0, 1, 1, 1, 0, 0, 0, 0, 0, 2, 0, 2, 0, 0, 1, 1, 0, 2, 2, 1, 1, 0, 1, 1, 0, 0, 2, 2, 1, 0, 1, 0, 0, 0, 0, 1, 1, 0, 0, 2, 0, 0, 2, 0, 0, 1, 1, 0, 0, 2, 1, 0, 2, 0, 0, 0, 1, 0, 1, 2, 1, 0, 0, 1, 1, 1, 1, 0, 0, 2, 2, 1, 0, 0, 0, 0, 0, 0, 2, 0, 0, 0, 2, 1, 0, 1, 0, 0, 2, 0, 0, 0, 1, 0, 0, 1, 0, 0, 2, 2, 1, 0, 0, 0, 2, 0, 1, 0, 2, 0, 0, 0, 0, 2, 0, 1, 0, 0, 1, 0, 1, 0, 0, 0, 2, 2, 0, 1, 0, 0, 0, 2, 0, 0, 0, 0, 2, 0, 1, 1, 0, 0, 1, 0, 0, 0, 1, 1, 1, 1, 1, 0, 2, 1, 0, 2, 1, 0, 0, 0, 0, 0, 1, 0, 0, 0, 1, 0, 1, 1, 0, 0, 1, 1, 0, 1, 2, 0, 1, 0, 0, 1, 2, 0, 0, 1, 2, 1, 0, 0, 1, 0, 1, 1, 0, 0, 0, 0, 0, 0, 2, 0, 2, 0, 0, 0, 0, 2, 1, 0, 0, 0, 0, 0, 2, 2, 2, 1, 0, 0, 2, 2, 2, 2, 0, 0, 0, 1, 1, 2, 0, 0, 0, 1, 2, 1, 0, 1, 1, 0, 0, 0, 0, 0, 1, 2, 0, 1, 2, 1, 2, 0, 1, 0, 0, 1, 0, 2, 2, 0, 1, 2, 0, 2, 0, 0, 2, 1, 2, 0, 0, 2, 0, 0, 2, 2, 2, 1, 0, 1, 1, 2, 2, 0, 0, 0, 2, 0, 0, 0, 0, 2, 0, 1, 2, 0, 0, 1, 0, 0, 2, 1, 1, 1, 0, 0, 2, 1, 1, 2, 0, 1, 0, 1, 0, 1, 0, 1, 2, 0, 0, 0, 1, 0, 0, 1, 0, 0, 0, 1, 1, 2, 0, 0, 0, 0, 1, 0, 0, 0, 2, 0, 1, 0, 2, 1, 0, 0, 0, 0, 2, 2, 2, 1, 2, 1, 2, 0, 0, 0, 0, 1, 0, 0, 0, 0, 0, 0, 0, 1, 2, 0, 1, 1, 0, 0, 0, 0, 1, 2, 2, 0, 0, 2, 1, 2, 0, 2, 1, 1, 2, 0, 1, 1, 1, 0, 2, 2, 0, 0, 0, 0, 2, 0, 0, 0, 2, 0, 1, 0, 0, 1, 2, 1, 0, 1, 1, 0, 1, 0, 0, 0, 1, 2, 2, 0, 0, 1, 1, 1, 0, 0, 1, 0, 0, 0, 1, 2, 2, 0, 1, 0, 2, 1, 2, 0, 2, 2, 2, 2, 0, 0, 0, 0, 0, 1, 0, 0, 2, 1, 0, 0, 0, 2, 2, 0, 1, 0, 2, 2, 0, 0, 1, 0, 0, 2, 2, 0, 1, 1, 1, 0, 2, 2, 2, 0, 0, 0, 0, 0, 0, 1, 2, 1, 2, 0, 0, 2, 0, 0, 1, 0, 0, 0, 0, 1, 0, 0, 0, 1, 0, 1, 2, 0, 0, 0, 0, 1, 0, 0, 1, 1, 0, 1, 0, 2, 0, 1, 0, 0, 0, 0, 0, 0, 0, 1, 2, 2, 1, 2, 0, 0, 0, 1, 2, 1, 0, 0, 0, 1, 0, 0, 2, 0, 1, 1, 0, 0, 0, 2, 1, 0, 1, 0, 0, 1, 0, 0, 1, 2, 2, 2, 2, 2, 1, 2, 2, 1, 1, 0, 1, 0, 0, 0, 1, 1, 1, 0, 1, 2, 1, 1, 0, 2, 0, 2, 1, 0, 0, 2, 1, 2, 1, 0, 2, 1, 0, 0, 2, 0, 0, 1, 0, 1, 0, 0, 0, 1, 0, 1, 1, 1, 0, 0, 1, 1, 0, 1, 2, 0, 0, 0, 1, 2, 1, 0, 1, 1, 1, 2, 0, 0, 0, 2, 1, 0, 2, 0, 1, 0, 2, 0, 0, 1, 0, 1, 0, 2, 0, 0, 0, 1, 0, 1, 1, 0, 0, 0, 0, 0, 2, 1, 0, 0, 0, 0, 1, 2, 1, 1, 0, 0, 0, 0, 0, 0, 1, 1, 1, 2, 1, 0, 1, 2, 2, 0, 0, 1, 0, 2, 0, 1, 1, 0, 0, 0, 1, 2, 0, 0, 1, 1, 1, 1, 2, 0, 0, 0, 2, 1, 2, 0, 0, 0, 0, 1, 2, 0, 0, 0, 1, 0, 0, 1, 0, 0, 1, 1, 2, 1, 0, 1, 1, 1, 1, 2, 0, 0, 0, 1, 1, 1, 0, 0, 0, 0, 0, 0, 1, 1, 0, 1, 0, 2, 0, 0, 1, 2, 0, 1, 1, 1, 0, 1, 2, 0, 2, 1, 1, 1, 0, 0, 0, 0, 2, 1, 1, 1, 0, 0, 1, 0, 2, 0, 0, 1, 0, 1, 2, 0, 0, 1, 1, 1, 0, 0, 1, 0, 1, 0, 0, 0, 0, 0, 1, 2, 0, 2, 2, 1, 0, 0, 1, 0, 2, 2, 0, 0, 1, 0, 0, 0, 0, 0, 1, 0, 1, 1, 0, 0, 1, 0, 1, 2, 1, 0, 0, 2, 0, 0, 1, 1, 0, 1, 2, 2, 0, 0, 2, 1, 1, 0, 1, 1, 0, 0, 1, 0, 0, 0, 0, 0, 1, 1, 0, 2, 1, 2, 1, 0, 0, 0, 0, 0, 1, 1, 1, 0, 2, 0, 0, 2, 0, 1, 0, 1, 2, 2, 0, 0, 1, 0, 2, 0, 1, 0, 0, 2, 1, 0, 2, 0, 0, 2, 0, 0, 0, 1, 0, 0, 1, 1, 0, 1, 0, 0, 1, 1, 0, 0, 0, 1, 2, 0, 1, 0, 2, 0, 2, 0, 0, 1, 2, 2, 1, 2, 0, 2, 1, 0, 2, 1, 1, 0, 1, 0, 1, 2, 0, 1, 2, 0, 1, 0, 1, 1, 1, 1, 0, 0, 0, 1, 1, 0, 0, 1, 1, 0, 0, 1, 0, 0, 2, 2, 2, 0, 1, 0, 0, 0, 0, 0, 1, 2, 0, 0, 2, 1, 2, 1, 1, 0, 2, 0, 2, 0, 0, 0, 0, 2, 0, 1, 0, 0, 0, 2, 0, 0, 2, 0, 1, 0, 0, 0, 0, 0, 1, 1, 0, 1, 0, 2, 0, 1, 0, 1, 0, 0, 2, 0, 1, 2, 0, 0, 1, 0, 0, 0, 0, 1, 2, 0, 0, 1, 0, 0, 2, 0, 0, 1, 0, 0, 0, 2, 2, 2, 1, 1, 0, 0, 1, 1, 0, 0, 0, 0, 1, 0, 2, 0, 2, 1, 1, 2, 0, 0, 0, 1, 1, 1, 0, 0, 2, 1, 0, 0, 2, 0, 2, 0, 1, 2, 0, 1, 0, 0, 0, 1, 2, 1, 1, 2, 2, 0, 2, 0, 1, 0, 2, 2, 1, 0, 0, 0, 0, 0, 1, 0, 0, 2, 0, 0, 0, 0, 2, 2, 0, 0, 1, 2, 0, 1, 0, 0, 0, 2, 1, 2, 1, 2, 0, 0, 1, 1, 0, 0, 0, 2, 0, 1, 1, 1, 1, 0, 2, 1, 0, 0, 0, 1, 0, 2, 0, 1, 0, 0, 0, 0, 0, 2, 1, 2, 0, 0, 1, 0, 0, 0, 1, 2, 0, 1, 2, 1, 1, 0, 2, 0, 0, 1, 1, 1, 1, 1, 0, 0, 0, 2, 0, 0, 1, 1, 2, 0, 0, 2, 0, 0, 0, 0, 1, 1, 0, 0, 1, 1, 1, 0, 1, 1, 2, 0, 1, 1, 2, 0, 0, 1, 0, 0, 1, 0, 0, 1, 2, 2, 0, 2, 0, 0, 1, 0, 1, 2, 1, 0, 1, 1, 1, 0, 0, 0, 0, 0, 2, 1, 2, 0, 2, 1, 0, 0, 0, 2, 0, 0, 0, 0, 0, 0, 0, 1, 1, 0, 0, 0, 0, 2, 0, 0, 1, 1, 1, 2, 1, 1, 1, 0, 2, 0, 1, 2, 2, 1, 2, 1, 0, 0, 0, 0, 0, 0, 0, 0, 2, 0, 1, 2, 0, 0, 0, 0, 0, 0, 0, 0, 0, 0, 0, 0, 0, 0, 1, 2, 0, 2, 2, 1, 0, 0, 0, 0, 0, 0, 0, 1, 1, 2, 2, 2, 0, 0, 0, 2, 0, 1, 2, 1, 1, 0, 0, 1, 1, 0, 2, 1, 0, 0, 0, 0, 0, 0, 2, 0, 0, 0, 1, 2, 0, 1, 1, 1, 0, 0, 2, 0, 0, 2, 1, 0, 0, 0, 2, 1, 1, 2, 2, 2, 0, 2, 2, 0, 0, 0, 0, 0, 0, 0, 0, 1, 0, 1, 2, 1, 2, 1, 2, 1, 1, 0, 1, 0, 1, 0, 0, 2, 1, 1, 0, 1, 2, 1, 0, 0, 2, 0, 1, 0, 1, 1, 2, 2, 1, 0, 1, 1, 1, 0, 0, 1, 0, 2, 1, 1, 0, 1, 0, 2, 0, 2, 0, 0, 0, 1, 1, 1, 2, 1, 2, 0, 2, 1, 0, 2, 0, 0, 1, 2, 0, 2, 0, 1, 1, 0, 2, 0, 0, 2, 2, 0, 2, 0, 0, 0, 0, 2, 2, 1, 1, 2, 0, 2, 2, 0, 0, 1, 0, 1, 0, 1, 1, 0, 0, 0, 2, 2, 0, 0, 0, 0, 0, 0, 0, 2, 0, 0, 0, 0, 0, 0, 1, 2, 0, 1, 2, 0, 0, 1, 1, 0, 1, 2, 2, 1, 1, 0, 0, 0, 0, 0, 0, 1, 0, 0, 1, 2, 0, 0, 2, 0, 2, 0, 0, 1, 1, 0, 0, 1, 0, 2, 1, 0, 0, 2, 1, 1, 0, 0, 2, 1, 1, 0, 1, 0, 2, 2, 0, 0, 0, 0, 2, 2, 0, 0, 1, 0, 1, 1, 1, 0, 1, 1, 1, 1, 0, 2, 0, 2, 1, 1, 2, 0, 0, 0, 0, 0, 1, 0, 0, 0, 0, 2, 0, 0, 2, 1, 1, 2, 2, 0, 2, 1, 2, 2, 0, 0, 0, 0, 0, 0, 2, 2, 0, 1, 1, 1, 0, 0, 0, 0, 0, 1, 1, 0, 1, 0, 2, 0, 2, 1, 2, 2, 2, 1, 1, 0, 0, 0, 1, 0, 0, 1, 1, 1, 1, 2, 0, 0, 2, 0, 1, 2, 2, 1, 0, 2, 0, 0, 0, 0, 2, 0, 0, 0, 2, 0, 2, 0, 1, 1, 0, 0, 1, 1, 1, 1, 0, 0, 0, 0, 0, 1, 0, 2, 0, 0, 1, 0, 0, 2, 1, 0, 0, 1, 0, 1, 1, 1, 1, 1, 1, 1, 1, 1, 1, 0, 1, 0, 0, 0, 0, 1, 0, 0, 2, 0, 0, 0, 1, 0, 1, 1, 0, 0, 1, 1, 2, 0, 2, 0, 0]
kfold targets 2: [1, 1, 0, 0, 0, 0, 1, 1, 2, 0, 0, 2, 0, 0, 0, 1, 0, 2, 1, 1, 1, 0, 2, 2, 1, 1, 0, 2, 0, 0, 0, 2, 1, 0, 1, 0, 1, 0, 0, 0, 2, 0, 1, 1, 0, 2, 1, 2, 0, 0, 0, 1, 0, 0, 1, 0, 1, 2, 0, 1, 1, 0, 2, 0, 0, 0, 1, 2, 0, 0, 0, 1, 1, 0, 2, 0, 1, 1, 0, 0, 0, 0, 1, 0, 1, 0, 2, 0, 0, 0, 2, 1, 2, 0, 0, 0, 0, 0, 0, 1, 0, 0, 2, 1, 0, 0, 0, 1, 2, 1, 0, 1, 2, 1, 2, 1, 2, 0, 2, 0, 2, 0, 0, 0, 1, 0, 1, 0, 0, 0, 1, 1, 2, 2, 1, 0, 0, 0, 0, 0, 1, 0, 1, 2, 0, 2, 2, 1, 1, 2, 2, 2, 0, 0, 0, 1, 1, 0, 0, 1, 0, 0, 0, 1, 2, 0, 0, 1, 0, 2, 2, 0, 0, 0, 2, 1, 0, 2, 2, 0, 1, 1, 0, 2, 0, 2, 2, 0, 0, 0, 2, 1, 0, 0, 2, 0, 2, 0, 0, 2, 0, 2, 2, 1, 2, 2, 2, 0, 0, 0, 1, 2, 1, 0, 1, 0, 0, 2, 0, 2, 1, 0, 0, 1, 2, 2, 2, 1, 2, 2, 0, 2, 0, 0, 1, 2, 0, 0, 1, 0, 0, 2, 2, 2, 0, 0, 0, 0, 0, 1, 2, 0, 0, 2, 2, 2, 2, 0, 1, 0, 0, 2, 0, 1, 0, 1, 1, 2, 2, 0, 0, 2, 0, 0, 0, 0, 0, 2, 0, 2, 1, 1, 1, 2, 0, 0, 0, 2, 1, 0, 1, 0, 0, 0, 0, 0, 0, 0, 0, 2, 0, 0, 0, 2, 2, 0, 0, 2, 0, 0, 1, 0, 0, 1, 2, 0, 1, 1, 1, 0, 0, 0, 1, 0, 0, 0, 0, 2, 1, 0, 1, 0, 2, 2, 1, 0, 1, 2, 2, 1, 2, 1, 2, 1, 0, 2, 0, 0, 0, 1, 0, 0, 2, 1, 0, 0, 0, 2, 2, 1, 1, 2, 0, 0, 1, 2, 0, 1, 1, 1, 1, 0, 2, 1, 2, 0, 1, 0, 1, 0, 0, 1, 2, 1, 0, 0, 0, 2, 1, 1, 0, 2, 1, 2, 0, 0, 0, 0, 0, 2, 1, 1, 0, 1, 2, 0, 0, 1, 2, 1, 2, 0, 0, 0, 2, 1, 1, 1, 0, 2, 2, 0, 1, 0, 2, 0, 2, 2, 0, 2, 0, 0, 2, 1, 2, 0, 1, 0, 0, 0, 1, 0, 1, 1, 0, 2, 1, 1, 2, 0, 1, 2, 2, 2, 2, 2, 2, 2, 1, 0, 0, 0, 0, 0, 0, 0, 2, 0, 2, 2, 1, 2, 0, 0, 2, 2, 0, 0, 2, 0, 0, 2, 0, 0, 0, 1, 1, 0, 2, 1, 2, 1, 1, 0, 1, 2, 2, 0, 0, 1, 2, 0, 2, 0, 2, 1, 1, 1, 2, 2, 2, 0, 2, 2, 2, 2, 0, 1, 0, 1, 0, 1, 2, 0, 0, 2, 2, 0, 0, 2, 2, 0, 2, 0, 0, 0, 1, 0, 2, 2, 0, 1, 2, 0, 2, 1, 0, 0, 1, 1, 1, 2, 1, 1, 0, 0, 0, 2, 0, 2, 0, 2, 1, 0, 2, 0, 0, 0, 2, 1, 0, 0, 0, 0, 1, 0, 1, 1, 0, 1, 2, 1, 0, 0, 2, 0, 0, 1, 2, 0, 2, 1, 0, 2, 2, 0, 1, 0, 2, 0, 2, 2, 2, 0, 0, 1, 0, 1, 1, 0, 2, 0, 2, 0, 0, 2, 0, 0, 0, 0, 0, 2, 1, 0, 0, 1, 2, 1, 2, 0, 0, 1, 1, 2, 1, 2, 0, 2, 0, 2, 2, 2, 0, 1, 1, 0, 2, 2, 2, 0, 2, 2, 0, 2, 2, 2, 1, 1, 0, 0, 2, 2, 0, 2, 0, 2, 0, 2, 0, 0, 1, 2, 2, 0, 0, 1, 1, 0, 2, 2, 0, 1, 0, 0, 2, 0, 0, 2, 0, 0, 0, 0, 1, 2, 0, 0, 2, 2, 1, 0, 1, 0, 0, 2, 1, 0, 0, 0, 0, 1, 0, 0, 0, 0, 2, 2, 1, 1, 2, 2, 0, 0, 2, 1, 2, 2, 0, 1, 1, 0, 0, 0, 1, 0, 0, 0, 2, 2, 0, 2, 2, 1, 1, 1, 1, 1, 0, 2, 0, 0, 2, 2, 0, 2, 0, 2, 0, 0, 0, 0, 0, 1, 0, 0, 0, 1, 2, 2, 0, 1, 1, 0, 0, 1, 1, 1, 1, 0, 1, 0, 0, 0, 0, 1, 0, 1, 2, 0, 0, 2, 2, 0, 0, 2, 0, 2, 1, 0, 0, 2, 1, 0, 1, 0, 0, 1, 0, 0, 2, 1, 2, 2, 0, 2, 0, 0, 2, 2, 0, 0, 0, 0, 0, 0, 0, 2, 2, 0, 0, 2, 1, 1, 1, 0, 2, 0, 2, 0, 1, 0, 1, 2, 2, 1, 0, 0, 0, 2, 0, 2, 1, 0, 2, 2, 0, 0, 0, 0, 0, 0, 0, 1, 1, 2, 1, 2, 0, 0, 0, 2, 0, 0, 2, 0, 2, 0, 1, 0, 0, 2, 0, 0, 0, 1, 1, 0, 0, 2, 1, 2, 0, 0, 1, 0, 2, 0, 2, 1, 0, 0, 0, 0, 0, 2, 2, 1, 2, 0, 2, 0, 0, 0, 0, 2, 0, 2, 2, 0, 2, 2, 2, 2, 2, 0, 0, 2, 2, 0, 1, 0, 2, 0, 2, 1, 0, 0, 0, 2, 0, 0, 0, 0, 2, 2, 1, 0, 0, 1, 0, 2, 2, 2, 0, 0, 0, 0, 0, 1, 1, 1, 0, 0, 0, 0, 0, 2, 0, 2, 0, 0, 1, 1, 0, 2, 2, 0, 1, 0, 1, 1, 0, 0, 2, 1, 2, 0, 0, 0, 0, 0, 0, 1, 2, 0, 0, 2, 0, 0, 2, 0, 0, 1, 1, 0, 0, 2, 1, 0, 1, 0, 0, 0, 1, 0, 1, 2, 2, 0, 2, 1, 1, 2, 1, 0, 2, 2, 2, 1, 0, 0, 0, 0, 0, 0, 2, 0, 0, 0, 2, 2, 0, 1, 0, 0, 2, 0, 0, 0, 2, 0, 0, 2, 0, 0, 2, 1, 1, 0, 0, 2, 2, 0, 1, 0, 2, 0, 0, 0, 0, 2, 0, 1, 2, 0, 1, 0, 1, 0, 0, 0, 2, 2, 0, 1, 0, 0, 0, 2, 0, 0, 2, 0, 2, 0, 1, 1, 0, 0, 1, 0, 0, 0, 1, 1, 1, 1, 1, 0, 2, 1, 0, 2, 2, 0, 0, 0, 0, 0, 2, 0, 2, 0, 1, 0, 1, 1, 0, 0, 1, 1, 0, 1, 1, 0, 1, 0, 0, 1, 1, 0, 0, 2, 2, 1, 0, 0, 1, 0, 2, 1, 0, 0, 0, 0, 0, 2, 2, 0, 2, 0, 0, 0, 0, 2, 2, 0, 0, 0, 0, 2, 2, 2, 2, 1, 0, 0, 2, 2, 2, 2, 0, 0, 0, 1, 1, 2, 0, 0, 0, 1, 1, 1, 0, 1, 2, 0, 0, 0, 0, 0, 2, 2, 2, 1, 2, 1, 2, 0, 1, 0, 0, 1, 0, 2, 2, 0, 1, 2, 0, 2, 0, 0, 2, 1, 2, 2, 0, 2, 0, 0, 2, 1, 2, 2, 0, 2, 1, 2, 2, 0, 0, 0, 2, 0, 0, 0, 2, 1, 0, 1, 2, 0, 0, 1, 0, 0, 2, 1, 1, 1, 0, 0, 2, 1, 1, 1, 0, 1, 0, 1, 0, 2, 0, 1, 2, 0, 2, 0, 1, 0, 0, 1, 0, 0, 0, 1, 1, 2, 0, 0, 0, 2, 1, 0, 2, 0, 2, 0, 1, 0, 2, 2, 0, 0, 0, 0, 2, 2, 2, 1, 2, 1, 2, 2, 2, 0, 0, 1, 0, 0, 0, 0, 0, 0, 0, 2, 2, 0, 1, 1, 0, 0, 0, 0, 1, 1, 2, 0, 0, 2, 1, 1, 0, 2, 2, 1, 1, 0, 2, 1, 2, 0, 2, 2, 0, 0, 0, 0, 2, 0, 0, 0, 2, 0, 2, 0, 0, 1, 2, 1, 0, 1, 2, 2, 1, 0, 0, 0, 1, 2, 2, 0, 2, 0, 1, 1, 0, 0, 1, 2, 0, 0, 1, 2, 2, 0, 1, 0, 1, 1, 2, 0, 2, 2, 2, 2, 0, 0, 0, 0, 0, 1, 0, 0, 2, 1, 0, 0, 0, 2, 2, 0, 1, 0, 2, 2, 0, 0, 1, 0, 0, 2, 2, 0, 1, 1, 1, 0, 2, 2, 2, 0, 0, 0, 0, 0, 0, 2, 2, 1, 2, 0, 0, 2, 0, 0, 1, 0, 0, 0, 0, 1, 0, 0, 2, 1, 0, 2, 2, 0, 0, 0, 0, 1, 0, 0, 2, 1, 0, 1, 0, 2, 0, 1, 0, 0, 0, 0, 0, 0, 0, 2, 2, 2, 1, 2, 0, 0, 0, 1, 1, 1, 0, 0, 0, 1, 0, 0, 2, 0, 1, 2, 0, 0, 0, 2, 2, 2, 1, 0, 0, 1, 0, 2, 1, 2, 1, 2, 2, 2, 1, 2, 2, 1, 1, 0, 1, 0, 0, 0, 2, 1, 1, 0, 1, 2, 1, 1, 0, 2, 0, 2, 1, 0, 0, 2, 1, 2, 1, 0, 2, 1, 0, 0, 2, 0, 0, 1, 0, 1, 0, 0, 0, 1, 0, 1, 2, 1, 0, 0, 2, 1, 0, 1, 2, 0, 0, 0, 1, 2, 1, 0, 1, 1, 1, 2, 0, 0, 0, 2, 1, 0, 2, 0, 1, 0, 2, 2, 0, 1, 0, 2, 0, 2, 0, 0, 0, 1, 0, 1, 1, 0, 0, 0, 0, 2, 2, 1, 0, 0, 0, 0, 1, 2, 2, 1, 0, 0, 0, 0, 2, 0, 1, 1, 2, 2, 1, 0, 2, 2, 2, 0, 0, 2, 0, 2, 0, 2, 1, 0, 0, 2, 1, 2, 0, 0, 2, 1, 1, 1, 2, 0, 0, 0, 2, 1, 2, 0, 1, 0, 2, 1, 2, 0, 0, 0, 1, 2, 0, 1, 0, 0, 2, 1, 2, 1, 0, 1, 1, 1, 1, 1, 0, 0, 0, 2, 1, 1, 0, 2, 0, 0, 0, 0, 1, 1, 0, 1, 0, 2, 0, 0, 1, 2, 0, 1, 2, 1, 0, 1, 2, 0, 2, 1, 1, 1, 0, 0, 0, 0, 2, 1, 1, 1, 0, 0, 1, 0, 2, 0, 0, 1, 0, 1, 2, 0, 0, 1, 1, 1, 0, 0, 1, 0, 1, 0, 0, 0, 0, 0, 1, 2, 0, 2, 1, 1, 0, 0, 1, 0, 2, 0, 0, 0, 2, 0, 0, 0, 0, 0, 2, 0, 1, 1, 0, 0, 2, 0, 2, 2, 1, 0, 2, 2, 0, 0, 1, 1, 0, 1, 2, 2, 2, 0, 2, 1, 0, 0, 2, 1, 0, 0, 1, 0, 0, 0, 2, 0, 1, 1, 0, 2, 1, 2, 1, 0, 0, 0, 0, 0, 1, 1, 1, 0, 2, 0, 0, 2, 0, 2, 0, 1, 2, 2, 0, 0, 2, 0, 2, 0, 1, 0, 0, 2, 1, 2, 2, 0, 0, 2, 0, 0, 0, 1, 0, 2, 2, 1, 0, 1, 2, 2, 1, 1, 0, 0, 0, 1, 1, 0, 1, 2, 2, 0, 2, 2, 0, 1, 2, 2, 1, 1, 0, 2, 1, 0, 2, 2, 1, 0, 1, 0, 1, 1, 0, 1, 2, 0, 1, 0, 1, 1, 1, 1, 2, 0, 0, 2, 1, 2, 1, 1, 1, 0, 0, 2, 0, 0, 2, 2, 2, 0, 2, 0, 0, 0, 0, 0, 1, 1, 0, 0, 1, 1, 2, 2, 1, 0, 2, 0, 2, 0, 0, 0, 0, 2, 0, 2, 0, 0, 0, 2, 0, 0, 2, 0, 2, 0, 0, 0, 0, 0, 1, 1, 0, 1, 0, 2, 0, 1, 0, 1, 0, 0, 2, 2, 1, 2, 0, 0, 0, 0, 0, 0, 0, 0, 2, 0, 0, 1, 0, 0, 1, 0, 0, 2, 0, 1, 0, 2, 2, 2, 1, 2, 0, 0, 1, 1, 0, 0, 0, 0, 1, 0, 2, 0, 2, 1, 1, 1, 0, 0, 0, 1, 1, 1, 0, 0, 2, 2, 0, 0, 2, 0, 2, 0, 1, 2, 0, 1, 0, 2, 0, 1, 2, 2, 1, 2, 2, 0, 2, 0, 1, 2, 2, 2, 1, 0, 0, 0, 0, 0, 2, 0, 0, 2, 0, 0, 0, 0, 2, 2, 0, 0, 2, 2, 0, 1, 0, 0, 0, 2, 1, 2, 1, 2, 0, 0, 1, 1, 0, 0, 0, 2, 0, 2, 1, 1, 1, 2, 2, 2, 0, 0, 0, 2, 0, 2, 0, 1, 0, 0, 0, 0, 0, 1, 1, 1, 0, 0, 1, 0, 0, 0, 1, 2, 0, 1, 2, 1, 1, 0, 2, 0, 0, 1, 1, 1, 1, 2, 0, 0, 0, 2, 0, 0, 1, 2, 2, 0, 0, 2, 0, 0, 0, 0, 2, 1, 0, 0, 2, 1, 2, 0, 1, 1, 1, 0, 2, 1, 2, 2, 0, 1, 0, 0, 1, 0, 0, 1, 2, 2, 0, 2, 0, 0, 2, 0, 2, 2, 1, 0, 1, 1, 2, 0, 0, 0, 0, 0, 2, 1, 2, 0, 2, 2, 0, 0, 0, 1, 0, 0, 0, 2, 0, 0, 0, 1, 1, 0, 0, 0, 2, 2, 0, 0, 1, 1, 0, 2, 2, 2, 1, 0, 2, 0, 1, 1, 2, 2, 2, 2, 0, 0, 0, 0, 0, 0, 0, 0, 2, 0, 1, 2, 0, 0, 0, 0, 0, 0, 0, 0, 0, 0, 0, 0, 0, 0, 1, 2, 0, 2, 2, 1, 0, 0, 2, 0, 2, 0, 0, 1, 1, 2, 2, 2, 0, 0, 0, 2, 0, 2, 2, 1, 1, 0, 0, 2, 1, 0, 2, 1, 0, 0, 0, 2, 0, 0, 2, 0, 0, 0, 1, 2, 0, 1, 2, 1, 0, 2, 2, 0, 0, 2, 2, 2, 0, 2, 2, 1, 1, 2, 2, 2, 0, 2, 2, 0, 0, 0, 2, 0, 2, 0, 0, 1, 0, 2, 2, 1, 2, 2, 2, 1, 1, 0, 1, 0, 1, 0, 0, 1, 1, 1, 0, 1, 2, 2, 0, 0, 2, 0, 1, 0, 1, 1, 2, 2, 1, 0, 1, 1, 2, 0, 0, 1, 0, 2, 1, 1, 0, 1, 0, 2, 0, 2, 2, 0, 0, 1, 1, 2, 2, 1, 2, 0, 2, 1, 2, 2, 0, 0, 1, 2, 0, 2, 0, 1, 1, 0, 2, 0, 0, 2, 2, 0, 2, 0, 0, 0, 0, 2, 1, 1, 1, 2, 0, 2, 1, 0, 0, 1, 0, 1, 0, 2, 1, 0, 0, 0, 2, 2, 2, 0, 0, 0, 0, 0, 0, 2, 0, 0, 0, 0, 0, 0, 1, 2, 0, 2, 2, 0, 0, 2, 1, 0, 1, 2, 2, 1, 1, 0, 0, 0, 0, 0, 0, 1, 0, 0, 2, 2, 0, 0, 1, 0, 2, 0, 0, 1, 1, 0, 2, 0, 0, 2, 1, 0, 0, 2, 1, 1, 2, 0, 2, 1, 1, 0, 1, 0, 2, 2, 0, 0, 2, 2, 2, 2, 2, 2, 1, 0, 1, 1, 1, 0, 1, 1, 2, 1, 0, 2, 2, 2, 1, 1, 2, 0, 0, 0, 0, 0, 1, 0, 0, 0, 0, 2, 0, 0, 1, 1, 2, 2, 2, 0, 2, 2, 1, 1, 0, 0, 0, 0, 0, 0, 2, 2, 0, 1, 1, 1, 0, 0, 0, 0, 0, 2, 1, 0, 1, 0, 2, 2, 2, 1, 2, 1, 2, 2, 2, 2, 0, 0, 1, 0, 0, 2, 1, 1, 1, 2, 0, 0, 2, 0, 1, 1, 2, 1, 0, 2, 0, 0, 0, 0, 2, 0, 0, 0, 2, 0, 2, 0, 1, 1, 0, 0, 1, 2, 1, 1, 0, 0, 0, 0, 0, 2, 0, 2, 0, 0, 1, 0, 0, 2, 1, 0, 0, 1, 0, 1, 2, 1, 2, 1, 0, 2, 1, 1, 1, 0, 1, 0, 0, 0, 0, 1, 0, 0, 2, 0, 0, 0, 1, 0, 1, 1, 0, 0, 2, 0, 2, 0, 2, 0, 0]
0.8722856091277144
array([[1275,   16,    3],
       [   6,  600,   58],
       [ 103,  161,  495]])
