epoch: 1
100
124.37174773216248
200
243.74249148368835
300
386.40619254112244
400
522.0694873332977
500
642.2603278160095
600
767.2307357788086
Epoch: 1 | Training Loss: 0.566097 | Train ACC: 0.7499
epoch: 2
100
994.7281346321106
200
1118.2813515663147
300
1243.131004333496
400
1362.965550661087
500
1479.2569098472595
600
1590.7608904838562
Epoch: 2 | Training Loss: 0.406947 | Train ACC: 0.8243
epoch: 3
100
1791.7048494815826
200
1911.3421986103058
300
2034.3885440826416
400
2156.610899209976
500
2283.8463592529297
600
2419.7661249637604
Epoch: 3 | Training Loss: 0.336340 | Train ACC: 0.8605
epoch: 4
100
2636.745241165161
200
2756.1785147190094
300
2880.244463443756
400
3003.5666110515594
500
3127.7651574611664
600
3253.279275894165
Epoch: 4 | Training Loss: 0.282941 | Train ACC: 0.8841
epoch: 5
100
3472.8685591220856
200
3589.3442165851593
300
3708.062335729599
400
3822.900013923645
500
3946.7853903770447
600
4069.8898248672485
Epoch: 5 | Training Loss: 0.258578 | Train ACC: 0.8960
epoch: 6
100
4314.04990696907
200
4448.788094043732
300
4580.845396995544
400
4713.823149681091
500
4857.844283342361
600
4998.916487455368
Epoch: 6 | Training Loss: 0.225348 | Train ACC: 0.9076
epoch: 7
100
5222.148359775543
200
5358.208857297897
300
5477.749594449997
400
5603.150716543198
500
5731.042763233185
600
5854.838103532791
Epoch: 7 | Training Loss: 0.205632 | Train ACC: 0.9179
epoch: 8
100
6059.687803506851
200
6168.1357707977295
300
6287.751458644867
400
6400.078993797302
500
6515.934814691544
600
6630.677755117416
Epoch: 8 | Training Loss: 0.173016 | Train ACC: 0.9314
epoch: 9
100
6840.546501159668
200
6960.802646636963
300
7077.688282728195
400
7197.439816474915
500
7308.41107916832
600
7428.34815120697
Epoch: 9 | Training Loss: 0.163228 | Train ACC: 0.9352
epoch: 10
100
7666.591077804565
200
7808.5433049201965
300
7943.734929323196
400
8064.317857027054
500
8184.045440673828
600
8295.296020269394
Epoch: 10 | Training Loss: 0.146552 | Train ACC: 0.9442
Training complete in 139m 57s
Validation Loss: 1.253468 | Validation ACC: 0.6542
epoch: 1
100
138.9670753479004
200
277.2683255672455
300
409.7983376979828
400
551.1283445358276
500
687.86856508255
600
827.3350484371185
Epoch: 1 | Training Loss: 0.551267 | Train ACC: 0.7601
epoch: 2
100
1063.2152616977692
200
1201.920881986618
300
1338.8138959407806
400
1458.555769443512
500
1572.1948165893555
600
1686.588149547577
Epoch: 2 | Training Loss: 0.401876 | Train ACC: 0.8362
epoch: 3
100
1921.1039831638336
200
2056.422853708267
300
2197.116328239441
400
2317.1649510860443
500
2447.665357351303
600
2559.4572060108185
Epoch: 3 | Training Loss: 0.329320 | Train ACC: 0.8710
epoch: 4
100
2753.1813254356384
200
2871.8951168060303
300
2991.456116437912
400
3105.2252836227417
500
3229.006181716919
600
3350.3262832164764
Epoch: 4 | Training Loss: 0.277432 | Train ACC: 0.8879
epoch: 5
100
3571.166234731674
200
3696.3584208488464
300
3815.9421377182007
400
3954.792546272278
500
4106.667876958847
600
4253.361066579819
Epoch: 5 | Training Loss: 0.250098 | Train ACC: 0.9043
epoch: 6
100
4469.139708518982
200
4588.106834411621
300
4706.339537143707
400
4827.742780923843
500
4939.4642016887665
600
5058.298875331879
Epoch: 6 | Training Loss: 0.231240 | Train ACC: 0.9111
epoch: 7
100
5272.85206413269
200
5387.958790302277
300
5512.697600841522
400
5637.73520731926
500
5754.30845284462
600
5879.246528625488
Epoch: 7 | Training Loss: 0.192347 | Train ACC: 0.9295
epoch: 8
100
6103.203916311264
200
6222.677511930466
300
6335.360517024994
400
6453.470598459244
500
6577.060582399368
600
6704.9124364852905
Epoch: 8 | Training Loss: 0.174688 | Train ACC: 0.9299
epoch: 9
100
6916.401753902435
200
7027.989553928375
300
7145.65038394928
400
7260.487808704376
500
7374.00109910965
600
7493.835898160934
Epoch: 9 | Training Loss: 0.166240 | Train ACC: 0.9358
epoch: 10
100
7708.783023118973
200
7831.644498586655
300
7955.541801452637
400
8075.8640468120575
500
8205.962530851364
600
8331.293226957321
Epoch: 10 | Training Loss: 0.140831 | Train ACC: 0.9448
Training complete in 140m 27s
Validation Loss: 1.284523 | Validation ACC: 0.5340
epoch: 1
100
111.78795146942139
200
221.05880427360535
300
331.2905662059784
400
454.59161734580994
500
581.2863118648529
600
696.987518787384
Epoch: 1 | Training Loss: 0.547316 | Train ACC: 0.7615
epoch: 2
100
898.5468366146088
200
1016.9030609130859
300
1129.1127333641052
400
1243.2321472167969
500
1366.5455403327942
600
1496.191015958786
Epoch: 2 | Training Loss: 0.410664 | Train ACC: 0.8258
epoch: 3
100
1727.1879687309265
200
1851.4382719993591
300
1974.4700570106506
400
2102.279844045639
500
2224.8624942302704
600
2343.0013811588287
Epoch: 3 | Training Loss: 0.330987 | Train ACC: 0.8602
epoch: 4
100
2559.3692042827606
200
2682.8206536769867
300
2810.845433950424
400
2949.6974680423737
500
3105.8131284713745
600
3247.8573434352875
Epoch: 4 | Training Loss: 0.285109 | Train ACC: 0.8791
epoch: 5
100
3486.8347799777985
200
3614.301636695862
300
3745.89599776268
400
3877.92303442955
500
4015.4028697013855
600
4170.003186225891
Epoch: 5 | Training Loss: 0.248493 | Train ACC: 0.8997
epoch: 6
100
4443.91198182106
200
4591.689539432526
300
4722.279021263123
400
4864.902433156967
500
5023.343073606491
600
5169.950334310532
Epoch: 6 | Training Loss: 0.215062 | Train ACC: 0.9185
epoch: 7
100
5417.009607553482
200
5572.104597091675
300
5724.108427762985
400
5877.109367609024
500
6048.783581018448
600
6220.446953296661
Epoch: 7 | Training Loss: 0.187633 | Train ACC: 0.9286
epoch: 8
100
6465.79719877243
200
6601.991403341293
300
6767.6878221035
400
6926.441068649292
500
7060.672808408737
600
7218.32041144371
Epoch: 8 | Training Loss: 0.180237 | Train ACC: 0.9275
epoch: 9
100
7490.685699462891
200
7605.599495887756
300
7765.909185886383
400
7916.001175165176
500
8044.067974328995
600
8160.755759477615
Epoch: 9 | Training Loss: 0.163722 | Train ACC: 0.9317
epoch: 10
100
8389.095118761063
200
8514.829446315765
300
8662.8265542984
400
8793.886600255966
500
8957.378252744675
600
9106.517124414444
Epoch: 10 | Training Loss: 0.156610 | Train ACC: 0.9391
Training complete in 153m 56s
Validation Loss: 4.638942 | Validation ACC: 0.5219
kfold preds 0: [2, 2, 0, 0, 2, 0, 2, 1, 2, 0, 0, 0, 0, 2, 0, 1, 2, 2, 2, 2, 2, 0, 2, 2, 2, 2, 1, 0, 0, 2, 0, 2, 1, 0, 0, 0, 2, 2, 2, 2, 2, 0, 2, 2, 0, 2, 2, 1, 0, 2, 2, 2, 0, 0, 2, 0, 0, 2, 2, 1, 2, 2, 2, 0, 0, 2, 2, 0, 2, 2, 0, 2, 2, 0, 0, 0, 2, 2, 2, 0, 0, 0, 2, 0, 0, 0, 2, 0, 0, 2, 2, 2, 2, 2, 0, 0, 0, 2, 0, 2, 2, 0, 0, 2, 2, 0, 0, 2, 2, 1, 0, 0, 2, 2, 2, 2, 2, 2, 2, 2, 0, 0, 0, 0, 2, 0, 2, 1, 0, 2, 2, 2, 2, 2, 2, 0, 0, 1, 0, 0, 2, 0, 2, 2, 0, 2, 2, 2, 0, 2, 0, 2, 0, 0, 2, 0, 2, 0, 2, 2, 2, 0, 2, 0, 2, 0, 0, 2, 0, 0, 2, 2, 0, 0, 2, 2, 0, 2, 2, 0, 2, 1, 0, 2, 0, 2, 2, 0, 2, 0, 2, 2, 0, 0, 2, 2, 2, 0, 0, 2, 0, 2, 2, 2, 0, 2, 1, 2, 0, 0, 2, 0, 2, 0, 2, 2, 0, 2, 0, 2, 2, 2, 2, 2, 2, 2, 0, 2, 2, 2, 0, 1, 0, 0, 2, 2, 0, 2, 2, 0, 0, 2, 2, 2, 0, 0, 2, 2, 2, 0, 0, 0, 0, 2, 2, 2, 2, 0, 2, 0, 2, 2, 0, 2, 1, 1, 0, 0, 2, 0, 2, 2, 2, 0, 2, 2, 0, 0, 2, 2, 2, 2, 1, 2, 0, 2, 0, 2, 2, 2, 2, 2, 2, 0, 2, 0, 0, 0, 2, 2, 2, 0, 0, 2, 2, 0, 0, 2, 0, 0, 0, 2, 0, 0, 2, 0, 2, 2, 0, 0, 0, 0, 0, 2, 0, 0, 0, 2, 2, 2, 2, 0, 2, 2, 2, 0, 2, 2, 2, 2, 2, 0, 2, 2, 0, 2, 0, 2, 0, 0, 0, 2, 0, 2, 2, 0, 0, 2, 2, 2, 1, 2, 0, 2, 2, 2, 0, 1, 0, 2, 2, 1, 0, 0, 2, 0, 2, 2, 0, 0, 2, 0, 1, 0, 2, 0, 2, 2, 0, 2, 0, 0, 0, 2, 0, 1, 2, 0, 0, 0, 2, 2, 0, 2, 2, 2, 0, 0, 2, 0, 0, 0, 0, 0, 0, 2, 0, 1, 0, 2, 2, 0, 2, 2, 2, 2, 2, 2, 0, 2, 0, 2, 1, 0, 2, 0, 2, 2, 0, 0, 2, 0, 2, 0, 2, 0, 2, 2, 2, 0, 2, 2, 1, 2, 1, 2, 2, 2, 2, 0, 2, 0, 0, 0, 2, 0, 0, 2, 2, 2, 2, 2, 0, 2, 2, 2, 0, 2, 1, 0, 0, 2, 0, 2, 0, 2, 1, 2, 2, 0, 0, 2, 1, 0, 0, 2, 2, 2, 2, 2, 2, 0, 2, 0, 0, 2, 2, 2, 2, 2, 2, 2, 2, 2, 0, 2, 2, 2, 0, 2, 2, 2, 2, 0, 2, 2, 2, 0, 0, 2, 2, 0, 2, 0, 2, 2, 2, 2, 2, 2, 0, 2, 2, 2, 1, 2, 2, 0, 2, 2, 2, 0, 2, 2, 2, 2, 0, 2, 2, 1, 0, 2, 2, 0, 2, 2, 0, 0, 2, 2, 0, 2, 0, 2, 2, 2, 2, 2, 2, 2, 0, 1, 1, 0, 1, 2, 0, 2, 2, 2, 2, 2, 0, 2, 2, 0, 0, 0, 0, 0, 0, 0, 1, 2, 0, 2, 2, 2, 0, 0, 2, 0, 2, 0, 2, 2, 2, 2, 0, 0, 0, 2, 2, 0, 2, 0, 2, 0, 2, 0, 0, 2, 2, 1, 0, 2, 2, 0, 2, 2, 2, 2, 0, 2, 2, 0, 2, 2, 2, 1, 0, 0, 0, 0, 2, 0, 2, 2, 2, 2, 2, 2, 0, 2, 0, 2, 0, 0, 0, 2, 2, 1, 0, 0, 0, 2, 2, 0, 2, 2, 2, 2, 2, 0, 2, 0, 0, 2, 0, 0, 0, 2, 0, 2, 0, 0, 2, 2, 2, 0, 2, 0, 0, 2, 2, 2, 2, 0, 0, 0, 2, 1, 0, 0, 2, 0, 0, 2, 2, 2, 0, 0, 2, 2, 0, 2, 2, 2, 2, 0, 0, 0, 2, 0, 0, 2, 2, 2, 0, 2, 2, 1, 1, 2, 1, 2, 0, 2, 0, 1, 2, 2, 0, 2, 2, 2, 0, 0, 2, 0, 2, 2, 2, 2, 0, 2, 2, 2, 0, 2, 0, 0, 2, 2, 1, 0, 2, 2, 1, 2, 0, 2, 0, 2, 0, 2, 0, 0, 0, 2, 0, 2, 0, 2, 0, 2, 2, 2, 0, 2, 2, 0, 2, 2, 2, 2, 0, 0, 2, 1, 2, 2, 2, 2, 2, 2, 2, 2, 0, 0, 2, 2, 0, 2, 0, 2, 2, 0, 2, 2, 2, 2, 2, 0, 2, 2, 0, 0, 2, 0, 0, 2, 0, 2, 0, 0, 2, 2, 0, 2, 2, 2, 2, 2, 0, 0, 0, 2, 2, 0, 0, 2, 1, 2, 2, 2, 2, 2, 1, 0, 0, 0, 2, 0, 2, 0, 0, 2, 0, 2, 0, 2, 0, 0, 2, 0, 0, 2, 2, 0, 0, 0, 1, 2, 2, 0, 2, 2, 0, 0, 0, 2, 0, 2, 0, 2, 2, 2, 2, 0, 2, 2, 0, 2, 0, 0, 2, 0, 0, 0, 2, 0, 2, 0, 0, 0, 2, 2, 2, 0, 2, 0, 2, 2, 2, 0, 0, 2, 0, 0, 2, 0, 2, 2, 2, 0, 0, 0, 0, 2, 2, 2, 0, 2, 2, 2, 0, 2, 0, 0, 2, 2, 0, 1, 0, 2, 0, 2, 0, 2, 2, 2, 2, 2, 0, 2, 0, 0, 0, 2, 0, 0, 0, 0, 2, 0, 2, 0, 2, 2, 0, 1, 2, 0, 0, 2, 0, 2, 2, 0, 0, 2, 2, 0, 2, 2, 2, 2, 2, 0, 0, 0, 2, 0, 2, 2, 2, 2, 2, 2, 2, 2, 2, 0, 2, 2, 2, 2, 0, 0, 1, 2, 2, 0, 2, 0, 1, 0, 2, 2, 0, 2, 0, 2, 2, 0, 0, 0, 2, 0, 0, 1, 0, 0, 2, 0, 0, 0, 0, 2, 0, 0, 2, 0, 2, 1, 2, 1, 2, 0, 0, 2, 2, 2, 1, 2, 2, 2, 2, 0, 0, 2, 0, 2, 0, 0, 2, 2, 0, 0, 2, 0, 0, 0, 2, 2, 0, 0, 0, 0, 0, 2, 2, 2, 2, 2, 1, 0, 1, 2, 0, 2, 2, 2, 2, 0, 0, 0, 2, 2, 2, 2, 1, 0, 0, 2, 0, 0, 2, 2, 0, 2, 2, 2, 1, 0, 0, 0, 2, 0, 1, 2, 2, 2, 0, 2, 2, 0, 2, 2, 2, 0, 0, 1, 2, 2, 2, 0, 2, 0, 2, 0, 0, 1, 2, 1, 0, 2, 1, 2, 2, 2, 0, 0, 2, 0, 2, 2, 2, 2, 2, 2, 0, 2, 2, 2, 2, 2, 0, 1, 2, 2, 0, 2, 2, 0, 0, 0, 2, 0, 2, 2, 2, 2, 2, 1, 2, 0, 2, 2, 0, 2, 0, 0, 2, 2, 2, 2, 0, 2, 2, 2, 2, 2, 2, 2, 0, 2, 0, 0, 2, 2, 2, 0, 1, 2, 2, 0, 2, 2, 2, 0, 2, 2, 0, 0, 2, 2, 0, 2, 2, 0, 2, 2, 2, 0, 0, 2, 0, 0, 0, 2, 2, 2, 1, 1, 0, 2, 0, 2, 0, 0, 2, 0, 2, 0, 2, 2, 2, 2, 2, 0, 0, 2, 2, 2, 2, 0, 0, 2, 0, 2, 2, 0, 2, 2, 2, 0, 2, 0, 2, 2, 2, 0, 0, 2, 2, 2, 2, 2, 0, 2, 2, 2, 2, 0, 0, 2, 1, 0, 0, 0, 2, 0, 2, 0, 2, 0, 2, 2, 0, 2, 0, 2, 0, 2, 2, 0, 2, 2, 2, 2, 0, 2, 2, 2, 2, 2, 2, 2, 2, 0, 2, 2, 0, 0, 2, 2, 2, 2, 0, 2, 0, 0, 2, 1, 0, 2, 2, 2, 0, 2, 2, 2, 2, 0, 2, 2, 0, 2, 2, 2, 2, 1, 2, 2, 2, 2, 2, 2, 0, 0, 2, 2, 2, 0, 2, 0, 2, 0, 2, 0, 2, 2, 0, 2, 0, 0, 0, 0, 0, 2, 0, 0, 2, 2, 0, 2, 0, 0, 2, 0, 2, 2, 0, 2, 0, 0, 2, 0, 0, 2, 2, 0, 1, 2, 2, 2, 0, 2, 0, 0, 2, 2, 0, 2, 2, 2, 2, 2, 2, 0, 0, 2, 0, 0, 1, 0, 2, 0, 0, 0, 0, 2, 2, 2, 2, 0, 2, 0, 0, 2, 2, 0, 1, 0, 2, 2, 0, 2, 0, 2, 2, 1, 0, 2, 2, 0, 2, 0, 2, 2, 2, 0, 1, 2, 0, 2, 0, 0, 2, 0, 2, 2, 0, 2, 0, 0, 2, 0, 2, 2, 0, 0, 0, 2, 2, 2, 2, 0, 0, 2, 0, 2, 0, 0, 0, 2, 0, 0, 2, 2, 0, 0, 2, 0, 0, 0, 0, 0, 2, 2, 0, 1, 0, 2, 1, 2, 2, 2, 0, 2, 2, 0, 0, 2, 2, 2, 0, 0, 2, 0, 0, 2, 2, 2, 0, 0, 0, 2, 2, 2, 2, 2, 0, 2, 2, 2, 0, 0, 2, 1, 0, 2, 2, 1, 0, 0, 2, 2, 0, 0, 1, 2, 2, 2, 2, 0, 0, 0, 0, 2, 2, 1, 0, 2, 2, 2, 2, 0, 2, 2, 2, 2, 0, 0, 0, 2, 0, 2, 2, 2, 2, 2, 0, 2, 2, 1, 0, 0, 2, 0, 2, 2, 2, 1, 2, 2, 0, 2, 2, 2, 2, 1, 2, 2, 2, 0, 2, 2, 2, 2, 0, 2, 0, 2, 2, 2, 1, 0, 0, 2, 2, 2, 0, 0, 0, 2, 2, 1, 2, 0, 2, 0, 2, 2, 2, 0, 0, 0, 2, 1, 2, 2, 0, 0, 2, 2, 0, 0, 0, 0, 2, 2, 2, 2, 0, 2, 0, 2, 2, 2, 0, 2, 0, 2, 0, 2, 0, 2, 2, 2, 2, 0, 2, 2, 1, 2, 2, 2, 0, 2, 2, 2, 2, 1, 2, 0, 0, 0, 2, 0, 0, 2, 2, 2, 0, 0, 0, 2, 0, 2, 2, 2, 0, 0, 2, 2, 2, 0, 0, 1, 0, 2, 2, 0, 0, 2, 2, 2, 0, 0, 1, 0, 2, 0, 0, 0, 0, 0, 2, 0, 0, 2, 2, 0, 0, 0, 2, 0, 2, 2, 0, 0, 2, 0, 0, 0, 0, 2, 0, 0, 2, 2, 0, 0, 2, 0, 2, 2, 0, 2, 2, 1, 0, 0, 2, 2, 0, 2, 0, 2, 2, 0, 2, 0, 2, 2, 2, 2, 2, 0, 2, 0, 0, 2, 2, 0, 2, 2, 0, 2, 2, 2, 2, 2, 0, 2, 2, 2, 2, 2, 2, 0, 2, 2, 2, 2, 0, 0, 2, 0, 0, 0, 0, 2, 1, 2, 1, 0, 1, 0, 2, 2, 2, 2, 2, 0, 2, 2, 2, 2, 0, 2, 0, 2, 2, 2, 2, 0, 2, 2, 2, 2, 0, 2, 0, 2, 2, 0, 1, 2, 0, 2, 2, 0, 0, 2, 2, 2, 2, 2, 2, 2, 2, 0, 0, 2, 2, 2, 2, 2, 2, 2, 2, 2, 2, 2, 2, 0, 2, 2, 2, 0, 2, 0, 2, 2, 0, 2, 2, 2, 0, 0, 1, 2, 2, 2, 2, 1, 0, 2, 2, 2, 0, 2, 0, 2, 2, 0, 0, 0, 0, 1, 2, 2, 2, 2, 2, 0, 2, 2, 2, 0, 2, 2, 0, 2, 0, 0, 0, 0, 0, 0, 2, 0, 2, 0, 2, 2, 0, 0, 2, 0, 0, 2, 0, 2, 0, 0, 0, 2, 2, 0, 0, 2, 2, 2, 0, 0, 2, 0, 0, 0, 0, 0, 2, 2, 2, 2, 0, 0, 0, 0, 0, 1, 0, 2, 0, 2, 2, 2, 0, 2, 0, 1, 2, 0, 0, 0, 2, 2, 2, 2, 2, 2, 2, 2, 1, 2, 0, 2, 2, 2, 0, 2, 2, 2, 2, 1, 2, 0, 0, 0, 2, 0, 0, 2, 2, 2, 0, 0, 0, 2, 2, 0, 2, 2, 2, 1, 2, 0, 2, 2, 2, 2, 1, 2, 0, 1, 0, 0, 2, 2, 0, 1, 0, 0, 0, 0, 2, 1, 0, 0, 2, 2, 0, 2, 2, 1, 0, 2, 2, 2, 2, 2, 0, 0, 0, 2, 1, 2, 2, 2, 0, 2, 1, 2, 0, 0, 2, 2, 0, 0, 1, 2, 0, 2, 0, 2, 2, 0, 0, 1, 1, 2, 2, 2, 2, 2, 2, 2, 0, 0, 0, 2, 0, 2, 0, 2, 2, 0, 2, 0, 0, 2, 2, 2, 2, 2, 0, 0, 0, 2, 2, 1, 2, 2, 2, 2, 0, 0, 0, 2, 0, 2, 2, 0, 2, 0, 0, 0, 2, 2, 2, 2, 2, 2, 2, 2, 2, 1, 2, 2, 0, 0, 2, 0, 2, 2, 0, 2, 0, 2, 0, 0, 2, 0, 0, 0, 2, 0, 2, 2, 0, 2, 2, 0, 2, 0, 0, 2, 2, 2, 2, 0, 2, 2, 0, 2, 0, 0, 1, 0, 1, 0, 0, 1, 2, 0, 0, 0, 1, 2, 0, 0, 0, 2, 2, 0, 2, 2, 2, 0, 2, 2, 2, 2, 2, 2, 2, 2, 2, 0, 0, 0, 2, 0, 0, 0, 2, 2, 2, 2, 0, 0, 2, 2, 2, 0, 0, 2, 0, 1, 2, 0, 0, 2, 0, 2, 2, 2, 0, 2, 0, 0, 2, 2, 2, 0, 2, 2, 2, 2, 2, 2, 0, 2, 2, 0, 2, 0, 2, 2, 0, 2, 0, 0, 2, 2, 0, 2, 2, 0, 0, 2, 2, 0, 0, 2, 2, 0, 0, 1, 2, 2, 2, 2, 2, 0, 0, 2, 0, 2, 2, 1, 0, 2, 2, 2, 2, 0, 2, 0, 0, 0, 2, 2, 0, 0, 0, 2, 0, 2, 0, 0, 2, 0, 2, 2, 0, 2, 1, 2, 0, 2, 0, 2, 2, 2, 0, 0, 2, 0, 2, 0, 2, 2, 2, 0, 0, 2, 0, 1, 0, 2, 1, 2, 0, 2, 0, 2, 2, 2, 0, 2, 0, 1, 2, 2, 2, 2, 0, 2, 1, 0, 2, 2, 2, 0, 2, 2, 2, 2, 2, 2, 0, 2, 1, 2, 2, 0, 2, 2, 0, 0, 2, 0, 1, 2, 0, 2, 0, 1, 2, 2, 2, 2, 2, 0, 2, 0, 0, 2, 0, 2, 2, 0, 0, 2, 2, 2, 2, 0, 2, 0, 2, 2, 2, 0, 0, 2, 2, 2, 0, 0, 2, 2, 0, 0, 2, 2, 0, 0, 0, 0, 0, 2, 2, 1, 2, 2, 0, 0, 2, 2, 0, 2, 2, 2, 2, 2, 2, 0, 0, 0, 0, 0, 0, 0, 0, 2, 2, 2, 2, 2, 0, 0, 2, 0, 0, 2, 0, 2, 2, 2, 2, 2, 2, 0, 0, 2, 2, 2, 0, 2, 0, 2, 0, 2, 0, 2, 2, 2, 2, 0, 2, 2, 2, 0, 2, 2, 0, 2, 2, 0, 0, 2, 0, 2, 2, 2, 2, 0, 2, 2, 2, 2, 2, 0, 2, 0, 0, 2, 0, 2, 0, 0, 2, 2, 0, 0, 2, 2, 2, 2, 2, 1, 2, 2, 2, 1, 0, 0, 0, 2, 0, 2, 2, 0, 2, 2, 2, 0, 0, 0, 0, 0, 2, 1, 0, 2, 0, 2, 2, 2, 2, 2, 2, 0, 1, 2, 2, 2, 0, 2, 0, 0, 2, 0, 2, 2, 2, 0, 2, 2, 0, 2, 2, 0, 2, 2, 1, 0, 0, 0, 2, 2, 2, 0, 0, 2, 2, 0, 0, 2, 2, 2, 2, 0, 2, 2, 2, 0, 2, 0, 0, 0, 2, 0, 0, 2, 2, 2, 0, 0, 2, 2, 0, 0, 2, 2, 2, 2, 0, 2, 2, 2, 2, 2, 2, 0, 0, 1, 0, 2, 2, 0, 0, 2, 0, 2, 0, 2, 2, 0, 2, 2, 0, 0, 2, 2, 2, 2, 0, 0, 0, 0]
kfold targets 0: [1, 2, 0, 0, 2, 0, 1, 1, 1, 0, 0, 0, 0, 2, 0, 1, 2, 1, 1, 2, 1, 0, 2, 2, 1, 0, 2, 0, 0, 0, 0, 2, 2, 0, 0, 0, 0, 1, 1, 0, 2, 0, 1, 2, 0, 1, 1, 1, 0, 0, 2, 1, 0, 0, 2, 0, 0, 1, 0, 0, 1, 1, 2, 0, 0, 0, 1, 0, 0, 0, 0, 1, 1, 0, 0, 0, 2, 1, 1, 0, 0, 0, 2, 0, 0, 0, 1, 0, 0, 0, 1, 1, 2, 1, 0, 0, 0, 0, 0, 1, 0, 0, 0, 1, 1, 0, 0, 2, 2, 0, 0, 0, 2, 0, 2, 2, 2, 0, 2, 2, 0, 0, 0, 0, 1, 0, 1, 0, 0, 2, 2, 2, 1, 2, 2, 0, 0, 1, 0, 0, 1, 0, 1, 2, 0, 2, 2, 1, 0, 2, 1, 2, 0, 0, 1, 0, 1, 0, 1, 1, 2, 0, 2, 0, 1, 0, 0, 1, 0, 1, 2, 0, 0, 0, 2, 1, 0, 2, 2, 0, 1, 1, 0, 1, 0, 1, 2, 0, 2, 0, 2, 1, 0, 0, 2, 2, 2, 0, 0, 1, 0, 2, 2, 2, 0, 2, 2, 2, 0, 0, 2, 0, 0, 0, 0, 2, 0, 2, 0, 2, 1, 2, 0, 2, 2, 2, 0, 0, 1, 0, 0, 2, 0, 0, 2, 1, 0, 2, 1, 0, 0, 1, 2, 2, 0, 0, 1, 0, 1, 0, 0, 0, 0, 2, 1, 2, 1, 0, 2, 0, 0, 1, 0, 2, 0, 1, 0, 0, 2, 0, 2, 2, 1, 0, 0, 1, 0, 0, 0, 2, 1, 0, 1, 2, 0, 2, 0, 1, 1, 0, 1, 2, 1, 0, 0, 0, 0, 0, 2, 2, 0, 2, 0, 2, 2, 0, 0, 0, 0, 0, 0, 1, 0, 0, 2, 0, 0, 2, 0, 0, 0, 0, 0, 0, 0, 0, 0, 1, 1, 0, 1, 0, 0, 2, 1, 0, 2, 2, 0, 0, 1, 0, 1, 1, 0, 2, 0, 2, 0, 0, 0, 1, 0, 1, 0, 0, 0, 1, 2, 1, 1, 2, 0, 1, 0, 2, 0, 1, 0, 2, 1, 2, 0, 2, 2, 0, 1, 0, 0, 0, 2, 0, 2, 0, 0, 0, 1, 2, 1, 0, 0, 0, 1, 2, 0, 0, 0, 0, 0, 0, 1, 1, 0, 1, 2, 2, 0, 0, 2, 0, 1, 0, 0, 0, 1, 1, 0, 1, 0, 2, 2, 0, 2, 0, 1, 2, 2, 1, 0, 2, 0, 2, 1, 0, 2, 0, 0, 2, 0, 0, 2, 0, 1, 0, 1, 0, 2, 1, 1, 0, 1, 2, 0, 1, 1, 2, 2, 2, 2, 0, 0, 0, 0, 2, 0, 0, 0, 2, 1, 1, 1, 2, 0, 0, 0, 1, 0, 0, 1, 0, 0, 1, 0, 1, 0, 1, 1, 0, 2, 0, 0, 1, 0, 0, 0, 2, 2, 0, 1, 2, 2, 0, 2, 0, 0, 2, 2, 1, 1, 2, 2, 1, 2, 1, 0, 1, 2, 2, 0, 2, 2, 1, 2, 0, 2, 2, 2, 0, 0, 2, 2, 0, 1, 0, 0, 2, 1, 2, 1, 2, 0, 1, 1, 1, 1, 1, 1, 0, 1, 2, 1, 0, 1, 2, 2, 0, 0, 2, 2, 1, 0, 2, 1, 0, 2, 1, 0, 0, 2, 1, 0, 0, 0, 0, 2, 2, 2, 2, 1, 1, 1, 1, 0, 0, 2, 0, 0, 1, 2, 1, 1, 1, 0, 2, 2, 0, 0, 0, 0, 0, 0, 0, 1, 1, 0, 1, 0, 1, 1, 0, 2, 0, 2, 0, 0, 2, 2, 2, 0, 0, 0, 1, 2, 0, 2, 0, 1, 0, 2, 0, 0, 1, 1, 2, 0, 1, 1, 0, 0, 2, 1, 2, 0, 2, 2, 2, 1, 0, 2, 2, 0, 0, 0, 1, 2, 0, 2, 0, 0, 0, 2, 1, 0, 2, 0, 1, 0, 0, 0, 2, 2, 1, 0, 0, 0, 2, 1, 0, 2, 2, 1, 2, 1, 0, 2, 0, 0, 2, 0, 0, 0, 0, 0, 2, 0, 0, 2, 2, 2, 0, 2, 0, 0, 1, 1, 0, 2, 0, 0, 0, 0, 0, 0, 0, 2, 0, 0, 2, 1, 0, 0, 0, 2, 1, 0, 2, 2, 0, 1, 0, 0, 0, 1, 0, 1, 1, 2, 1, 0, 2, 2, 1, 1, 1, 1, 1, 0, 2, 0, 1, 2, 2, 0, 1, 0, 2, 0, 0, 0, 0, 2, 2, 0, 0, 0, 2, 1, 2, 0, 0, 0, 0, 2, 1, 1, 0, 1, 2, 1, 0, 0, 1, 0, 1, 0, 2, 0, 0, 0, 1, 0, 2, 0, 2, 0, 2, 1, 2, 0, 2, 2, 0, 0, 1, 2, 1, 0, 0, 2, 1, 1, 2, 2, 2, 0, 2, 1, 2, 0, 0, 2, 2, 0, 1, 0, 2, 1, 0, 2, 1, 1, 1, 1, 0, 1, 2, 0, 0, 1, 0, 0, 1, 2, 1, 0, 0, 0, 1, 0, 2, 2, 2, 2, 2, 0, 0, 0, 0, 2, 0, 0, 1, 1, 2, 1, 2, 1, 2, 0, 2, 0, 0, 1, 0, 2, 0, 0, 0, 0, 2, 0, 0, 0, 0, 1, 0, 0, 2, 1, 0, 0, 0, 1, 1, 2, 0, 2, 1, 0, 0, 0, 0, 0, 2, 1, 2, 2, 0, 2, 0, 2, 1, 0, 2, 0, 0, 2, 0, 1, 0, 2, 0, 2, 0, 0, 0, 2, 2, 1, 0, 2, 0, 2, 1, 0, 0, 0, 2, 0, 0, 0, 0, 2, 2, 0, 0, 0, 0, 0, 2, 2, 1, 0, 0, 2, 0, 0, 1, 0, 0, 0, 0, 0, 0, 0, 2, 0, 2, 0, 1, 0, 1, 1, 2, 2, 2, 0, 0, 0, 1, 0, 0, 1, 0, 2, 0, 0, 0, 0, 2, 0, 1, 2, 0, 0, 2, 0, 2, 2, 0, 0, 1, 1, 0, 2, 0, 1, 2, 2, 0, 0, 0, 1, 0, 1, 2, 0, 2, 1, 2, 2, 2, 2, 0, 2, 2, 2, 0, 0, 0, 1, 1, 2, 0, 2, 0, 0, 0, 2, 1, 0, 0, 2, 0, 1, 0, 0, 0, 2, 0, 0, 1, 0, 0, 1, 0, 0, 0, 0, 2, 0, 0, 1, 0, 1, 0, 2, 1, 2, 0, 0, 1, 2, 0, 1, 0, 1, 2, 0, 0, 0, 2, 0, 1, 0, 0, 0, 2, 0, 0, 2, 0, 0, 0, 1, 1, 0, 0, 1, 0, 0, 0, 0, 1, 2, 2, 1, 0, 0, 1, 0, 2, 0, 1, 1, 0, 0, 0, 2, 1, 2, 1, 2, 0, 0, 1, 0, 0, 2, 1, 0, 1, 1, 1, 1, 0, 0, 0, 1, 0, 1, 2, 2, 1, 0, 1, 2, 0, 2, 2, 2, 0, 0, 0, 2, 2, 2, 0, 1, 0, 1, 0, 0, 0, 1, 0, 0, 0, 0, 1, 2, 0, 0, 0, 2, 0, 2, 1, 2, 2, 1, 1, 0, 1, 1, 2, 0, 2, 0, 1, 2, 0, 0, 1, 1, 0, 0, 0, 1, 0, 2, 2, 0, 2, 1, 1, 2, 0, 0, 0, 0, 1, 0, 2, 2, 0, 1, 2, 0, 1, 0, 2, 1, 1, 1, 2, 0, 2, 0, 0, 2, 1, 2, 2, 0, 2, 1, 0, 2, 2, 0, 0, 1, 0, 0, 0, 2, 2, 0, 2, 2, 0, 1, 1, 0, 0, 0, 1, 0, 0, 2, 2, 2, 1, 1, 1, 0, 2, 0, 2, 2, 1, 0, 0, 2, 0, 1, 0, 0, 1, 1, 0, 0, 0, 0, 0, 1, 1, 0, 2, 0, 1, 2, 0, 2, 2, 2, 0, 1, 0, 2, 2, 0, 0, 0, 2, 2, 2, 2, 2, 0, 1, 1, 2, 2, 0, 0, 1, 1, 0, 0, 0, 2, 0, 2, 0, 1, 0, 1, 2, 0, 2, 0, 1, 0, 1, 1, 0, 0, 1, 1, 2, 0, 2, 0, 1, 1, 2, 2, 2, 2, 0, 2, 2, 0, 0, 0, 2, 2, 2, 0, 2, 0, 0, 2, 0, 0, 1, 2, 1, 0, 2, 1, 2, 1, 0, 0, 0, 0, 2, 0, 1, 2, 0, 1, 1, 0, 1, 1, 2, 0, 0, 1, 2, 1, 0, 1, 0, 1, 2, 2, 0, 1, 1, 0, 2, 0, 0, 0, 0, 0, 2, 0, 0, 2, 1, 0, 1, 0, 0, 2, 0, 2, 1, 0, 2, 0, 0, 1, 0, 0, 1, 2, 0, 1, 2, 0, 0, 0, 2, 0, 0, 1, 1, 0, 2, 1, 2, 2, 1, 2, 0, 0, 2, 0, 0, 1, 0, 1, 0, 0, 0, 0, 0, 2, 1, 2, 0, 2, 0, 0, 1, 1, 0, 0, 0, 2, 2, 0, 2, 0, 2, 0, 1, 0, 2, 0, 0, 2, 0, 1, 1, 1, 0, 0, 1, 0, 0, 0, 0, 2, 0, 2, 2, 0, 1, 0, 0, 2, 0, 2, 1, 0, 0, 0, 2, 2, 2, 1, 0, 0, 2, 0, 2, 0, 0, 2, 2, 1, 0, 1, 2, 2, 0, 2, 0, 0, 0, 0, 0, 2, 2, 0, 0, 0, 2, 1, 1, 1, 2, 0, 1, 2, 0, 0, 2, 1, 2, 0, 0, 2, 0, 0, 0, 2, 2, 0, 0, 0, 0, 2, 0, 2, 1, 0, 1, 2, 1, 0, 0, 0, 1, 0, 2, 2, 2, 0, 0, 2, 2, 0, 0, 1, 1, 1, 1, 1, 0, 0, 0, 0, 0, 2, 0, 0, 1, 1, 2, 0, 0, 0, 2, 0, 2, 0, 0, 0, 2, 0, 0, 1, 2, 1, 2, 0, 1, 1, 1, 0, 0, 0, 0, 1, 2, 2, 1, 1, 0, 0, 0, 2, 0, 1, 1, 2, 2, 1, 0, 1, 1, 2, 1, 0, 2, 0, 2, 0, 1, 1, 0, 0, 1, 1, 2, 0, 0, 0, 1, 1, 1, 1, 0, 1, 0, 2, 1, 2, 0, 0, 0, 1, 1, 0, 2, 0, 0, 2, 2, 0, 0, 0, 0, 2, 1, 2, 1, 2, 0, 0, 1, 0, 1, 0, 2, 0, 2, 0, 1, 0, 1, 0, 2, 2, 0, 0, 1, 1, 1, 1, 2, 0, 0, 1, 2, 0, 1, 2, 0, 0, 0, 2, 0, 0, 1, 1, 0, 0, 0, 0, 0, 0, 1, 1, 2, 0, 0, 1, 2, 1, 0, 0, 0, 0, 2, 1, 0, 0, 2, 0, 1, 0, 0, 1, 0, 1, 0, 0, 0, 0, 0, 1, 0, 0, 2, 1, 1, 0, 0, 0, 0, 2, 2, 0, 0, 0, 0, 0, 0, 0, 0, 0, 0, 1, 1, 0, 0, 1, 0, 2, 0, 0, 0, 1, 1, 0, 0, 1, 1, 0, 1, 0, 2, 2, 0, 2, 0, 0, 0, 2, 0, 2, 0, 1, 0, 0, 0, 2, 0, 1, 1, 0, 2, 2, 2, 1, 1, 0, 0, 2, 1, 1, 1, 1, 0, 1, 1, 0, 2, 0, 0, 0, 0, 0, 0, 0, 0, 2, 0, 2, 0, 1, 0, 0, 2, 1, 2, 2, 0, 1, 2, 0, 2, 0, 2, 0, 2, 1, 1, 0, 0, 2, 2, 1, 1, 0, 0, 0, 2, 2, 0, 1, 2, 0, 2, 2, 0, 0, 2, 1, 1, 1, 1, 0, 2, 2, 0, 0, 2, 1, 2, 1, 0, 2, 1, 2, 1, 2, 1, 2, 0, 1, 1, 1, 0, 1, 0, 1, 2, 2, 2, 1, 2, 2, 0, 0, 1, 2, 0, 1, 1, 0, 0, 1, 2, 0, 0, 0, 1, 1, 0, 0, 0, 2, 1, 2, 1, 2, 1, 2, 0, 2, 2, 2, 0, 0, 2, 0, 1, 0, 0, 0, 1, 0, 0, 1, 0, 1, 0, 1, 1, 0, 0, 1, 0, 0, 1, 0, 2, 0, 0, 0, 1, 2, 0, 0, 2, 1, 1, 0, 0, 2, 0, 0, 0, 0, 0, 1, 2, 0, 1, 0, 0, 0, 0, 0, 1, 0, 1, 0, 2, 1, 2, 0, 0, 0, 0, 2, 0, 0, 0, 1, 0, 1, 2, 2, 1, 2, 1, 1, 1, 0, 1, 1, 1, 0, 1, 0, 2, 2, 2, 2, 0, 0, 2, 2, 0, 0, 2, 0, 1, 2, 0, 0, 1, 1, 0, 1, 2, 0, 0, 2, 0, 2, 1, 2, 0, 2, 0, 0, 1, 0, 0, 2, 0, 0, 0, 0, 0, 0, 0, 1, 1, 0, 0, 1, 2, 0, 1, 0, 2, 0, 1, 2, 2, 0, 1, 0, 0, 0, 1, 1, 1, 0, 2, 0, 2, 1, 2, 0, 0, 1, 2, 0, 0, 0, 2, 0, 2, 0, 1, 0, 0, 0, 0, 0, 2, 1, 1, 0, 0, 2, 2, 0, 0, 0, 2, 0, 2, 0, 1, 2, 0, 1, 0, 0, 1, 1, 1, 1, 1, 0, 0, 0, 2, 1, 0, 1, 1, 2, 1, 0, 0, 0, 1, 0, 0, 1, 0, 0, 0, 2, 2, 1, 0, 2, 1, 0, 2, 2, 1, 1, 1, 2, 1, 2, 0, 1, 0, 0, 1, 0, 2, 0, 2, 0, 0, 2, 0, 0, 2, 1, 0, 2, 1, 2, 0, 0, 0, 0, 0, 0, 0, 2, 0, 2, 0, 0, 1, 0, 1, 0, 0, 0, 0, 1, 0, 0, 2, 1, 0, 0, 0, 2, 2, 0, 0, 0, 2, 2, 0, 2, 2, 1, 0, 2, 0, 2, 1, 2, 2, 1, 0, 2, 0, 0, 0, 1, 0, 0, 0, 2, 2, 2, 1, 0, 0, 2, 1, 2, 0, 0, 0, 0, 0, 0, 0, 0, 0, 0, 2, 0, 2, 0, 1, 0, 0, 2, 1, 2, 0, 0, 1, 1, 2, 1, 1, 0, 0, 1, 0, 2, 0, 2, 2, 0, 1, 0, 0, 2, 2, 0, 2, 1, 0, 0, 1, 2, 0, 0, 2, 0, 0, 0, 0, 2, 1, 2, 1, 1, 0, 2, 1, 0, 1, 1, 1, 0, 0, 2, 2, 1, 0, 1, 0, 0, 0, 1, 1, 0, 0, 0, 2, 0, 2, 0, 0, 2, 0, 1, 2, 0, 1, 1, 2, 1, 1, 0, 1, 1, 1, 0, 0, 1, 0, 1, 0, 2, 2, 2, 0, 0, 1, 0, 2, 2, 1, 1, 2, 0, 2, 0, 0, 1, 2, 0, 2, 2, 0, 2, 1, 2, 1, 2, 2, 1, 0, 2, 2, 1, 0, 1, 1, 1, 2, 1, 2, 0, 2, 1, 2, 2, 0, 1, 1, 0, 0, 2, 0, 1, 1, 0, 2, 0, 2, 0, 2, 1, 2, 1, 0, 0, 0, 0, 1, 0, 1, 2, 0, 0, 2, 1, 0, 0, 0, 1, 0, 0, 1, 1, 0, 0, 1, 2, 2, 0, 0, 1, 1, 0, 0, 2, 0, 0, 0, 0, 0, 0, 0, 2, 1, 2, 2, 0, 0, 2, 1, 0, 1, 0, 2, 1, 1, 2, 0, 0, 0, 0, 0, 0, 0, 0, 1, 2, 2, 1, 1, 0, 0, 2, 0, 2, 2, 0, 2, 1, 0, 2, 2, 1, 0, 2, 1, 1, 2, 0, 1, 0, 2, 0, 2, 0, 1, 1, 2, 0, 0, 1, 2, 2, 0, 2, 1, 0, 2, 1, 0, 0, 2, 0, 2, 1, 1, 2, 0, 2, 1, 1, 2, 0, 0, 0, 0, 0, 1, 0, 1, 2, 0, 2, 0, 0, 2, 0, 2, 2, 2, 0, 1, 0, 1, 2, 0, 0, 0, 0, 1, 0, 1, 1, 0, 1, 1, 2, 0, 0, 0, 0, 0, 2, 2, 0, 1, 0, 2, 2, 2, 1, 2, 1, 0, 1, 2, 2, 0, 0, 2, 2, 0, 2, 0, 1, 1, 2, 0, 1, 2, 0, 2, 1, 1, 1, 1, 1, 0, 0, 0, 2, 1, 0, 0, 0, 2, 1, 0, 0, 1, 2, 1, 0, 0, 2, 2, 0, 0, 0, 0, 0, 0, 1, 0, 0, 0, 2, 1, 0, 0, 1, 1, 0, 0, 2, 0, 1, 2, 0, 0, 2, 2, 2, 1, 1, 0, 0, 1, 0, 2, 1, 0, 0, 1, 0, 2, 0, 0, 2, 0, 2, 0, 0, 0, 2, 1, 1, 2, 0, 0, 0, 0]
0.6541574687270052
array([[1015,   39,  246],
       [  21,   80,  578],
       [  35,   21,  683]])
kfold preds 1: [0, 0, 0, 0, 1, 1, 0, 0, 0, 0, 0, 1, 0, 0, 0, 0, 0, 1, 0, 0, 0, 0, 1, 0, 0, 0, 0, 0, 0, 0, 0, 0, 0, 0, 0, 0, 0, 0, 0, 0, 0, 0, 0, 0, 0, 0, 0, 0, 0, 0, 0, 0, 0, 0, 0, 0, 1, 0, 0, 0, 1, 0, 0, 0, 0, 0, 0, 1, 0, 0, 0, 0, 0, 0, 0, 0, 0, 0, 0, 0, 0, 0, 0, 0, 0, 0, 1, 0, 0, 0, 0, 0, 0, 1, 0, 0, 0, 0, 0, 0, 0, 0, 0, 0, 0, 0, 0, 0, 0, 0, 0, 1, 0, 0, 0, 0, 0, 0, 0, 0, 0, 0, 0, 0, 0, 0, 0, 0, 0, 0, 0, 0, 0, 0, 1, 0, 0, 0, 0, 0, 0, 0, 0, 0, 0, 0, 0, 1, 0, 0, 2, 0, 0, 0, 0, 2, 0, 0, 0, 1, 0, 0, 1, 0, 0, 0, 0, 0, 0, 0, 0, 0, 0, 0, 0, 0, 0, 1, 2, 0, 0, 1, 0, 0, 0, 0, 0, 0, 0, 0, 0, 0, 0, 1, 2, 0, 0, 0, 0, 0, 1, 0, 0, 0, 1, 0, 1, 0, 0, 0, 1, 0, 0, 0, 0, 0, 0, 0, 0, 0, 0, 0, 0, 0, 1, 1, 0, 0, 0, 1, 0, 0, 0, 0, 0, 0, 0, 0, 0, 1, 0, 0, 1, 0, 0, 0, 0, 0, 1, 0, 0, 0, 0, 0, 1, 1, 0, 0, 1, 0, 0, 0, 0, 0, 0, 0, 0, 0, 0, 0, 0, 0, 0, 0, 0, 2, 0, 1, 0, 0, 0, 1, 0, 0, 0, 0, 0, 0, 1, 0, 0, 0, 0, 0, 0, 0, 1, 0, 0, 0, 0, 0, 0, 0, 0, 0, 0, 0, 0, 0, 0, 0, 0, 0, 0, 0, 0, 0, 1, 0, 0, 0, 0, 0, 0, 0, 0, 0, 0, 2, 0, 0, 0, 0, 0, 0, 0, 1, 0, 0, 0, 0, 0, 0, 0, 0, 0, 0, 0, 0, 0, 0, 0, 0, 0, 0, 0, 0, 0, 0, 0, 0, 0, 0, 0, 1, 0, 0, 0, 0, 0, 0, 0, 0, 0, 0, 0, 0, 0, 0, 0, 0, 1, 0, 0, 0, 0, 0, 0, 0, 0, 0, 0, 0, 0, 0, 0, 0, 1, 2, 0, 0, 0, 0, 1, 0, 0, 0, 0, 0, 0, 0, 0, 0, 0, 0, 0, 0, 0, 0, 0, 0, 0, 0, 0, 0, 0, 0, 0, 1, 0, 0, 0, 0, 1, 0, 0, 0, 0, 0, 0, 0, 1, 0, 0, 0, 0, 1, 0, 0, 0, 0, 1, 0, 1, 0, 1, 0, 0, 0, 0, 0, 0, 0, 0, 0, 0, 1, 0, 0, 1, 0, 0, 1, 0, 0, 0, 0, 0, 0, 0, 0, 0, 0, 1, 0, 0, 0, 0, 2, 0, 0, 0, 0, 0, 0, 0, 0, 0, 0, 0, 0, 0, 0, 0, 0, 0, 0, 1, 0, 2, 0, 0, 0, 0, 0, 0, 0, 0, 0, 0, 0, 0, 0, 0, 0, 0, 0, 0, 0, 0, 0, 0, 0, 0, 0, 0, 0, 0, 0, 0, 0, 0, 0, 0, 0, 0, 0, 0, 0, 0, 0, 0, 0, 0, 0, 0, 1, 0, 0, 0, 0, 0, 0, 0, 0, 0, 0, 0, 0, 0, 0, 0, 0, 0, 0, 0, 0, 0, 0, 0, 0, 0, 0, 0, 0, 0, 0, 0, 0, 0, 0, 0, 2, 0, 0, 1, 0, 0, 0, 0, 0, 0, 2, 0, 0, 0, 0, 0, 0, 1, 0, 0, 0, 2, 0, 0, 0, 0, 0, 0, 0, 2, 0, 0, 0, 0, 0, 0, 0, 0, 0, 0, 0, 0, 0, 0, 0, 0, 0, 1, 0, 0, 0, 0, 0, 0, 0, 0, 0, 0, 1, 0, 0, 0, 0, 0, 0, 0, 0, 0, 0, 1, 0, 0, 1, 0, 0, 0, 0, 0, 0, 0, 0, 0, 0, 0, 0, 0, 0, 0, 0, 0, 0, 0, 0, 0, 0, 0, 0, 0, 0, 0, 0, 1, 0, 0, 0, 0, 0, 1, 0, 0, 1, 0, 0, 0, 0, 0, 0, 0, 0, 1, 0, 2, 0, 0, 0, 0, 0, 0, 0, 0, 0, 0, 1, 0, 0, 0, 1, 0, 0, 0, 0, 0, 0, 1, 0, 1, 0, 0, 0, 0, 0, 0, 0, 0, 0, 0, 0, 0, 0, 0, 0, 0, 0, 0, 0, 0, 0, 0, 0, 0, 0, 0, 0, 0, 0, 0, 0, 0, 0, 0, 0, 0, 0, 1, 0, 0, 0, 0, 0, 0, 1, 0, 0, 0, 0, 0, 1, 0, 0, 0, 1, 0, 0, 0, 0, 0, 0, 1, 0, 0, 0, 0, 0, 0, 0, 0, 0, 0, 0, 0, 2, 0, 0, 0, 0, 0, 0, 0, 0, 0, 0, 0, 1, 0, 0, 0, 0, 0, 0, 0, 0, 0, 0, 0, 0, 1, 1, 0, 1, 0, 0, 0, 0, 0, 0, 0, 1, 0, 0, 0, 0, 0, 0, 0, 0, 0, 0, 0, 0, 0, 0, 0, 0, 0, 0, 0, 0, 0, 0, 0, 0, 0, 0, 0, 0, 0, 0, 0, 0, 0, 0, 0, 0, 0, 0, 0, 0, 0, 0, 0, 0, 1, 0, 0, 0, 0, 0, 0, 0, 0, 0, 2, 0, 0, 0, 0, 0, 0, 0, 0, 0, 0, 0, 0, 0, 0, 0, 0, 0, 0, 0, 0, 0, 0, 0, 0, 0, 0, 0, 1, 0, 0, 0, 0, 0, 0, 0, 0, 0, 0, 0, 0, 0, 0, 0, 0, 0, 0, 0, 1, 0, 0, 1, 0, 0, 1, 1, 0, 0, 0, 1, 0, 0, 0, 0, 0, 0, 0, 0, 0, 0, 1, 0, 0, 0, 0, 0, 0, 0, 1, 0, 0, 0, 0, 0, 0, 0, 0, 0, 0, 0, 0, 0, 0, 0, 0, 0, 0, 1, 0, 0, 0, 0, 1, 0, 0, 0, 0, 0, 0, 0, 0, 2, 0, 0, 0, 0, 0, 0, 0, 0, 0, 0, 0, 0, 0, 0, 1, 0, 0, 0, 0, 0, 0, 1, 0, 0, 0, 0, 0, 0, 0, 0, 0, 0, 0, 0, 0, 0, 0, 0, 0, 0, 0, 0, 0, 0, 0, 1, 0, 0, 0, 0, 0, 0, 0, 0, 0, 0, 1, 0, 0, 0, 0, 0, 0, 0, 0, 0, 0, 0, 0, 0, 0, 0, 0, 0, 0, 0, 0, 0, 0, 0, 0, 1, 0, 0, 0, 0, 0, 0, 1, 0, 0, 0, 0, 0, 0, 0, 0, 1, 0, 0, 0, 0, 1, 0, 0, 0, 0, 0, 0, 1, 0, 0, 0, 0, 1, 0, 0, 0, 0, 0, 0, 0, 0, 1, 0, 0, 0, 0, 0, 0, 0, 0, 0, 0, 0, 0, 0, 0, 0, 0, 0, 0, 0, 0, 0, 0, 0, 0, 0, 0, 0, 0, 1, 1, 0, 0, 0, 0, 0, 0, 0, 0, 0, 0, 0, 2, 0, 1, 0, 1, 0, 0, 0, 0, 0, 0, 0, 0, 1, 0, 0, 1, 0, 0, 2, 1, 0, 0, 0, 0, 0, 0, 0, 0, 0, 0, 0, 0, 2, 1, 0, 0, 0, 0, 0, 0, 0, 0, 0, 2, 0, 1, 0, 0, 0, 1, 0, 0, 0, 0, 0, 0, 0, 0, 0, 0, 0, 0, 0, 0, 0, 1, 0, 0, 1, 0, 1, 0, 0, 1, 0, 0, 1, 0, 0, 0, 1, 0, 0, 0, 0, 0, 0, 0, 0, 0, 0, 0, 0, 0, 1, 0, 0, 0, 0, 0, 0, 0, 0, 1, 0, 0, 0, 0, 0, 0, 0, 0, 2, 0, 0, 0, 0, 0, 0, 1, 0, 0, 0, 0, 0, 0, 0, 0, 0, 0, 0, 0, 0, 0, 0, 0, 0, 0, 0, 0, 0, 1, 0, 0, 0, 0, 0, 0, 0, 0, 0, 0, 0, 0, 0, 0, 0, 1, 0, 0, 0, 0, 0, 0, 0, 0, 0, 0, 1, 0, 0, 1, 2, 0, 0, 0, 0, 0, 0, 0, 0, 0, 0, 0, 0, 0, 1, 0, 0, 0, 0, 1, 2, 0, 0, 0, 2, 0, 1, 0, 0, 0, 0, 0, 0, 0, 0, 0, 0, 0, 0, 0, 0, 0, 0, 0, 0, 0, 0, 0, 0, 0, 0, 1, 0, 0, 0, 0, 0, 0, 0, 0, 0, 0, 0, 0, 0, 0, 0, 0, 0, 2, 0, 1, 0, 1, 2, 0, 0, 0, 0, 1, 0, 0, 0, 0, 0, 0, 0, 0, 0, 0, 0, 0, 0, 0, 0, 1, 1, 0, 0, 0, 0, 0, 0, 0, 0, 0, 0, 0, 0, 2, 0, 0, 0, 0, 2, 0, 0, 0, 1, 0, 0, 0, 0, 0, 0, 1, 0, 0, 0, 0, 0, 0, 0, 0, 0, 0, 0, 0, 0, 0, 0, 0, 0, 0, 0, 0, 1, 0, 0, 0, 0, 1, 0, 0, 0, 0, 0, 0, 0, 0, 0, 0, 0, 0, 0, 0, 0, 0, 0, 0, 0, 2, 0, 0, 0, 0, 1, 0, 0, 0, 0, 0, 0, 0, 0, 0, 0, 0, 2, 0, 0, 0, 0, 0, 0, 0, 0, 0, 0, 0, 0, 0, 0, 0, 0, 0, 2, 1, 0, 0, 0, 0, 0, 0, 0, 0, 0, 0, 0, 0, 0, 1, 0, 0, 0, 0, 0, 0, 0, 0, 0, 0, 0, 0, 0, 0, 0, 0, 0, 0, 0, 0, 0, 0, 0, 0, 0, 0, 0, 0, 0, 0, 2, 0, 0, 0, 0, 0, 0, 0, 0, 0, 0, 0, 0, 0, 0, 0, 0, 0, 0, 0, 0, 0, 0, 0, 0, 0, 0, 0, 0, 0, 0, 0, 0, 0, 0, 1, 0, 1, 0, 0, 0, 0, 0, 0, 0, 0, 0, 0, 0, 0, 0, 0, 0, 1, 0, 0, 0, 0, 0, 0, 0, 1, 1, 0, 0, 0, 0, 0, 0, 0, 0, 1, 0, 0, 0, 0, 1, 0, 0, 0, 0, 0, 0, 0, 0, 0, 0, 0, 1, 0, 0, 0, 1, 0, 0, 0, 0, 0, 0, 1, 0, 0, 0, 0, 0, 0, 0, 0, 0, 0, 0, 0, 1, 0, 0, 0, 0, 0, 0, 0, 2, 0, 0, 1, 0, 0, 0, 2, 0, 0, 0, 0, 0, 0, 0, 0, 0, 1, 0, 0, 0, 1, 0, 0, 0, 1, 0, 1, 1, 0, 0, 0, 0, 0, 0, 0, 0, 0, 0, 0, 0, 0, 0, 0, 0, 0, 0, 0, 0, 0, 0, 0, 0, 0, 0, 0, 0, 0, 0, 0, 0, 0, 0, 0, 0, 0, 0, 0, 0, 0, 1, 0, 0, 0, 0, 0, 0, 0, 0, 0, 0, 0, 0, 1, 0, 0, 0, 0, 0, 0, 2, 0, 0, 0, 0, 0, 0, 0, 0, 0, 0, 0, 0, 0, 0, 0, 0, 0, 0, 1, 0, 0, 0, 0, 0, 0, 0, 0, 0, 0, 0, 1, 0, 0, 0, 0, 0, 0, 0, 0, 0, 0, 1, 0, 0, 0, 0, 0, 0, 0, 0, 0, 0, 1, 0, 1, 0, 0, 0, 0, 0, 0, 0, 0, 0, 0, 0, 0, 0, 0, 0, 0, 0, 0, 0, 1, 0, 0, 0, 0, 1, 1, 0, 0, 0, 0, 0, 0, 0, 0, 0, 0, 1, 1, 0, 0, 0, 0, 1, 0, 0, 0, 0, 0, 0, 0, 0, 0, 0, 0, 1, 2, 0, 0, 0, 0, 0, 0, 0, 0, 0, 0, 1, 2, 0, 0, 0, 0, 0, 0, 0, 1, 0, 0, 0, 0, 0, 0, 0, 0, 0, 0, 0, 0, 1, 0, 0, 0, 0, 0, 0, 0, 0, 0, 0, 1, 0, 0, 1, 0, 0, 0, 2, 0, 0, 0, 1, 0, 0, 0, 0, 0, 0, 0, 0, 0, 0, 0, 0, 1, 0, 2, 0, 0, 0, 0, 1, 0, 0, 0, 0, 0, 0, 0, 0, 0, 0, 0, 0, 0, 0, 0, 0, 0, 0, 0, 1, 0, 0, 0, 0, 0, 0, 0, 0, 0, 0, 0, 0, 0, 0, 0, 0, 0, 0, 0, 0, 0, 0, 2, 0, 0, 0, 0, 0, 0, 0, 0, 1, 0, 0, 0, 0, 1, 0, 0, 0, 0, 0, 0, 0, 0, 0, 0, 0, 0, 0, 0, 0, 0, 0, 0, 0, 0, 0, 1, 0, 0, 0, 0, 0, 0, 0, 0, 1, 0, 0, 0, 0, 0, 0, 0, 0, 0, 0, 0, 0, 0, 0, 0, 0, 0, 0, 0, 0, 0, 0, 2, 0, 2, 0, 0, 0, 0, 0, 0, 0, 0, 0, 0, 0, 0, 0, 0, 0, 0, 0, 0, 0, 0, 0, 1, 0, 0, 0, 0, 0, 0, 0, 0, 0, 0, 0, 0, 0, 0, 0, 0, 1, 0, 0, 0, 0, 0, 0, 0, 0, 0, 0, 0, 0, 0, 0, 0, 0, 0, 0, 0, 0, 0, 0, 0, 0, 0, 0, 0, 0, 0, 0, 1, 0, 1, 2, 0, 0, 1, 0, 0, 0, 0, 0, 0, 0, 0, 0, 0, 0, 0, 0, 0, 0, 0, 0, 0, 0, 0, 0, 0, 0, 0, 0, 0, 0, 0, 0, 1, 0, 0, 0, 0, 0, 0, 0, 0, 0, 0, 0, 0, 0, 0, 0, 0, 0, 0, 0, 1, 0, 0, 0, 0, 0, 0, 0, 1, 0, 0, 0, 0, 0, 1, 0, 0, 0, 0, 0, 0, 0, 0, 0, 0, 0, 0, 0, 0, 0, 0, 2, 0, 0, 0, 0, 2, 0, 0, 0, 0, 0, 0, 0, 0, 0, 0, 0, 0, 0, 0, 0, 0, 1, 0, 0, 0, 0, 0, 1, 0, 0, 0, 1, 0, 0, 0, 0, 1, 0, 0, 0, 0, 0, 0, 0, 0, 1, 0, 0, 1, 0, 0, 0, 0, 0, 0, 0, 0, 0, 0, 0, 0, 1, 0, 1, 0, 0, 0, 0, 0, 0, 0, 0, 0, 0, 0, 0, 0, 1, 0, 1, 1, 0, 0, 0, 0, 0, 0, 0, 0, 0, 0, 0, 0, 2, 0, 0, 0, 0, 0, 0, 0, 0, 0, 1, 2, 0, 0, 0, 0, 0, 0, 0, 0, 0, 0, 0, 0, 0, 0, 0, 0, 1, 0, 1, 0, 0, 0, 0, 0, 0, 0, 0, 0, 0, 1, 0, 0, 0, 2, 0, 0, 0, 0, 0, 1, 0, 0, 0, 0, 0, 0, 0, 0, 2, 0, 0, 0, 0, 0, 0, 1, 0, 1, 0, 0, 0, 0, 0, 0, 0, 0, 0, 0, 0, 0, 0, 0, 0, 0, 0, 0, 0, 0, 0, 1, 0, 0, 0, 0, 0, 0, 0, 0, 1, 1, 0, 0, 0, 0, 0, 0, 0, 1, 0, 0, 0, 0, 0, 0, 0, 0, 0, 0, 0, 0, 0, 0, 0, 0, 0, 0, 0, 0, 0, 0, 0, 1, 0, 0, 0, 0, 0, 0, 0, 0, 0, 0, 0, 1, 0, 0, 0, 1, 0, 0, 0, 0, 0, 0, 0, 0, 0, 1, 0, 0, 1, 0, 0, 0, 0, 0, 0, 1, 0, 0, 0, 0, 1, 0, 0, 0, 0, 0, 0, 0, 0, 2, 0, 0, 0, 0, 0, 0, 0, 0, 0, 2, 0, 0, 0, 0, 0, 0, 0, 0, 0, 0, 0, 1, 0, 0, 0, 0, 0, 0, 0, 0, 0, 0, 0, 0, 0, 1, 0, 1, 0, 0, 0, 0, 0, 0, 0, 0, 1, 0, 0, 0, 0, 0, 0, 0, 0, 0, 0, 0, 1, 0, 0, 0, 0, 0, 0, 0, 0, 0, 0, 1, 0, 0, 0, 0, 1, 0, 1, 0, 0, 0, 0, 0, 0, 0, 1, 0, 0, 1, 0, 0, 2, 0, 0, 0, 0, 0, 0, 0, 0, 0, 0, 0, 1, 0, 0, 0, 0, 2, 0, 0, 0, 0, 0, 0, 0, 0, 1, 0, 0, 0, 0, 0, 0, 0, 0, 0, 0, 0, 0, 0, 0, 0, 2, 0, 0, 0, 0, 0, 0, 0, 1, 0, 0, 0, 0, 0, 0, 0, 1, 0, 0, 0, 0, 0, 0, 0, 0, 0, 0, 0, 0, 2, 0, 0, 0, 0, 0]
kfold targets 1: [2, 2, 0, 0, 1, 1, 2, 0, 1, 2, 0, 1, 0, 1, 0, 2, 2, 2, 0, 0, 0, 0, 2, 2, 0, 1, 0, 2, 2, 2, 0, 2, 0, 0, 2, 0, 1, 0, 0, 0, 1, 0, 1, 1, 0, 0, 2, 2, 0, 0, 0, 0, 0, 0, 1, 0, 1, 0, 2, 0, 1, 0, 2, 0, 0, 0, 0, 2, 0, 0, 0, 1, 0, 1, 2, 0, 2, 2, 1, 0, 1, 0, 1, 0, 2, 0, 2, 0, 1, 1, 1, 1, 1, 1, 0, 0, 2, 2, 0, 0, 0, 0, 1, 0, 1, 0, 1, 0, 0, 0, 1, 1, 2, 0, 0, 1, 0, 0, 1, 0, 2, 2, 0, 2, 2, 0, 0, 0, 0, 0, 2, 2, 1, 0, 1, 0, 0, 1, 0, 0, 2, 0, 2, 2, 2, 1, 0, 1, 0, 2, 1, 2, 0, 2, 0, 2, 0, 2, 0, 2, 0, 0, 2, 0, 2, 0, 0, 2, 0, 0, 2, 0, 0, 0, 1, 0, 0, 2, 2, 0, 0, 1, 1, 2, 0, 2, 2, 0, 0, 0, 2, 1, 2, 2, 1, 0, 1, 0, 0, 0, 1, 1, 2, 2, 2, 2, 2, 1, 0, 0, 1, 2, 0, 0, 0, 0, 1, 2, 1, 1, 0, 0, 0, 1, 2, 1, 2, 2, 0, 2, 0, 2, 1, 0, 1, 2, 0, 0, 2, 2, 0, 2, 2, 2, 0, 0, 0, 0, 2, 2, 1, 0, 0, 0, 2, 2, 0, 1, 2, 0, 0, 0, 1, 2, 0, 0, 0, 1, 2, 0, 1, 1, 1, 0, 0, 1, 0, 2, 0, 0, 2, 1, 0, 1, 1, 2, 0, 2, 1, 2, 1, 0, 2, 0, 1, 0, 1, 0, 0, 1, 0, 2, 0, 0, 1, 0, 0, 2, 0, 0, 2, 0, 0, 0, 2, 0, 0, 2, 2, 0, 1, 0, 0, 0, 0, 2, 0, 0, 2, 1, 0, 1, 0, 0, 0, 0, 2, 2, 0, 2, 2, 0, 1, 2, 0, 0, 0, 2, 1, 1, 0, 0, 2, 2, 2, 0, 1, 2, 2, 1, 0, 1, 0, 2, 1, 1, 2, 1, 0, 1, 0, 2, 2, 0, 1, 0, 2, 0, 2, 0, 0, 0, 2, 1, 0, 0, 0, 2, 1, 2, 0, 2, 0, 2, 2, 0, 2, 0, 1, 2, 0, 0, 2, 0, 2, 2, 0, 0, 0, 0, 2, 0, 2, 1, 1, 0, 0, 2, 0, 0, 2, 0, 2, 0, 0, 1, 0, 2, 0, 1, 0, 1, 0, 0, 1, 0, 1, 0, 0, 0, 2, 0, 1, 1, 0, 2, 2, 1, 2, 0, 1, 2, 1, 0, 1, 2, 2, 1, 2, 0, 2, 0, 0, 0, 2, 0, 2, 2, 2, 0, 1, 0, 0, 1, 2, 0, 0, 1, 1, 1, 1, 0, 0, 1, 1, 0, 0, 0, 2, 1, 2, 1, 0, 2, 0, 2, 0, 0, 0, 0, 0, 2, 1, 0, 0, 1, 2, 1, 2, 2, 2, 0, 1, 0, 1, 2, 0, 1, 0, 0, 0, 0, 1, 0, 1, 0, 2, 1, 2, 0, 2, 0, 0, 0, 2, 2, 1, 2, 2, 2, 0, 1, 2, 0, 1, 0, 1, 0, 2, 2, 0, 0, 1, 1, 1, 0, 0, 2, 0, 1, 0, 1, 0, 0, 2, 0, 0, 2, 0, 0, 0, 2, 1, 0, 1, 0, 2, 2, 0, 1, 0, 1, 0, 0, 0, 1, 0, 1, 2, 0, 0, 1, 1, 2, 0, 1, 1, 0, 1, 0, 2, 1, 1, 2, 0, 0, 0, 2, 0, 0, 1, 0, 0, 1, 2, 1, 0, 2, 0, 0, 0, 0, 1, 0, 0, 0, 2, 2, 0, 1, 0, 1, 2, 2, 2, 1, 0, 1, 2, 2, 1, 2, 0, 1, 1, 0, 2, 2, 1, 2, 2, 2, 0, 0, 2, 2, 0, 2, 0, 0, 2, 1, 1, 1, 0, 1, 0, 2, 0, 0, 1, 1, 2, 0, 0, 1, 1, 1, 0, 1, 0, 1, 0, 0, 1, 2, 0, 2, 0, 0, 0, 2, 1, 2, 1, 0, 1, 0, 2, 0, 1, 0, 2, 1, 1, 2, 0, 0, 0, 0, 0, 0, 1, 0, 2, 2, 0, 2, 0, 1, 0, 0, 2, 2, 1, 1, 2, 2, 0, 1, 0, 2, 0, 0, 0, 0, 2, 0, 1, 2, 1, 0, 0, 2, 1, 1, 0, 1, 0, 2, 0, 1, 0, 0, 2, 2, 0, 0, 0, 0, 1, 0, 2, 0, 0, 0, 2, 2, 0, 1, 1, 2, 1, 0, 0, 1, 1, 0, 1, 1, 0, 1, 0, 2, 1, 1, 0, 0, 0, 1, 0, 2, 0, 1, 0, 2, 1, 0, 0, 1, 1, 0, 0, 1, 0, 2, 1, 1, 0, 2, 0, 0, 2, 1, 0, 0, 2, 2, 0, 0, 0, 2, 0, 1, 0, 2, 2, 0, 1, 1, 0, 1, 0, 0, 1, 0, 2, 0, 1, 2, 1, 1, 0, 1, 0, 0, 0, 2, 0, 2, 1, 2, 2, 2, 0, 1, 0, 2, 0, 0, 0, 1, 0, 1, 1, 1, 1, 2, 0, 2, 1, 0, 0, 0, 2, 0, 2, 2, 0, 0, 0, 0, 0, 1, 1, 0, 0, 1, 1, 2, 0, 0, 0, 0, 2, 0, 0, 0, 0, 0, 0, 0, 0, 1, 2, 0, 1, 2, 2, 1, 1, 2, 0, 0, 2, 1, 2, 0, 1, 1, 1, 0, 0, 0, 0, 2, 2, 1, 0, 0, 2, 1, 2, 0, 0, 0, 1, 1, 0, 0, 0, 0, 2, 1, 1, 1, 0, 2, 0, 2, 2, 1, 1, 0, 1, 1, 1, 2, 2, 1, 0, 2, 2, 2, 0, 1, 0, 1, 0, 2, 0, 1, 0, 2, 2, 2, 1, 2, 2, 0, 0, 1, 2, 0, 1, 0, 2, 0, 0, 1, 0, 1, 0, 0, 2, 2, 0, 0, 2, 0, 1, 1, 1, 0, 0, 1, 1, 0, 1, 0, 0, 0, 2, 2, 0, 2, 0, 2, 0, 2, 1, 2, 2, 0, 2, 0, 1, 1, 0, 0, 2, 0, 0, 0, 1, 0, 1, 1, 1, 1, 1, 1, 0, 0, 0, 0, 0, 0, 2, 0, 0, 1, 0, 0, 0, 2, 2, 1, 0, 1, 2, 1, 0, 0, 0, 2, 0, 2, 0, 2, 0, 2, 1, 0, 1, 0, 0, 2, 2, 1, 2, 0, 0, 1, 0, 0, 0, 0, 0, 1, 2, 0, 2, 0, 1, 0, 0, 2, 0, 0, 0, 0, 1, 2, 1, 2, 2, 0, 2, 0, 0, 2, 0, 1, 0, 2, 1, 0, 2, 0, 2, 1, 0, 0, 0, 1, 0, 0, 1, 0, 2, 0, 1, 1, 0, 1, 1, 1, 0, 1, 2, 0, 0, 1, 1, 2, 0, 2, 2, 0, 0, 0, 0, 2, 0, 2, 0, 0, 2, 2, 2, 2, 0, 0, 2, 0, 0, 0, 1, 1, 0, 2, 2, 0, 1, 0, 0, 0, 0, 0, 0, 1, 0, 2, 0, 2, 0, 0, 0, 1, 1, 2, 0, 1, 2, 0, 0, 1, 0, 0, 2, 1, 2, 1, 2, 1, 0, 0, 2, 1, 0, 0, 1, 2, 1, 2, 1, 1, 1, 2, 0, 1, 0, 0, 0, 2, 0, 2, 0, 0, 1, 1, 1, 2, 0, 2, 2, 0, 0, 0, 0, 0, 0, 0, 0, 0, 2, 2, 2, 1, 1, 0, 1, 1, 2, 1, 1, 2, 2, 1, 1, 0, 1, 1, 0, 1, 0, 0, 0, 1, 0, 0, 2, 0, 0, 0, 1, 0, 2, 1, 1, 1, 0, 0, 0, 2, 1, 0, 0, 1, 0, 2, 2, 0, 2, 2, 0, 0, 2, 2, 2, 1, 0, 2, 0, 0, 1, 1, 2, 1, 0, 1, 2, 2, 2, 0, 0, 2, 0, 0, 0, 0, 2, 1, 2, 2, 0, 1, 0, 1, 0, 2, 1, 0, 2, 0, 2, 0, 0, 1, 2, 0, 0, 2, 2, 0, 2, 0, 1, 2, 1, 1, 0, 1, 2, 0, 2, 0, 2, 0, 0, 2, 2, 0, 1, 2, 0, 1, 2, 1, 1, 2, 2, 1, 1, 0, 2, 0, 1, 2, 2, 0, 2, 0, 0, 1, 1, 0, 2, 1, 0, 0, 2, 2, 0, 0, 1, 0, 0, 0, 2, 0, 2, 2, 2, 2, 0, 0, 1, 0, 0, 2, 0, 0, 1, 1, 0, 1, 0, 2, 2, 0, 1, 1, 1, 2, 0, 1, 2, 0, 1, 2, 0, 1, 1, 2, 2, 0, 1, 1, 1, 0, 0, 2, 0, 0, 0, 0, 0, 1, 1, 0, 0, 1, 0, 0, 0, 0, 1, 0, 0, 0, 0, 1, 2, 0, 0, 0, 2, 1, 0, 2, 2, 1, 0, 0, 2, 1, 0, 1, 0, 1, 0, 1, 2, 2, 0, 0, 0, 0, 2, 0, 2, 2, 0, 2, 2, 2, 0, 0, 1, 0, 0, 0, 0, 2, 0, 1, 2, 0, 2, 2, 0, 0, 0, 1, 1, 0, 0, 0, 0, 0, 1, 0, 2, 2, 0, 0, 0, 2, 1, 0, 2, 0, 2, 0, 0, 0, 0, 0, 2, 0, 2, 0, 1, 1, 1, 0, 0, 0, 0, 1, 2, 0, 2, 0, 2, 2, 1, 0, 1, 1, 0, 0, 0, 2, 2, 0, 0, 2, 0, 0, 1, 1, 0, 1, 2, 0, 0, 0, 1, 2, 0, 2, 1, 0, 1, 0, 1, 0, 1, 0, 0, 1, 1, 0, 0, 0, 0, 2, 0, 0, 2, 0, 2, 2, 2, 0, 0, 0, 2, 0, 0, 2, 0, 0, 0, 2, 1, 1, 1, 0, 1, 0, 0, 0, 1, 1, 0, 1, 2, 1, 1, 2, 2, 2, 0, 0, 0, 2, 0, 2, 0, 1, 0, 1, 0, 0, 1, 1, 2, 0, 2, 1, 0, 2, 2, 2, 0, 1, 0, 2, 1, 2, 0, 0, 2, 1, 1, 1, 0, 2, 1, 0, 1, 1, 1, 1, 0, 0, 2, 0, 2, 1, 0, 0, 2, 2, 0, 0, 2, 2, 0, 1, 1, 1, 0, 2, 2, 1, 0, 2, 0, 2, 0, 2, 0, 1, 0, 0, 0, 0, 0, 0, 0, 2, 0, 0, 1, 1, 0, 0, 1, 0, 0, 1, 2, 0, 1, 2, 2, 0, 2, 1, 2, 1, 1, 1, 0, 0, 2, 1, 1, 1, 1, 0, 1, 1, 2, 0, 0, 1, 0, 1, 1, 0, 0, 1, 0, 0, 1, 1, 1, 0, 2, 0, 1, 1, 0, 0, 0, 0, 0, 0, 1, 1, 0, 0, 0, 1, 1, 2, 0, 0, 1, 0, 0, 0, 1, 0, 2, 0, 1, 2, 0, 0, 1, 0, 0, 0, 0, 0, 1, 1, 0, 0, 1, 2, 0, 1, 2, 2, 0, 0, 2, 2, 2, 0, 2, 2, 0, 2, 0, 0, 0, 0, 2, 1, 1, 2, 0, 2, 2, 0, 1, 1, 0, 0, 0, 1, 2, 1, 2, 0, 0, 2, 0, 2, 0, 0, 2, 1, 0, 2, 0, 0, 2, 0, 1, 0, 0, 0, 0, 2, 2, 0, 0, 0, 2, 2, 1, 1, 0, 1, 0, 2, 0, 0, 0, 2, 2, 2, 2, 0, 1, 0, 0, 0, 2, 0, 0, 1, 2, 0, 1, 0, 1, 1, 0, 0, 1, 0, 0, 0, 2, 0, 2, 2, 1, 1, 2, 2, 0, 0, 2, 1, 1, 1, 1, 0, 1, 2, 1, 1, 0, 1, 2, 1, 0, 2, 0, 2, 2, 0, 0, 0, 0, 2, 2, 2, 2, 0, 2, 0, 0, 2, 1, 1, 0, 1, 0, 0, 0, 1, 1, 1, 1, 0, 2, 0, 1, 2, 0, 2, 0, 2, 0, 0, 0, 0, 0, 1, 0, 0, 2, 0, 1, 0, 1, 0, 0, 0, 1, 1, 0, 1, 0, 1, 0, 0, 0, 1, 0, 0, 0, 1, 0, 2, 0, 0, 2, 0, 1, 0, 0, 2, 1, 0, 0, 2, 0, 0, 0, 0, 0, 1, 0, 2, 0, 1, 2, 2, 2, 0, 0, 0, 0, 0, 0, 0, 0, 2, 0, 1, 0, 0, 2, 0, 0, 2, 1, 2, 2, 0, 0, 1, 1, 0, 1, 2, 0, 0, 1, 2, 2, 0, 0, 2, 1, 1, 0, 1, 0, 0, 2, 2, 1, 0, 2, 0, 0, 0, 2, 1, 0, 2, 0, 2, 0, 1, 0, 2, 2, 0, 1, 0, 0, 0, 0, 2, 2, 0, 2, 0, 1, 0, 0, 1, 2, 0, 2, 2, 2, 2, 2, 2, 2, 0, 2, 1, 2, 0, 0, 2, 2, 1, 2, 2, 0, 2, 0, 1, 0, 1, 0, 2, 0, 1, 0, 0, 2, 0, 0, 0, 0, 2, 1, 2, 0, 2, 2, 0, 0, 0, 1, 2, 1, 2, 2, 1, 1, 0, 2, 1, 2, 2, 2, 0, 1, 2, 0, 0, 0, 0, 2, 2, 2, 2, 0, 1, 0, 2, 0, 2, 0, 1, 1, 0, 2, 0, 2, 0, 0, 2, 2, 1, 0, 2, 2, 0, 2, 1, 0, 1, 1, 0, 1, 0, 0, 1, 2, 2, 1, 2, 0, 0, 1, 1, 0, 2, 2, 2, 1, 2, 2, 2, 0, 1, 0, 0, 1, 1, 1, 0, 2, 2, 0, 2, 0, 2, 0, 0, 0, 0, 2, 0, 0, 1, 0, 0, 0, 1, 2, 2, 0, 0, 2, 2, 2, 1, 1, 0, 1, 0, 0, 1, 0, 1, 2, 0, 2, 1, 0, 0, 0, 0, 1, 2, 0, 2, 0, 2, 2, 0, 2, 0, 2, 1, 2, 0, 0, 2, 0, 2, 1, 0, 0, 2, 0, 1, 0, 2, 2, 1, 1, 0, 2, 0, 1, 0, 1, 2, 2, 1, 2, 2, 2, 1, 0, 2, 0, 1, 2, 0, 2, 0, 0, 0, 1, 0, 1, 1, 0, 0, 2, 2, 0, 0, 0, 0, 2, 0, 0, 0, 2, 0, 2, 0, 0, 2, 1, 0, 2, 1, 2, 2, 0, 0, 0, 2, 1, 2, 2, 1, 0, 1, 2, 0, 0, 0, 2, 0, 2, 0, 2, 0, 1, 2, 1, 2, 2, 2, 0, 1, 0, 2, 1, 1, 2, 0, 0, 0, 0, 0, 2, 0, 1, 2, 0, 0, 0, 0, 2, 0, 1, 1, 2, 1, 1, 0, 0, 1, 2, 0, 2, 1, 0, 2, 2, 2, 1, 2, 0, 1, 1, 0, 0, 2, 2, 2, 1, 2, 2, 2, 1, 0, 2, 1, 1, 2, 0, 0, 0, 2, 0, 2, 0, 1, 0, 0, 2, 0, 0, 0, 0, 0, 0, 1, 1, 0, 0, 0, 1, 0, 0, 1, 0, 2, 0, 0, 0, 1, 0, 0, 0, 0, 1, 1, 0, 0, 2, 0, 1, 0, 0, 1, 0, 2, 0, 2, 0, 0, 0, 2, 2, 0, 1, 0, 0, 0, 0, 0, 0, 2, 0, 0, 1, 0, 0, 1, 1, 0, 0, 0, 0, 0, 0, 0, 0, 0, 0, 1, 0, 1, 1, 1, 1, 2, 1, 0, 2, 1, 2, 2, 0, 2, 2, 1, 1, 2, 1, 2, 0, 1, 2, 1, 1, 0, 1, 0, 2, 2, 0, 0, 0, 2, 1, 0, 0, 2, 0, 1, 1, 1, 1, 0, 1, 2, 1, 2, 0, 2, 2, 2, 0, 1, 1, 0, 2, 2, 0, 1, 1, 0, 2, 0, 0, 0, 0, 0, 2, 1, 2, 2, 1, 2, 2, 1, 2, 1, 0, 0, 0, 2, 0, 0, 2, 2, 0, 1, 0, 1, 0, 0, 2, 0, 0, 0, 2, 0, 2, 2, 2, 0, 2, 0, 2, 0, 2, 2, 1, 1, 0, 1, 1, 1, 1, 2, 1, 2, 1, 2, 0, 0, 1, 0, 0, 1, 0, 0, 1, 0, 1, 0, 0, 0, 2, 0, 0, 0, 2, 0, 2, 1, 0, 0, 2, 2, 0, 2, 2, 1, 0, 0, 0, 0, 1, 1, 0, 2, 0, 2, 2, 0, 0, 2, 0, 0, 0, 0, 0, 0, 2, 0, 1, 0, 2, 2, 0, 2, 2, 0, 0, 0, 0, 2, 0, 1, 1, 0, 1, 0, 0, 1, 0, 0, 1, 2, 0, 1, 2, 1, 2, 0, 2, 0, 0]
0.5340449024659552
array([[1278,    0,    0],
       [ 516,  141,   24],
       [ 632,   94,   32]])
kfold preds 2: [0, 0, 0, 0, 0, 0, 0, 1, 0, 0, 0, 0, 0, 0, 0, 0, 0, 1, 0, 0, 0, 0, 0, 0, 1, 1, 0, 0, 0, 0, 0, 0, 0, 0, 0, 0, 0, 0, 0, 0, 0, 0, 0, 0, 0, 0, 0, 0, 0, 0, 0, 1, 0, 0, 0, 0, 0, 0, 0, 0, 0, 0, 0, 0, 0, 0, 1, 0, 0, 0, 0, 1, 0, 0, 0, 0, 0, 0, 0, 0, 0, 0, 0, 0, 0, 0, 0, 0, 0, 0, 0, 1, 0, 0, 0, 0, 0, 0, 0, 1, 0, 0, 0, 0, 0, 0, 0, 0, 0, 0, 0, 0, 0, 0, 0, 0, 0, 0, 0, 0, 0, 0, 0, 0, 0, 0, 0, 0, 0, 0, 1, 0, 1, 0, 0, 0, 0, 0, 0, 0, 1, 0, 0, 0, 0, 0, 0, 0, 0, 0, 0, 0, 0, 0, 0, 0, 0, 0, 0, 0, 0, 0, 0, 0, 0, 0, 0, 0, 0, 0, 0, 0, 0, 0, 0, 0, 0, 0, 0, 0, 1, 0, 0, 0, 0, 0, 0, 0, 0, 0, 0, 0, 0, 0, 0, 0, 0, 0, 0, 0, 0, 0, 0, 0, 0, 1, 0, 0, 0, 0, 0, 0, 0, 0, 0, 0, 0, 0, 0, 0, 0, 0, 0, 1, 0, 0, 0, 1, 0, 0, 0, 0, 0, 0, 0, 0, 0, 0, 1, 0, 0, 0, 0, 0, 0, 0, 0, 0, 0, 0, 0, 0, 0, 0, 0, 0, 0, 0, 0, 0, 0, 0, 0, 1, 0, 0, 0, 0, 0, 0, 0, 0, 0, 0, 0, 0, 0, 0, 0, 0, 0, 0, 0, 0, 0, 0, 0, 0, 1, 0, 1, 0, 0, 0, 0, 0, 0, 0, 0, 0, 0, 0, 0, 0, 0, 0, 0, 0, 0, 0, 0, 0, 0, 0, 0, 0, 0, 1, 0, 0, 0, 0, 1, 0, 0, 0, 0, 0, 0, 0, 0, 0, 0, 0, 0, 0, 0, 0, 0, 1, 0, 0, 0, 1, 0, 0, 0, 0, 0, 0, 0, 0, 0, 0, 0, 0, 0, 0, 0, 0, 0, 0, 0, 0, 1, 1, 0, 0, 0, 0, 0, 0, 1, 0, 0, 0, 0, 0, 1, 0, 0, 0, 0, 0, 0, 0, 0, 0, 0, 1, 0, 0, 0, 0, 0, 0, 0, 0, 0, 0, 0, 0, 0, 0, 1, 0, 0, 0, 0, 0, 0, 0, 0, 0, 0, 0, 1, 0, 0, 0, 1, 0, 0, 0, 0, 0, 1, 0, 0, 0, 0, 0, 0, 0, 0, 0, 1, 0, 0, 0, 0, 0, 0, 0, 0, 0, 0, 0, 0, 0, 0, 0, 0, 0, 0, 0, 0, 0, 0, 0, 0, 0, 0, 0, 0, 0, 0, 0, 0, 0, 0, 0, 0, 0, 0, 0, 0, 0, 0, 0, 0, 0, 0, 0, 0, 0, 0, 0, 0, 0, 1, 0, 0, 0, 0, 0, 0, 0, 0, 0, 0, 0, 0, 0, 0, 0, 0, 0, 0, 0, 0, 0, 0, 0, 0, 0, 0, 1, 0, 0, 0, 1, 0, 0, 0, 0, 0, 0, 0, 0, 0, 0, 0, 0, 0, 0, 0, 0, 0, 0, 0, 1, 0, 0, 0, 1, 0, 0, 0, 0, 0, 0, 1, 0, 0, 0, 0, 0, 0, 0, 0, 0, 0, 0, 0, 0, 0, 0, 0, 0, 0, 0, 0, 0, 0, 0, 0, 0, 0, 0, 0, 0, 0, 0, 1, 0, 0, 0, 0, 0, 0, 0, 0, 0, 0, 0, 0, 0, 0, 0, 0, 0, 0, 0, 0, 0, 0, 0, 0, 0, 0, 0, 0, 0, 0, 0, 0, 0, 0, 0, 0, 0, 0, 0, 0, 0, 0, 0, 0, 0, 0, 0, 0, 0, 0, 0, 0, 0, 0, 0, 0, 0, 0, 0, 0, 0, 0, 0, 0, 0, 0, 0, 0, 0, 0, 0, 0, 0, 0, 0, 0, 0, 0, 0, 0, 0, 0, 1, 0, 0, 0, 0, 0, 0, 0, 0, 0, 0, 0, 0, 0, 0, 0, 0, 0, 0, 0, 0, 0, 0, 0, 0, 0, 0, 0, 0, 0, 0, 1, 0, 0, 0, 0, 0, 0, 0, 0, 0, 0, 1, 0, 0, 0, 0, 0, 0, 0, 0, 0, 0, 0, 0, 0, 0, 0, 0, 0, 0, 1, 0, 0, 0, 1, 0, 0, 0, 0, 0, 0, 0, 0, 1, 0, 0, 0, 0, 0, 0, 0, 0, 0, 0, 0, 0, 0, 0, 0, 0, 0, 0, 0, 0, 0, 0, 0, 1, 0, 0, 0, 0, 0, 0, 0, 0, 0, 0, 1, 0, 0, 0, 0, 0, 0, 0, 0, 0, 0, 0, 0, 0, 0, 0, 0, 0, 0, 0, 1, 0, 0, 0, 1, 0, 0, 0, 0, 0, 0, 0, 0, 1, 0, 0, 0, 0, 0, 0, 0, 0, 0, 0, 0, 0, 0, 0, 0, 0, 0, 0, 0, 0, 1, 0, 1, 0, 0, 0, 0, 0, 0, 0, 0, 0, 0, 0, 0, 0, 0, 0, 0, 0, 0, 0, 0, 0, 0, 0, 0, 0, 0, 0, 0, 0, 1, 0, 0, 0, 0, 0, 0, 0, 0, 0, 0, 0, 0, 0, 0, 0, 0, 0, 0, 0, 0, 0, 0, 0, 0, 0, 0, 0, 0, 0, 0, 0, 0, 0, 0, 0, 0, 0, 0, 0, 0, 0, 0, 0, 0, 0, 0, 0, 0, 0, 0, 0, 0, 0, 0, 0, 0, 0, 0, 0, 0, 0, 0, 0, 0, 0, 0, 0, 0, 0, 0, 1, 0, 0, 0, 0, 0, 0, 0, 0, 0, 0, 1, 0, 0, 0, 0, 0, 0, 0, 0, 0, 0, 0, 0, 0, 0, 0, 0, 0, 0, 0, 0, 0, 0, 0, 0, 0, 0, 0, 0, 0, 0, 0, 0, 0, 0, 0, 0, 0, 0, 0, 1, 0, 0, 0, 0, 0, 0, 0, 0, 0, 0, 0, 0, 0, 0, 0, 0, 0, 0, 0, 0, 0, 0, 0, 0, 0, 0, 0, 1, 0, 0, 0, 0, 0, 0, 0, 1, 1, 0, 0, 0, 0, 0, 0, 0, 0, 0, 0, 0, 0, 0, 0, 0, 0, 0, 0, 0, 0, 0, 0, 0, 0, 0, 0, 1, 0, 0, 0, 0, 0, 0, 0, 0, 0, 0, 0, 0, 0, 0, 0, 0, 0, 0, 0, 0, 0, 0, 0, 0, 0, 0, 0, 1, 0, 0, 0, 0, 0, 0, 0, 0, 0, 0, 0, 0, 0, 0, 0, 0, 0, 0, 0, 0, 0, 1, 0, 0, 0, 0, 0, 0, 0, 0, 0, 0, 0, 0, 0, 0, 0, 0, 0, 0, 0, 1, 0, 0, 0, 0, 0, 0, 0, 0, 0, 0, 0, 0, 1, 0, 0, 1, 0, 0, 0, 0, 0, 0, 0, 0, 0, 0, 0, 0, 0, 0, 0, 0, 0, 0, 0, 0, 0, 0, 0, 0, 0, 0, 0, 0, 0, 0, 0, 0, 0, 0, 0, 0, 0, 0, 0, 0, 0, 0, 0, 0, 0, 0, 0, 0, 0, 1, 0, 0, 0, 0, 1, 0, 0, 0, 0, 0, 0, 0, 0, 0, 0, 0, 0, 0, 0, 0, 1, 0, 0, 1, 0, 0, 1, 0, 0, 0, 0, 1, 0, 0, 0, 0, 0, 0, 0, 0, 0, 0, 0, 0, 0, 0, 0, 0, 0, 0, 1, 0, 0, 0, 0, 0, 0, 0, 0, 0, 0, 0, 0, 0, 0, 0, 0, 0, 0, 0, 0, 0, 0, 1, 0, 0, 0, 0, 0, 0, 0, 0, 0, 0, 0, 0, 0, 0, 0, 0, 0, 0, 0, 1, 0, 0, 0, 0, 0, 0, 0, 0, 0, 0, 0, 0, 0, 0, 0, 0, 0, 0, 0, 0, 0, 0, 0, 0, 0, 0, 0, 0, 0, 0, 0, 0, 0, 0, 0, 0, 0, 0, 0, 0, 0, 0, 0, 0, 0, 0, 0, 0, 0, 0, 0, 0, 0, 0, 0, 0, 0, 0, 0, 0, 0, 0, 0, 0, 0, 0, 1, 0, 0, 0, 0, 0, 0, 0, 0, 0, 0, 0, 0, 0, 0, 0, 0, 0, 0, 0, 0, 0, 0, 0, 0, 0, 0, 1, 0, 0, 0, 0, 0, 0, 0, 0, 0, 0, 1, 0, 0, 0, 0, 0, 0, 0, 0, 0, 0, 0, 0, 0, 0, 0, 0, 0, 0, 0, 0, 0, 0, 0, 0, 0, 0, 0, 0, 0, 0, 1, 0, 0, 0, 0, 0, 0, 0, 1, 0, 0, 0, 0, 0, 0, 0, 0, 0, 0, 0, 0, 1, 0, 0, 0, 0, 0, 0, 0, 0, 0, 0, 0, 0, 0, 0, 0, 0, 0, 0, 0, 0, 0, 0, 0, 0, 0, 0, 0, 0, 0, 1, 0, 0, 0, 0, 0, 0, 0, 0, 0, 0, 0, 0, 0, 1, 0, 0, 0, 0, 0, 0, 0, 0, 0, 0, 0, 0, 0, 0, 0, 0, 0, 0, 0, 0, 0, 0, 0, 0, 0, 0, 0, 0, 0, 0, 1, 0, 0, 0, 0, 0, 0, 0, 0, 0, 0, 0, 0, 0, 0, 0, 0, 0, 0, 0, 0, 0, 0, 0, 0, 0, 0, 0, 0, 0, 1, 0, 0, 0, 0, 0, 0, 0, 0, 0, 0, 0, 0, 0, 0, 0, 0, 0, 1, 0, 0, 0, 0, 0, 0, 0, 0, 0, 0, 0, 0, 0, 0, 0, 0, 0, 0, 0, 0, 0, 0, 0, 0, 0, 0, 0, 0, 0, 0, 0, 0, 0, 0, 0, 1, 0, 0, 0, 0, 0, 0, 0, 0, 0, 0, 0, 0, 0, 0, 0, 0, 0, 0, 0, 0, 0, 0, 1, 0, 0, 0, 0, 0, 0, 0, 0, 0, 1, 0, 0, 0, 0, 0, 0, 0, 0, 0, 0, 0, 0, 0, 0, 1, 0, 0, 1, 1, 0, 0, 0, 0, 0, 0, 0, 0, 0, 0, 0, 0, 0, 0, 0, 1, 0, 0, 0, 0, 1, 1, 0, 0, 0, 0, 0, 0, 0, 0, 0, 0, 0, 0, 0, 0, 0, 0, 0, 0, 0, 0, 1, 0, 0, 0, 1, 0, 0, 0, 1, 1, 1, 0, 0, 0, 0, 0, 0, 0, 1, 0, 0, 0, 0, 0, 0, 0, 0, 0, 0, 0, 0, 0, 0, 0, 0, 0, 1, 0, 0, 0, 0, 0, 0, 0, 0, 0, 0, 0, 0, 0, 0, 0, 1, 0, 0, 0, 0, 1, 0, 0, 0, 0, 0, 0, 0, 0, 0, 0, 0, 0, 1, 0, 0, 0, 0, 0, 0, 0, 0, 0, 0, 0, 0, 0, 0, 0, 1, 0, 0, 0, 0, 0, 0, 0, 0, 0, 0, 0, 0, 0, 0, 0, 0, 1, 0, 0, 0, 0, 0, 0, 0, 0, 0, 0, 0, 0, 0, 0, 0, 0, 0, 0, 0, 0, 0, 0, 0, 0, 0, 0, 0, 0, 0, 0, 0, 0, 0, 0, 0, 0, 1, 0, 0, 0, 0, 0, 0, 0, 0, 0, 0, 0, 1, 0, 0, 0, 0, 0, 0, 0, 0, 0, 0, 0, 0, 0, 0, 0, 0, 0, 0, 0, 0, 0, 0, 0, 0, 0, 0, 0, 0, 0, 0, 0, 0, 0, 0, 0, 0, 0, 0, 0, 0, 0, 0, 0, 0, 0, 0, 0, 0, 0, 0, 0, 0, 0, 0, 0, 0, 0, 0, 0, 0, 0, 0, 0, 0, 0, 0, 1, 0, 1, 0, 1, 0, 0, 0, 0, 0, 1, 0, 0, 0, 1, 0, 0, 0, 0, 0, 0, 0, 0, 0, 0, 0, 0, 0, 0, 0, 0, 0, 0, 0, 0, 0, 0, 0, 0, 0, 0, 0, 0, 0, 0, 0, 0, 0, 1, 0, 1, 0, 0, 0, 0, 0, 0, 0, 0, 0, 0, 0, 0, 0, 0, 0, 0, 0, 0, 0, 0, 0, 0, 0, 0, 0, 0, 1, 0, 0, 0, 1, 0, 0, 0, 0, 1, 0, 0, 0, 0, 0, 0, 0, 0, 0, 0, 0, 0, 0, 0, 1, 0, 0, 0, 0, 0, 1, 0, 0, 0, 0, 0, 0, 1, 0, 0, 0, 0, 0, 0, 0, 0, 0, 0, 0, 0, 0, 0, 0, 0, 0, 0, 0, 0, 0, 0, 0, 0, 0, 0, 0, 0, 0, 0, 0, 0, 0, 0, 0, 0, 1, 0, 0, 0, 0, 0, 0, 0, 0, 0, 0, 0, 0, 0, 0, 0, 0, 0, 0, 0, 0, 0, 0, 1, 0, 0, 0, 0, 0, 0, 0, 1, 0, 0, 0, 0, 0, 0, 0, 0, 0, 0, 0, 0, 0, 0, 0, 0, 0, 0, 0, 0, 0, 0, 0, 0, 0, 0, 0, 0, 0, 0, 0, 0, 0, 0, 0, 0, 0, 0, 1, 0, 0, 0, 0, 0, 0, 0, 0, 0, 0, 0, 0, 0, 0, 0, 0, 0, 0, 0, 0, 1, 0, 0, 0, 0, 0, 1, 0, 1, 0, 0, 0, 0, 0, 0, 0, 0, 0, 0, 0, 0, 0, 0, 0, 0, 0, 0, 0, 0, 0, 0, 1, 0, 0, 0, 1, 0, 0, 0, 1, 0, 0, 0, 0, 0, 0, 0, 0, 0, 0, 0, 0, 0, 1, 0, 0, 0, 0, 0, 0, 0, 0, 0, 0, 0, 0, 0, 0, 0, 0, 0, 1, 1, 0, 0, 1, 0, 0, 0, 0, 0, 0, 0, 0, 0, 0, 0, 1, 0, 0, 0, 0, 0, 0, 0, 0, 0, 0, 0, 0, 0, 0, 1, 0, 0, 0, 0, 0, 0, 0, 0, 0, 0, 0, 0, 0, 0, 0, 0, 0, 0, 0, 0, 0, 0, 0, 0, 0, 0, 0, 0, 0, 0, 0, 0, 0, 0, 0, 0, 0, 0, 0, 0, 0, 0, 0, 0, 0, 0, 0, 0, 0, 0, 0, 0, 0, 0, 0, 0, 0, 0, 0, 0, 1, 0, 0, 0, 0, 0, 0, 0, 0, 0, 0, 0, 0, 0, 0, 0, 0, 0, 0, 0, 0, 0, 0, 1, 1, 0, 0, 0, 0, 0, 0, 0, 0, 0, 0, 0, 0, 0, 0, 0, 0, 0, 0, 0, 0, 0, 0, 0, 0, 0, 0, 0, 0, 0, 0, 0, 0, 0, 0, 0, 0, 1, 0, 0, 0, 1, 0, 0, 0, 0, 0, 0, 0, 0, 0, 0, 0, 0, 0, 0, 0, 1, 0, 0, 0, 0, 0, 0, 0, 0, 0, 0, 0, 0, 0, 0, 0, 0, 0, 0, 0, 0, 0, 0, 0, 0, 0, 0, 1, 0, 0, 0, 0, 0, 0, 0, 0, 0, 0, 0, 0, 0, 0, 0, 0, 0, 0, 0, 0, 0, 0, 0, 0, 0, 0, 0, 0, 0, 0, 0, 0, 1, 0, 0, 0, 0, 0, 0, 0, 0, 0, 0, 0, 0, 0, 0, 0, 0, 1, 0, 0, 0, 0, 0, 0, 0, 0, 0, 0, 0, 0, 0, 0, 0, 0, 0, 0, 0, 0, 0, 0, 0, 0, 0, 0, 0, 0, 0, 0, 0, 0, 0, 0, 0, 0, 0, 0, 0, 0, 0, 0, 0, 0, 0, 0, 0, 0, 0, 0, 0, 0, 0, 0, 0, 0, 0, 0, 0, 0, 0, 0, 1, 0, 0, 0, 0, 0, 0, 0, 0, 0, 0, 0, 0, 0, 0, 0, 0, 0, 0, 0, 0, 0, 0, 0, 0, 0, 0, 0, 0, 0, 1, 0, 0, 0, 0, 0, 0, 0, 1, 0, 0, 0, 0, 0, 0, 0, 0, 0, 0, 0, 0, 0, 0, 0, 0, 0, 0, 0, 0, 0, 0, 0, 0, 0, 0, 0, 1, 0, 0, 0, 0, 0, 0, 0, 0, 0, 0, 0, 0, 0, 0, 0, 0, 0, 0, 0, 0, 0, 0, 0, 0, 0, 0, 0, 0, 0, 0, 0, 0, 0, 0, 0, 0, 0, 0, 0, 0, 0, 0, 0, 0, 0, 0, 0, 0, 0, 0, 0, 0, 0, 0, 0, 0, 0, 1, 1, 0, 1, 0, 0, 0, 0, 0, 0, 0, 0, 0, 0, 0, 0, 0, 0, 0, 0, 0, 0, 0, 0, 0, 0, 0, 1, 0, 1, 1, 0, 0, 0, 0, 0, 0, 0, 0, 1, 0, 0, 0, 0, 0, 0, 1, 0, 0, 0, 0, 0, 0, 0, 0, 0, 0, 0, 0]
kfold targets 2: [1, 1, 0, 0, 0, 0, 1, 1, 2, 0, 0, 2, 0, 0, 0, 1, 0, 2, 1, 1, 1, 0, 2, 2, 1, 1, 0, 2, 0, 0, 0, 2, 1, 0, 1, 0, 1, 0, 0, 0, 2, 0, 1, 1, 0, 2, 1, 2, 0, 0, 0, 1, 0, 0, 1, 0, 1, 2, 0, 1, 1, 0, 2, 0, 0, 0, 1, 2, 0, 0, 0, 1, 1, 0, 2, 0, 1, 1, 0, 0, 0, 0, 1, 0, 1, 0, 2, 0, 0, 0, 2, 1, 2, 0, 0, 0, 0, 0, 0, 1, 0, 0, 2, 1, 0, 0, 0, 1, 2, 1, 0, 1, 2, 1, 2, 1, 2, 0, 2, 0, 2, 0, 0, 0, 1, 0, 1, 0, 0, 0, 1, 1, 2, 2, 1, 0, 0, 0, 0, 0, 1, 0, 1, 2, 0, 2, 2, 1, 1, 2, 2, 2, 0, 0, 0, 1, 1, 0, 0, 1, 0, 0, 0, 1, 2, 0, 0, 1, 0, 2, 2, 0, 0, 0, 2, 1, 0, 2, 2, 0, 1, 1, 0, 2, 0, 2, 2, 0, 0, 0, 2, 1, 0, 0, 2, 0, 2, 0, 0, 2, 0, 2, 2, 1, 2, 2, 2, 0, 0, 0, 1, 2, 1, 0, 1, 0, 0, 2, 0, 2, 1, 0, 0, 1, 2, 2, 2, 1, 2, 2, 0, 2, 0, 0, 1, 2, 0, 0, 1, 0, 0, 2, 2, 2, 0, 0, 0, 0, 0, 1, 2, 0, 0, 2, 2, 2, 2, 0, 1, 0, 0, 2, 0, 1, 0, 1, 1, 2, 2, 0, 0, 2, 0, 0, 0, 0, 0, 2, 0, 2, 1, 1, 1, 2, 0, 0, 0, 2, 1, 0, 1, 0, 0, 0, 0, 0, 0, 0, 0, 2, 0, 0, 0, 2, 2, 0, 0, 2, 0, 0, 1, 0, 0, 1, 2, 0, 1, 1, 1, 0, 0, 0, 1, 0, 0, 0, 0, 2, 1, 0, 1, 0, 2, 2, 1, 0, 1, 2, 2, 1, 2, 1, 2, 1, 0, 2, 0, 0, 0, 1, 0, 0, 2, 1, 0, 0, 0, 2, 2, 1, 1, 2, 0, 0, 1, 2, 0, 1, 1, 1, 1, 0, 2, 1, 2, 0, 1, 0, 1, 0, 0, 1, 2, 1, 0, 0, 0, 2, 1, 1, 0, 2, 1, 2, 0, 0, 0, 0, 0, 2, 1, 1, 0, 1, 2, 0, 0, 1, 2, 1, 2, 0, 0, 0, 2, 1, 1, 1, 0, 2, 2, 0, 1, 0, 2, 0, 2, 2, 0, 2, 0, 0, 2, 1, 2, 0, 1, 0, 0, 0, 1, 0, 1, 1, 0, 2, 1, 1, 2, 0, 1, 2, 2, 2, 2, 2, 2, 2, 1, 0, 0, 0, 0, 0, 0, 0, 2, 0, 2, 2, 1, 2, 0, 0, 2, 2, 0, 0, 2, 0, 0, 2, 0, 0, 0, 1, 1, 0, 2, 1, 2, 1, 1, 0, 1, 2, 2, 0, 0, 1, 2, 0, 2, 0, 2, 1, 1, 1, 2, 2, 2, 0, 2, 2, 2, 2, 0, 1, 0, 1, 0, 1, 2, 0, 0, 2, 2, 0, 0, 2, 2, 0, 2, 0, 0, 0, 1, 0, 2, 2, 0, 1, 2, 0, 2, 1, 0, 0, 1, 1, 1, 2, 1, 1, 0, 0, 0, 2, 0, 2, 0, 2, 1, 0, 2, 0, 0, 0, 2, 1, 0, 0, 0, 0, 1, 0, 1, 1, 0, 1, 2, 1, 0, 0, 2, 0, 0, 1, 2, 0, 2, 1, 0, 2, 2, 0, 1, 0, 2, 0, 2, 2, 2, 0, 0, 1, 0, 1, 1, 0, 2, 0, 2, 0, 0, 2, 0, 0, 0, 0, 0, 2, 1, 0, 0, 1, 2, 1, 2, 0, 0, 1, 1, 2, 1, 2, 0, 2, 0, 2, 2, 2, 0, 1, 1, 0, 2, 2, 2, 0, 2, 2, 0, 2, 2, 2, 1, 1, 0, 0, 2, 2, 0, 2, 0, 2, 0, 2, 0, 0, 1, 2, 2, 0, 0, 1, 1, 0, 2, 2, 0, 1, 0, 0, 2, 0, 0, 2, 0, 0, 0, 0, 1, 2, 0, 0, 2, 2, 1, 0, 1, 0, 0, 2, 1, 0, 0, 0, 0, 1, 0, 0, 0, 0, 2, 2, 1, 1, 2, 2, 0, 0, 2, 1, 2, 2, 0, 1, 1, 0, 0, 0, 1, 0, 0, 0, 2, 2, 0, 2, 2, 1, 1, 1, 1, 1, 0, 2, 0, 0, 2, 2, 0, 2, 0, 2, 0, 0, 0, 0, 0, 1, 0, 0, 0, 1, 2, 2, 0, 1, 1, 0, 0, 1, 1, 1, 1, 0, 1, 0, 0, 0, 0, 1, 0, 1, 2, 0, 0, 2, 2, 0, 0, 2, 0, 2, 1, 0, 0, 2, 1, 0, 1, 0, 0, 1, 0, 0, 2, 1, 2, 2, 0, 2, 0, 0, 2, 2, 0, 0, 0, 0, 0, 0, 0, 2, 2, 0, 0, 2, 1, 1, 1, 0, 2, 0, 2, 0, 1, 0, 1, 2, 2, 1, 0, 0, 0, 2, 0, 2, 1, 0, 2, 2, 0, 0, 0, 0, 0, 0, 0, 1, 1, 2, 1, 2, 0, 0, 0, 2, 0, 0, 2, 0, 2, 0, 1, 0, 0, 2, 0, 0, 0, 1, 1, 0, 0, 2, 1, 2, 0, 0, 1, 0, 2, 0, 2, 1, 0, 0, 0, 0, 0, 2, 2, 1, 2, 0, 2, 0, 0, 0, 0, 2, 0, 2, 2, 0, 2, 2, 2, 2, 2, 0, 0, 2, 2, 0, 1, 0, 2, 0, 2, 1, 0, 0, 0, 2, 0, 0, 0, 0, 2, 2, 1, 0, 0, 1, 0, 2, 2, 2, 0, 0, 0, 0, 0, 1, 1, 1, 0, 0, 0, 0, 0, 2, 0, 2, 0, 0, 1, 1, 0, 2, 2, 0, 1, 0, 1, 1, 0, 0, 2, 1, 2, 0, 0, 0, 0, 0, 0, 1, 2, 0, 0, 2, 0, 0, 2, 0, 0, 1, 1, 0, 0, 2, 1, 0, 1, 0, 0, 0, 1, 0, 1, 2, 2, 0, 2, 1, 1, 2, 1, 0, 2, 2, 2, 1, 0, 0, 0, 0, 0, 0, 2, 0, 0, 0, 2, 2, 0, 1, 0, 0, 2, 0, 0, 0, 2, 0, 0, 2, 0, 0, 2, 1, 1, 0, 0, 2, 2, 0, 1, 0, 2, 0, 0, 0, 0, 2, 0, 1, 2, 0, 1, 0, 1, 0, 0, 0, 2, 2, 0, 1, 0, 0, 0, 2, 0, 0, 2, 0, 2, 0, 1, 1, 0, 0, 1, 0, 0, 0, 1, 1, 1, 1, 1, 0, 2, 1, 0, 2, 2, 0, 0, 0, 0, 0, 2, 0, 2, 0, 1, 0, 1, 1, 0, 0, 1, 1, 0, 1, 1, 0, 1, 0, 0, 1, 1, 0, 0, 2, 2, 1, 0, 0, 1, 0, 2, 1, 0, 0, 0, 0, 0, 2, 2, 0, 2, 0, 0, 0, 0, 2, 2, 0, 0, 0, 0, 2, 2, 2, 2, 1, 0, 0, 2, 2, 2, 2, 0, 0, 0, 1, 1, 2, 0, 0, 0, 1, 1, 1, 0, 1, 2, 0, 0, 0, 0, 0, 2, 2, 2, 1, 2, 1, 2, 0, 1, 0, 0, 1, 0, 2, 2, 0, 1, 2, 0, 2, 0, 0, 2, 1, 2, 2, 0, 2, 0, 0, 2, 1, 2, 2, 0, 2, 1, 2, 2, 0, 0, 0, 2, 0, 0, 0, 2, 1, 0, 1, 2, 0, 0, 1, 0, 0, 2, 1, 1, 1, 0, 0, 2, 1, 1, 1, 0, 1, 0, 1, 0, 2, 0, 1, 2, 0, 2, 0, 1, 0, 0, 1, 0, 0, 0, 1, 1, 2, 0, 0, 0, 2, 1, 0, 2, 0, 2, 0, 1, 0, 2, 2, 0, 0, 0, 0, 2, 2, 2, 1, 2, 1, 2, 2, 2, 0, 0, 1, 0, 0, 0, 0, 0, 0, 0, 2, 2, 0, 1, 1, 0, 0, 0, 0, 1, 1, 2, 0, 0, 2, 1, 1, 0, 2, 2, 1, 1, 0, 2, 1, 2, 0, 2, 2, 0, 0, 0, 0, 2, 0, 0, 0, 2, 0, 2, 0, 0, 1, 2, 1, 0, 1, 2, 2, 1, 0, 0, 0, 1, 2, 2, 0, 2, 0, 1, 1, 0, 0, 1, 2, 0, 0, 1, 2, 2, 0, 1, 0, 1, 1, 2, 0, 2, 2, 2, 2, 0, 0, 0, 0, 0, 1, 0, 0, 2, 1, 0, 0, 0, 2, 2, 0, 1, 0, 2, 2, 0, 0, 1, 0, 0, 2, 2, 0, 1, 1, 1, 0, 2, 2, 2, 0, 0, 0, 0, 0, 0, 2, 2, 1, 2, 0, 0, 2, 0, 0, 1, 0, 0, 0, 0, 1, 0, 0, 2, 1, 0, 2, 2, 0, 0, 0, 0, 1, 0, 0, 2, 1, 0, 1, 0, 2, 0, 1, 0, 0, 0, 0, 0, 0, 0, 2, 2, 2, 1, 2, 0, 0, 0, 1, 1, 1, 0, 0, 0, 1, 0, 0, 2, 0, 1, 2, 0, 0, 0, 2, 2, 2, 1, 0, 0, 1, 0, 2, 1, 2, 1, 2, 2, 2, 1, 2, 2, 1, 1, 0, 1, 0, 0, 0, 2, 1, 1, 0, 1, 2, 1, 1, 0, 2, 0, 2, 1, 0, 0, 2, 1, 2, 1, 0, 2, 1, 0, 0, 2, 0, 0, 1, 0, 1, 0, 0, 0, 1, 0, 1, 2, 1, 0, 0, 2, 1, 0, 1, 2, 0, 0, 0, 1, 2, 1, 0, 1, 1, 1, 2, 0, 0, 0, 2, 1, 0, 2, 0, 1, 0, 2, 2, 0, 1, 0, 2, 0, 2, 0, 0, 0, 1, 0, 1, 1, 0, 0, 0, 0, 2, 2, 1, 0, 0, 0, 0, 1, 2, 2, 1, 0, 0, 0, 0, 2, 0, 1, 1, 2, 2, 1, 0, 2, 2, 2, 0, 0, 2, 0, 2, 0, 2, 1, 0, 0, 2, 1, 2, 0, 0, 2, 1, 1, 1, 2, 0, 0, 0, 2, 1, 2, 0, 1, 0, 2, 1, 2, 0, 0, 0, 1, 2, 0, 1, 0, 0, 2, 1, 2, 1, 0, 1, 1, 1, 1, 1, 0, 0, 0, 2, 1, 1, 0, 2, 0, 0, 0, 0, 1, 1, 0, 1, 0, 2, 0, 0, 1, 2, 0, 1, 2, 1, 0, 1, 2, 0, 2, 1, 1, 1, 0, 0, 0, 0, 2, 1, 1, 1, 0, 0, 1, 0, 2, 0, 0, 1, 0, 1, 2, 0, 0, 1, 1, 1, 0, 0, 1, 0, 1, 0, 0, 0, 0, 0, 1, 2, 0, 2, 1, 1, 0, 0, 1, 0, 2, 0, 0, 0, 2, 0, 0, 0, 0, 0, 2, 0, 1, 1, 0, 0, 2, 0, 2, 2, 1, 0, 2, 2, 0, 0, 1, 1, 0, 1, 2, 2, 2, 0, 2, 1, 0, 0, 2, 1, 0, 0, 1, 0, 0, 0, 2, 0, 1, 1, 0, 2, 1, 2, 1, 0, 0, 0, 0, 0, 1, 1, 1, 0, 2, 0, 0, 2, 0, 2, 0, 1, 2, 2, 0, 0, 2, 0, 2, 0, 1, 0, 0, 2, 1, 2, 2, 0, 0, 2, 0, 0, 0, 1, 0, 2, 2, 1, 0, 1, 2, 2, 1, 1, 0, 0, 0, 1, 1, 0, 1, 2, 2, 0, 2, 2, 0, 1, 2, 2, 1, 1, 0, 2, 1, 0, 2, 2, 1, 0, 1, 0, 1, 1, 0, 1, 2, 0, 1, 0, 1, 1, 1, 1, 2, 0, 0, 2, 1, 2, 1, 1, 1, 0, 0, 2, 0, 0, 2, 2, 2, 0, 2, 0, 0, 0, 0, 0, 1, 1, 0, 0, 1, 1, 2, 2, 1, 0, 2, 0, 2, 0, 0, 0, 0, 2, 0, 2, 0, 0, 0, 2, 0, 0, 2, 0, 2, 0, 0, 0, 0, 0, 1, 1, 0, 1, 0, 2, 0, 1, 0, 1, 0, 0, 2, 2, 1, 2, 0, 0, 0, 0, 0, 0, 0, 0, 2, 0, 0, 1, 0, 0, 1, 0, 0, 2, 0, 1, 0, 2, 2, 2, 1, 2, 0, 0, 1, 1, 0, 0, 0, 0, 1, 0, 2, 0, 2, 1, 1, 1, 0, 0, 0, 1, 1, 1, 0, 0, 2, 2, 0, 0, 2, 0, 2, 0, 1, 2, 0, 1, 0, 2, 0, 1, 2, 2, 1, 2, 2, 0, 2, 0, 1, 2, 2, 2, 1, 0, 0, 0, 0, 0, 2, 0, 0, 2, 0, 0, 0, 0, 2, 2, 0, 0, 2, 2, 0, 1, 0, 0, 0, 2, 1, 2, 1, 2, 0, 0, 1, 1, 0, 0, 0, 2, 0, 2, 1, 1, 1, 2, 2, 2, 0, 0, 0, 2, 0, 2, 0, 1, 0, 0, 0, 0, 0, 1, 1, 1, 0, 0, 1, 0, 0, 0, 1, 2, 0, 1, 2, 1, 1, 0, 2, 0, 0, 1, 1, 1, 1, 2, 0, 0, 0, 2, 0, 0, 1, 2, 2, 0, 0, 2, 0, 0, 0, 0, 2, 1, 0, 0, 2, 1, 2, 0, 1, 1, 1, 0, 2, 1, 2, 2, 0, 1, 0, 0, 1, 0, 0, 1, 2, 2, 0, 2, 0, 0, 2, 0, 2, 2, 1, 0, 1, 1, 2, 0, 0, 0, 0, 0, 2, 1, 2, 0, 2, 2, 0, 0, 0, 1, 0, 0, 0, 2, 0, 0, 0, 1, 1, 0, 0, 0, 2, 2, 0, 0, 1, 1, 0, 2, 2, 2, 1, 0, 2, 0, 1, 1, 2, 2, 2, 2, 0, 0, 0, 0, 0, 0, 0, 0, 2, 0, 1, 2, 0, 0, 0, 0, 0, 0, 0, 0, 0, 0, 0, 0, 0, 0, 1, 2, 0, 2, 2, 1, 0, 0, 2, 0, 2, 0, 0, 1, 1, 2, 2, 2, 0, 0, 0, 2, 0, 2, 2, 1, 1, 0, 0, 2, 1, 0, 2, 1, 0, 0, 0, 2, 0, 0, 2, 0, 0, 0, 1, 2, 0, 1, 2, 1, 0, 2, 2, 0, 0, 2, 2, 2, 0, 2, 2, 1, 1, 2, 2, 2, 0, 2, 2, 0, 0, 0, 2, 0, 2, 0, 0, 1, 0, 2, 2, 1, 2, 2, 2, 1, 1, 0, 1, 0, 1, 0, 0, 1, 1, 1, 0, 1, 2, 2, 0, 0, 2, 0, 1, 0, 1, 1, 2, 2, 1, 0, 1, 1, 2, 0, 0, 1, 0, 2, 1, 1, 0, 1, 0, 2, 0, 2, 2, 0, 0, 1, 1, 2, 2, 1, 2, 0, 2, 1, 2, 2, 0, 0, 1, 2, 0, 2, 0, 1, 1, 0, 2, 0, 0, 2, 2, 0, 2, 0, 0, 0, 0, 2, 1, 1, 1, 2, 0, 2, 1, 0, 0, 1, 0, 1, 0, 2, 1, 0, 0, 0, 2, 2, 2, 0, 0, 0, 0, 0, 0, 2, 0, 0, 0, 0, 0, 0, 1, 2, 0, 2, 2, 0, 0, 2, 1, 0, 1, 2, 2, 1, 1, 0, 0, 0, 0, 0, 0, 1, 0, 0, 2, 2, 0, 0, 1, 0, 2, 0, 0, 1, 1, 0, 2, 0, 0, 2, 1, 0, 0, 2, 1, 1, 2, 0, 2, 1, 1, 0, 1, 0, 2, 2, 0, 0, 2, 2, 2, 2, 2, 2, 1, 0, 1, 1, 1, 0, 1, 1, 2, 1, 0, 2, 2, 2, 1, 1, 2, 0, 0, 0, 0, 0, 1, 0, 0, 0, 0, 2, 0, 0, 1, 1, 2, 2, 2, 0, 2, 2, 1, 1, 0, 0, 0, 0, 0, 0, 2, 2, 0, 1, 1, 1, 0, 0, 0, 0, 0, 2, 1, 0, 1, 0, 2, 2, 2, 1, 2, 1, 2, 2, 2, 2, 0, 0, 1, 0, 0, 2, 1, 1, 1, 2, 0, 0, 2, 0, 1, 1, 2, 1, 0, 2, 0, 0, 0, 0, 2, 0, 0, 0, 2, 0, 2, 0, 1, 1, 0, 0, 1, 2, 1, 1, 0, 0, 0, 0, 0, 2, 0, 2, 0, 0, 1, 0, 0, 2, 1, 0, 0, 1, 0, 1, 2, 1, 2, 1, 0, 2, 1, 1, 1, 0, 1, 0, 0, 0, 0, 1, 0, 0, 2, 0, 0, 0, 1, 0, 1, 1, 0, 0, 2, 0, 2, 0, 2, 0, 0]
0.5218991534781009
array([[1293,    1,    0],
       [ 539,  125,    0],
       [ 725,   34,    0]])
