epoch: 1
100
106.32568717002869
200
210.16055345535278
300
308.182834148407
400
401.98997354507446
500
504.2068672180176
600
594.6103296279907
Epoch: 1 | Training Loss: 0.555418 | Train ACC: 0.7516
epoch: 2
100
764.2419230937958
200
861.3840627670288
300
953.4074335098267
400
1045.1180157661438
500
1130.6442565917969
600
1222.7540996074677
Epoch: 2 | Training Loss: 0.422173 | Train ACC: 0.8270
epoch: 3
100
1408.8805541992188
200
1514.997037410736
300
1609.258910894394
400
1699.0814332962036
500
1787.9752147197723
600
1876.8089883327484
Epoch: 3 | Training Loss: 0.356290 | Train ACC: 0.8519
epoch: 4
100
2037.7242920398712
200
2125.2542798519135
300
2214.452640771866
400
2304.3301289081573
500
2394.776328086853
600
2481.84463262558
Epoch: 4 | Training Loss: 0.300990 | Train ACC: 0.8776
epoch: 5
100
2642.7820127010345
200
2732.0449163913727
300
2824.734574317932
400
2915.0289747714996
500
3003.5809366703033
600
3093.0543234348297
Epoch: 5 | Training Loss: 0.272304 | Train ACC: 0.8909
epoch: 6
100
3261.664160013199
200
3358.1639981269836
300
3448.359174966812
400
3541.311788082123
500
3643.2145626544952
600
3740.548665046692
Epoch: 6 | Training Loss: 0.246590 | Train ACC: 0.9003
epoch: 7
100
3899.652717590332
200
3990.309508085251
300
4080.1580860614777
400
4169.2908890247345
500
4256.978657007217
600
4341.085228204727
Epoch: 7 | Training Loss: 0.231963 | Train ACC: 0.9102
epoch: 8
100
4502.66782951355
200
4599.686242103577
300
4694.207971096039
400
4780.634888887405
500
4868.157907247543
600
4957.872071027756
Epoch: 8 | Training Loss: 0.208229 | Train ACC: 0.9179
epoch: 9
100
5118.5821697711945
200
5208.504367828369
300
5297.880667924881
400
5387.917689085007
500
5475.908962726593
600
5564.689340353012
Epoch: 9 | Training Loss: 0.196399 | Train ACC: 0.9249
epoch: 10
100
5727.144371509552
200
5818.352412223816
300
5908.272792100906
400
5999.236142158508
500
6084.470789432526
600
6174.308716058731
Epoch: 10 | Training Loss: 0.175274 | Train ACC: 0.9374
Training complete in 104m 6s
Validation Loss: 0.565357 | Validation ACC: 0.7892
epoch: 1
100
92.03888511657715
200
182.3927993774414
300
273.80034136772156
400
363.43689465522766
500
454.1560015678406
600
544.2888379096985
Epoch: 1 | Training Loss: 0.560678 | Train ACC: 0.7617
epoch: 2
100
707.4859669208527
200
809.3963177204132
300
910.7369377613068
400
1003.7072722911835
500
1103.7904255390167
600
1204.7310647964478
Epoch: 2 | Training Loss: 0.418510 | Train ACC: 0.8293
epoch: 3
100
1380.7196590900421
200
1473.3424623012543
300
1561.1430332660675
400
1650.8326354026794
500
1740.8550033569336
600
1830.1087727546692
Epoch: 3 | Training Loss: 0.351881 | Train ACC: 0.8620
epoch: 4
100
1992.1565992832184
200
2082.858186006546
300
2171.6937172412872
400
2262.875907421112
500
2349.967541217804
600
2435.4041397571564
Epoch: 4 | Training Loss: 0.309647 | Train ACC: 0.8764
epoch: 5
100
2603.311479330063
200
2704.6277945041656
300
2802.824002981186
400
2904.3995621204376
500
3001.9340426921844
600
3093.107586622238
Epoch: 5 | Training Loss: 0.285330 | Train ACC: 0.8845
epoch: 6
100
3254.546816587448
200
3344.77814078331
300
3436.1753754615784
400
3535.0732872486115
500
3635.8044090270996
600
3735.438351392746
Epoch: 6 | Training Loss: 0.254268 | Train ACC: 0.9010
epoch: 7
100
3896.029401540756
200
3984.939521789551
300
4075.454521179199
400
4166.609513998032
500
4257.643736839294
600
4349.469353437424
Epoch: 7 | Training Loss: 0.229230 | Train ACC: 0.9089
epoch: 8
100
4510.166924238205
200
4600.393467664719
300
4691.738157510757
400
4781.840923309326
500
4871.224025964737
600
4960.839818239212
Epoch: 8 | Training Loss: 0.193360 | Train ACC: 0.9218
epoch: 9
100
5141.6425886154175
200
5242.6019542217255
300
5338.496407032013
400
5440.00790977478
500
5539.321947813034
600
5638.854476213455
Epoch: 9 | Training Loss: 0.182505 | Train ACC: 0.9271
epoch: 10
100
5799.004178285599
200
5889.482483148575
300
5979.566974163055
400
6069.9017832279205
500
6158.590574979782
600
6244.923416137695
Epoch: 10 | Training Loss: 0.157244 | Train ACC: 0.9374
Training complete in 105m 16s
Validation Loss: 0.887528 | Validation ACC: 0.7214
epoch: 1
100
88.66208958625793
200
176.96139645576477
300
265.25287556648254
400
354.62626791000366
500
442.0891582965851
600
527.3139476776123
Epoch: 1 | Training Loss: 0.560944 | Train ACC: 0.7588
epoch: 2
100
685.3426263332367
200
773.1854927539825
300
860.9943244457245
400
949.7574198246002
500
1039.1419186592102
600
1126.482801914215
Epoch: 2 | Training Loss: 0.420718 | Train ACC: 0.8243
epoch: 3
100
1285.9744482040405
200
1372.349050283432
300
1461.3119549751282
400
1551.452145576477
500
1640.5563852787018
600
1727.968385219574
Epoch: 3 | Training Loss: 0.357153 | Train ACC: 0.8557
epoch: 4
100
1887.5689098834991
200
1976.6134312152863
300
2065.9088411331177
400
2154.9423546791077
500
2243.137654066086
600
2333.835200548172
Epoch: 4 | Training Loss: 0.306596 | Train ACC: 0.8730
epoch: 5
100
2496.5701379776
200
2582.4488010406494
300
2669.8343827724457
400
2758.070611000061
500
2846.0564806461334
600
2935.686909198761
Epoch: 5 | Training Loss: 0.272223 | Train ACC: 0.8865
epoch: 6
100
3094.414200782776
200
3183.2702946662903
300
3272.669305562973
400
3361.070781469345
500
3449.0200855731964
600
3537.648812532425
Epoch: 6 | Training Loss: 0.233441 | Train ACC: 0.9041
epoch: 7
100
3699.8345777988434
200
3790.325909614563
300
3880.211093187332
400
3970.8310124874115
500
4059.0909667015076
600
4148.574546098709
Epoch: 7 | Training Loss: 0.209645 | Train ACC: 0.9168
epoch: 8
100
4305.5077252388
200
4392.299305677414
300
4481.312571763992
400
4570.316243648529
500
4660.8130424022675
600
4750.301596879959
Epoch: 8 | Training Loss: 0.187792 | Train ACC: 0.9214
epoch: 9
100
4909.159012079239
200
4997.6137154102325
300
5084.620369672775
400
5172.478945016861
500
5259.744535923004
600
5346.679561138153
Epoch: 9 | Training Loss: 0.182091 | Train ACC: 0.9284
epoch: 10
100
5504.4275233745575
200
5592.721974849701
300
5681.675508260727
400
5769.830529212952
500
5858.180842161179
600
5947.436030626297
Epoch: 10 | Training Loss: 0.157623 | Train ACC: 0.9389
Training complete in 100m 19s
Validation Loss: 6.833079 | Validation ACC: 0.3780
kfold preds 0: [2, 2, 0, 0, 2, 0, 1, 1, 2, 0, 0, 0, 0, 2, 0, 1, 2, 1, 2, 0, 2, 0, 2, 2, 1, 0, 2, 0, 0, 0, 0, 2, 0, 0, 0, 0, 0, 1, 2, 0, 2, 0, 2, 2, 0, 2, 2, 1, 0, 0, 0, 2, 0, 0, 2, 0, 0, 1, 0, 0, 2, 0, 2, 0, 0, 0, 1, 0, 0, 0, 0, 2, 2, 0, 0, 0, 2, 2, 1, 0, 0, 0, 0, 0, 0, 0, 2, 0, 0, 0, 2, 2, 1, 1, 0, 0, 0, 0, 0, 2, 0, 0, 0, 1, 1, 0, 0, 0, 2, 0, 0, 0, 2, 0, 0, 2, 2, 0, 2, 0, 0, 0, 0, 0, 1, 0, 2, 0, 0, 2, 0, 2, 2, 2, 2, 0, 0, 0, 0, 0, 1, 0, 2, 2, 0, 2, 2, 1, 0, 2, 2, 2, 0, 0, 2, 0, 1, 0, 2, 1, 2, 0, 2, 0, 2, 0, 0, 2, 0, 2, 2, 0, 0, 0, 2, 1, 0, 2, 2, 0, 2, 0, 0, 2, 0, 2, 2, 0, 2, 0, 2, 2, 0, 0, 0, 2, 2, 0, 0, 2, 0, 2, 2, 2, 0, 2, 2, 0, 0, 0, 2, 0, 0, 0, 0, 2, 0, 2, 0, 2, 2, 2, 0, 2, 2, 2, 0, 0, 2, 0, 0, 0, 0, 0, 2, 2, 0, 2, 1, 0, 0, 2, 2, 0, 0, 0, 1, 0, 2, 0, 0, 0, 0, 1, 0, 0, 2, 0, 2, 0, 0, 2, 0, 1, 0, 2, 0, 0, 2, 0, 2, 2, 2, 0, 0, 2, 0, 0, 0, 2, 2, 0, 1, 2, 0, 2, 0, 2, 2, 1, 2, 2, 1, 0, 0, 0, 0, 0, 2, 2, 0, 0, 0, 2, 2, 0, 0, 0, 0, 0, 0, 1, 0, 0, 2, 0, 0, 2, 0, 0, 0, 0, 0, 0, 0, 0, 0, 1, 1, 0, 2, 0, 0, 2, 0, 0, 2, 2, 0, 2, 2, 0, 1, 1, 0, 0, 0, 0, 0, 0, 0, 1, 0, 1, 0, 0, 0, 2, 2, 2, 1, 2, 0, 1, 0, 2, 0, 1, 0, 2, 1, 2, 0, 0, 2, 0, 1, 0, 0, 0, 2, 0, 2, 0, 0, 0, 0, 2, 1, 0, 0, 0, 1, 0, 0, 0, 1, 0, 0, 0, 2, 2, 0, 1, 2, 1, 0, 0, 2, 0, 2, 0, 0, 0, 2, 1, 0, 1, 0, 2, 2, 0, 2, 0, 1, 2, 2, 2, 0, 0, 0, 0, 1, 0, 2, 0, 0, 1, 0, 0, 2, 0, 1, 0, 2, 0, 2, 1, 2, 0, 2, 2, 0, 2, 1, 2, 2, 2, 2, 0, 0, 0, 0, 0, 1, 0, 0, 0, 2, 2, 1, 2, 0, 0, 0, 2, 0, 0, 1, 0, 0, 1, 0, 1, 0, 2, 1, 0, 0, 0, 0, 2, 0, 0, 0, 2, 2, 0, 2, 2, 2, 0, 2, 0, 0, 2, 0, 1, 1, 0, 2, 1, 2, 2, 0, 2, 0, 2, 0, 2, 2, 1, 0, 0, 2, 2, 2, 0, 0, 0, 2, 0, 1, 0, 0, 2, 2, 2, 1, 2, 0, 2, 2, 2, 1, 1, 1, 0, 1, 2, 1, 0, 2, 2, 0, 0, 0, 2, 2, 1, 0, 0, 2, 0, 1, 0, 0, 0, 2, 2, 0, 0, 0, 0, 2, 0, 2, 2, 1, 2, 1, 1, 0, 0, 0, 0, 0, 2, 2, 2, 2, 1, 0, 2, 2, 0, 0, 0, 0, 0, 0, 0, 1, 2, 0, 2, 0, 1, 1, 0, 2, 0, 2, 0, 0, 2, 2, 2, 0, 0, 0, 1, 2, 0, 2, 0, 1, 0, 2, 0, 0, 2, 2, 0, 0, 2, 2, 0, 0, 2, 1, 2, 0, 2, 2, 2, 2, 0, 2, 2, 0, 0, 0, 2, 2, 0, 2, 0, 0, 0, 0, 2, 0, 2, 0, 2, 0, 0, 0, 2, 2, 0, 0, 0, 0, 2, 2, 0, 2, 2, 2, 2, 1, 0, 2, 0, 0, 2, 0, 0, 0, 0, 0, 2, 0, 0, 2, 2, 2, 0, 2, 0, 0, 1, 2, 0, 2, 0, 0, 0, 0, 0, 0, 0, 2, 0, 0, 2, 2, 0, 0, 0, 2, 1, 0, 2, 0, 0, 2, 0, 0, 0, 2, 0, 0, 1, 0, 2, 0, 2, 2, 1, 1, 1, 1, 2, 0, 2, 0, 1, 2, 0, 0, 2, 1, 0, 0, 0, 0, 0, 2, 2, 0, 0, 0, 0, 2, 2, 0, 0, 0, 0, 2, 2, 1, 0, 2, 2, 1, 0, 0, 1, 0, 1, 0, 2, 0, 0, 0, 0, 0, 1, 0, 2, 0, 2, 2, 2, 0, 2, 2, 0, 0, 2, 2, 2, 0, 0, 2, 1, 1, 2, 2, 2, 0, 2, 2, 2, 0, 0, 2, 2, 0, 2, 0, 2, 2, 0, 2, 2, 2, 1, 2, 0, 1, 2, 0, 0, 2, 0, 0, 2, 2, 1, 0, 0, 0, 1, 0, 2, 2, 0, 2, 2, 0, 0, 0, 0, 2, 0, 0, 2, 1, 2, 1, 2, 2, 0, 0, 0, 0, 0, 2, 0, 2, 0, 0, 0, 0, 2, 0, 0, 0, 0, 1, 0, 0, 2, 1, 0, 0, 0, 1, 2, 2, 0, 2, 1, 0, 0, 0, 0, 0, 2, 2, 2, 2, 1, 0, 0, 2, 0, 0, 2, 0, 0, 2, 0, 0, 0, 1, 0, 2, 0, 0, 0, 0, 0, 2, 0, 1, 0, 2, 2, 0, 0, 0, 2, 0, 0, 0, 0, 2, 2, 0, 0, 0, 0, 0, 2, 1, 2, 0, 0, 2, 0, 0, 2, 0, 0, 0, 2, 0, 0, 0, 2, 0, 2, 0, 1, 0, 2, 2, 2, 0, 0, 0, 0, 0, 1, 0, 0, 2, 0, 2, 0, 1, 0, 0, 2, 0, 1, 0, 0, 0, 2, 0, 0, 2, 0, 0, 0, 1, 0, 0, 0, 1, 2, 2, 0, 0, 0, 2, 0, 1, 0, 0, 2, 2, 2, 2, 2, 2, 0, 2, 2, 2, 0, 0, 0, 1, 1, 0, 0, 2, 0, 0, 0, 2, 1, 0, 0, 2, 0, 2, 0, 0, 0, 2, 0, 0, 1, 0, 0, 1, 0, 0, 0, 0, 2, 0, 0, 1, 0, 2, 0, 2, 1, 0, 0, 0, 2, 2, 0, 0, 0, 1, 0, 0, 0, 0, 2, 0, 2, 0, 0, 0, 0, 0, 0, 0, 0, 0, 0, 2, 1, 0, 0, 0, 0, 0, 0, 0, 2, 2, 2, 1, 0, 0, 2, 0, 2, 0, 2, 1, 0, 0, 0, 2, 2, 0, 1, 2, 0, 0, 2, 0, 0, 2, 2, 0, 1, 2, 2, 1, 0, 0, 0, 2, 0, 1, 2, 2, 2, 0, 2, 0, 0, 2, 2, 2, 0, 0, 0, 2, 1, 2, 0, 1, 0, 1, 0, 0, 0, 1, 0, 0, 0, 0, 2, 2, 0, 0, 0, 2, 0, 2, 2, 1, 0, 1, 2, 0, 2, 2, 2, 0, 2, 0, 1, 2, 0, 0, 1, 2, 0, 0, 0, 2, 0, 2, 2, 0, 0, 1, 1, 2, 0, 0, 0, 0, 2, 0, 2, 2, 0, 0, 2, 0, 2, 0, 2, 2, 1, 2, 2, 0, 2, 0, 0, 2, 2, 2, 0, 0, 2, 2, 0, 2, 2, 0, 0, 2, 0, 0, 0, 2, 2, 0, 2, 2, 0, 2, 2, 0, 0, 0, 2, 0, 0, 0, 2, 2, 2, 1, 1, 0, 2, 0, 2, 0, 0, 0, 0, 0, 0, 2, 0, 0, 1, 1, 0, 0, 0, 0, 0, 1, 2, 0, 2, 0, 2, 2, 0, 2, 2, 2, 0, 2, 0, 2, 2, 0, 0, 0, 2, 2, 2, 2, 2, 0, 1, 2, 0, 2, 0, 0, 2, 1, 0, 0, 0, 2, 0, 2, 0, 1, 0, 0, 2, 0, 2, 0, 2, 0, 1, 2, 0, 0, 1, 1, 2, 0, 2, 0, 2, 1, 2, 0, 2, 0, 0, 2, 2, 0, 0, 1, 0, 2, 2, 0, 2, 0, 0, 2, 0, 0, 1, 2, 2, 0, 0, 2, 2, 2, 0, 1, 0, 0, 2, 0, 2, 2, 0, 2, 2, 0, 1, 1, 2, 0, 0, 1, 2, 2, 0, 2, 0, 2, 0, 0, 0, 1, 2, 0, 2, 0, 0, 0, 0, 0, 2, 0, 0, 2, 2, 0, 2, 0, 0, 2, 0, 2, 2, 0, 2, 0, 0, 2, 0, 0, 2, 2, 0, 1, 0, 0, 0, 0, 2, 0, 0, 2, 1, 0, 0, 1, 2, 2, 2, 2, 0, 0, 1, 0, 0, 0, 0, 2, 0, 0, 0, 0, 0, 1, 1, 2, 0, 0, 0, 0, 1, 2, 0, 0, 0, 2, 2, 0, 2, 0, 2, 0, 1, 0, 2, 0, 0, 0, 0, 2, 1, 2, 0, 0, 2, 0, 0, 0, 0, 2, 0, 2, 2, 0, 2, 0, 0, 1, 0, 2, 2, 0, 0, 0, 2, 2, 0, 1, 0, 0, 2, 0, 2, 0, 0, 0, 2, 0, 0, 1, 2, 0, 0, 2, 0, 0, 0, 0, 0, 2, 2, 0, 0, 0, 2, 1, 2, 1, 0, 0, 2, 2, 0, 0, 2, 2, 2, 0, 0, 2, 0, 0, 0, 0, 2, 0, 0, 0, 0, 2, 0, 2, 2, 0, 2, 2, 2, 0, 0, 0, 1, 0, 2, 2, 0, 0, 0, 2, 2, 0, 0, 1, 2, 2, 2, 2, 0, 0, 0, 0, 0, 2, 0, 0, 2, 1, 2, 0, 0, 0, 2, 0, 2, 0, 0, 0, 0, 0, 0, 2, 2, 1, 2, 0, 2, 2, 1, 0, 0, 0, 0, 2, 0, 2, 1, 1, 0, 0, 0, 2, 0, 2, 0, 2, 2, 1, 0, 2, 1, 2, 1, 0, 2, 0, 2, 0, 1, 1, 0, 0, 2, 1, 2, 0, 0, 0, 1, 1, 1, 1, 0, 0, 0, 2, 1, 2, 0, 0, 0, 2, 1, 0, 2, 0, 0, 2, 2, 0, 0, 0, 0, 2, 2, 1, 2, 2, 2, 0, 2, 0, 2, 0, 2, 0, 2, 0, 2, 0, 2, 0, 0, 2, 0, 0, 2, 1, 1, 1, 2, 0, 0, 2, 2, 1, 1, 2, 0, 0, 0, 2, 0, 0, 1, 1, 2, 0, 0, 0, 0, 0, 0, 2, 2, 0, 0, 2, 2, 2, 0, 0, 0, 0, 2, 2, 0, 0, 2, 0, 1, 0, 0, 1, 0, 1, 0, 0, 0, 0, 0, 1, 0, 0, 2, 2, 2, 0, 0, 0, 0, 0, 2, 0, 0, 0, 0, 0, 0, 0, 0, 0, 0, 2, 1, 0, 0, 2, 0, 2, 0, 0, 0, 1, 1, 0, 0, 1, 2, 0, 2, 0, 2, 2, 0, 2, 0, 0, 0, 0, 0, 2, 0, 2, 0, 0, 0, 2, 0, 1, 2, 0, 2, 2, 2, 2, 2, 0, 0, 2, 2, 2, 2, 1, 0, 1, 1, 0, 1, 0, 0, 0, 0, 0, 0, 0, 0, 2, 0, 1, 0, 2, 0, 0, 2, 2, 0, 2, 0, 1, 0, 0, 0, 0, 2, 0, 2, 0, 0, 0, 0, 0, 2, 2, 1, 0, 0, 0, 2, 2, 0, 1, 2, 0, 2, 2, 0, 0, 0, 1, 1, 2, 2, 0, 0, 2, 0, 0, 2, 2, 2, 2, 0, 2, 2, 0, 2, 2, 2, 2, 0, 1, 2, 2, 0, 2, 0, 1, 2, 0, 2, 2, 2, 0, 0, 0, 1, 2, 0, 2, 1, 0, 0, 2, 2, 0, 0, 0, 2, 1, 0, 0, 0, 0, 1, 2, 1, 2, 1, 2, 0, 2, 2, 1, 0, 0, 2, 0, 1, 0, 0, 0, 1, 0, 0, 2, 0, 1, 0, 2, 2, 0, 0, 2, 0, 0, 2, 0, 2, 0, 0, 0, 2, 2, 0, 0, 2, 2, 2, 0, 0, 2, 0, 0, 0, 0, 0, 2, 2, 0, 2, 0, 0, 0, 0, 0, 1, 0, 2, 0, 2, 2, 2, 0, 0, 0, 0, 0, 0, 0, 0, 1, 1, 1, 2, 2, 2, 2, 0, 1, 2, 0, 1, 1, 1, 0, 1, 0, 2, 1, 0, 2, 0, 0, 2, 2, 0, 0, 2, 0, 2, 0, 0, 0, 2, 1, 0, 2, 2, 0, 0, 2, 0, 2, 2, 2, 0, 2, 0, 0, 1, 0, 0, 2, 0, 0, 0, 0, 0, 0, 0, 2, 1, 0, 0, 1, 2, 0, 2, 1, 2, 0, 2, 2, 2, 0, 2, 0, 0, 0, 1, 1, 2, 0, 2, 0, 2, 1, 0, 0, 0, 1, 2, 0, 0, 0, 0, 0, 2, 0, 1, 0, 0, 0, 0, 0, 2, 1, 1, 0, 0, 2, 2, 0, 0, 0, 2, 0, 2, 0, 2, 2, 0, 1, 0, 0, 1, 1, 1, 2, 2, 0, 0, 0, 2, 2, 0, 2, 2, 2, 2, 0, 0, 0, 1, 0, 2, 1, 0, 1, 0, 0, 0, 2, 1, 2, 2, 0, 2, 2, 1, 2, 1, 0, 1, 0, 0, 1, 0, 0, 2, 0, 2, 0, 2, 0, 0, 2, 0, 0, 0, 1, 0, 2, 1, 0, 1, 0, 0, 0, 0, 0, 0, 2, 0, 2, 0, 0, 1, 0, 1, 0, 0, 0, 0, 1, 0, 0, 0, 1, 0, 0, 0, 0, 2, 0, 0, 0, 2, 2, 0, 2, 2, 0, 0, 2, 0, 2, 2, 0, 2, 2, 2, 2, 0, 0, 0, 1, 0, 0, 0, 2, 2, 2, 2, 0, 0, 0, 0, 2, 0, 0, 0, 0, 0, 0, 0, 0, 0, 0, 2, 0, 1, 0, 2, 0, 0, 2, 1, 2, 0, 0, 1, 1, 2, 2, 2, 0, 0, 2, 0, 2, 0, 2, 0, 0, 0, 0, 0, 2, 2, 0, 2, 2, 0, 0, 2, 2, 0, 0, 2, 0, 0, 0, 0, 2, 2, 2, 2, 2, 0, 0, 2, 0, 1, 2, 1, 0, 0, 2, 2, 1, 0, 1, 0, 0, 0, 2, 0, 0, 0, 0, 1, 0, 2, 0, 0, 2, 0, 2, 0, 0, 2, 1, 2, 2, 1, 0, 2, 2, 1, 0, 0, 2, 0, 2, 0, 2, 2, 2, 0, 0, 2, 0, 0, 0, 2, 1, 2, 0, 0, 0, 0, 2, 0, 0, 2, 0, 0, 2, 2, 2, 2, 0, 0, 1, 0, 2, 2, 1, 0, 1, 2, 2, 2, 2, 2, 0, 2, 1, 2, 2, 0, 2, 1, 0, 0, 2, 0, 1, 1, 0, 0, 0, 2, 0, 2, 1, 0, 2, 0, 0, 0, 0, 2, 0, 2, 2, 0, 0, 2, 1, 0, 0, 0, 2, 0, 0, 2, 1, 0, 0, 2, 2, 2, 0, 0, 1, 2, 0, 0, 2, 0, 0, 0, 0, 0, 0, 0, 2, 1, 2, 0, 0, 0, 0, 2, 0, 2, 0, 2, 2, 2, 2, 0, 0, 0, 0, 0, 0, 0, 0, 2, 2, 2, 1, 1, 0, 0, 0, 0, 2, 2, 0, 2, 2, 0, 2, 0, 2, 0, 2, 2, 2, 2, 0, 1, 0, 2, 0, 2, 0, 2, 1, 0, 0, 0, 2, 2, 1, 0, 2, 2, 0, 0, 2, 0, 0, 2, 0, 2, 2, 1, 0, 0, 2, 1, 2, 2, 0, 0, 0, 0, 0, 2, 0, 1, 0, 0, 2, 0, 0, 0, 0, 2, 2, 2, 0, 1, 0, 2, 2, 0, 0, 0, 0, 1, 0, 1, 1, 0, 2, 2, 2, 0, 0, 0, 0, 0, 2, 2, 0, 2, 0, 2, 2, 2, 2, 2, 2, 0, 1, 2, 2, 0, 0, 2, 0, 0, 2, 0, 2, 2, 0, 0, 1, 2, 0, 2, 2, 2, 2, 0, 1, 0, 0, 0, 2, 2, 0, 0, 0, 2, 2, 0, 0, 2, 2, 2, 0, 0, 2, 2, 2, 0, 0, 0, 0, 0, 2, 0, 0, 0, 2, 1, 0, 0, 1, 2, 0, 0, 2, 0, 1, 2, 0, 2, 2, 2, 2, 1, 2, 0, 0, 1, 0, 0, 2, 0, 0, 2, 0, 2, 0, 0, 0, 0, 2, 0, 0, 0, 2, 2, 1, 2, 0, 0, 0, 0]
kfold targets 0: [1, 2, 0, 0, 2, 0, 1, 1, 1, 0, 0, 0, 0, 2, 0, 1, 2, 1, 1, 2, 1, 0, 2, 2, 1, 0, 2, 0, 0, 0, 0, 2, 2, 0, 0, 0, 0, 1, 1, 0, 2, 0, 1, 2, 0, 1, 1, 1, 0, 0, 2, 1, 0, 0, 2, 0, 0, 1, 0, 0, 1, 1, 2, 0, 0, 0, 1, 0, 0, 0, 0, 1, 1, 0, 0, 0, 2, 1, 1, 0, 0, 0, 2, 0, 0, 0, 1, 0, 0, 0, 1, 1, 2, 1, 0, 0, 0, 0, 0, 1, 0, 0, 0, 1, 1, 0, 0, 2, 2, 0, 0, 0, 2, 0, 2, 2, 2, 0, 2, 2, 0, 0, 0, 0, 1, 0, 1, 0, 0, 2, 2, 2, 1, 2, 2, 0, 0, 1, 0, 0, 1, 0, 1, 2, 0, 2, 2, 1, 0, 2, 1, 2, 0, 0, 1, 0, 1, 0, 1, 1, 2, 0, 2, 0, 1, 0, 0, 1, 0, 1, 2, 0, 0, 0, 2, 1, 0, 2, 2, 0, 1, 1, 0, 1, 0, 1, 2, 0, 2, 0, 2, 1, 0, 0, 2, 2, 2, 0, 0, 1, 0, 2, 2, 2, 0, 2, 2, 2, 0, 0, 2, 0, 0, 0, 0, 2, 0, 2, 0, 2, 1, 2, 0, 2, 2, 2, 0, 0, 1, 0, 0, 2, 0, 0, 2, 1, 0, 2, 1, 0, 0, 1, 2, 2, 0, 0, 1, 0, 1, 0, 0, 0, 0, 2, 1, 2, 1, 0, 2, 0, 0, 1, 0, 2, 0, 1, 0, 0, 2, 0, 2, 2, 1, 0, 0, 1, 0, 0, 0, 2, 1, 0, 1, 2, 0, 2, 0, 1, 1, 0, 1, 2, 1, 0, 0, 0, 0, 0, 2, 2, 0, 2, 0, 2, 2, 0, 0, 0, 0, 0, 0, 1, 0, 0, 2, 0, 0, 2, 0, 0, 0, 0, 0, 0, 0, 0, 0, 1, 1, 0, 1, 0, 0, 2, 1, 0, 2, 2, 0, 0, 1, 0, 1, 1, 0, 2, 0, 2, 0, 0, 0, 1, 0, 1, 0, 0, 0, 1, 2, 1, 1, 2, 0, 1, 0, 2, 0, 1, 0, 2, 1, 2, 0, 2, 2, 0, 1, 0, 0, 0, 2, 0, 2, 0, 0, 0, 1, 2, 1, 0, 0, 0, 1, 2, 0, 0, 0, 0, 0, 0, 1, 1, 0, 1, 2, 2, 0, 0, 2, 0, 1, 0, 0, 0, 1, 1, 0, 1, 0, 2, 2, 0, 2, 0, 1, 2, 2, 1, 0, 2, 0, 2, 1, 0, 2, 0, 0, 2, 0, 0, 2, 0, 1, 0, 1, 0, 2, 1, 1, 0, 1, 2, 0, 1, 1, 2, 2, 2, 2, 0, 0, 0, 0, 2, 0, 0, 0, 2, 1, 1, 1, 2, 0, 0, 0, 1, 0, 0, 1, 0, 0, 1, 0, 1, 0, 1, 1, 0, 2, 0, 0, 1, 0, 0, 0, 2, 2, 0, 1, 2, 2, 0, 2, 0, 0, 2, 2, 1, 1, 2, 2, 1, 2, 1, 0, 1, 2, 2, 0, 2, 2, 1, 2, 0, 2, 2, 2, 0, 0, 2, 2, 0, 1, 0, 0, 2, 1, 2, 1, 2, 0, 1, 1, 1, 1, 1, 1, 0, 1, 2, 1, 0, 1, 2, 2, 0, 0, 2, 2, 1, 0, 2, 1, 0, 2, 1, 0, 0, 2, 1, 0, 0, 0, 0, 2, 2, 2, 2, 1, 1, 1, 1, 0, 0, 2, 0, 0, 1, 2, 1, 1, 1, 0, 2, 2, 0, 0, 0, 0, 0, 0, 0, 1, 1, 0, 1, 0, 1, 1, 0, 2, 0, 2, 0, 0, 2, 2, 2, 0, 0, 0, 1, 2, 0, 2, 0, 1, 0, 2, 0, 0, 1, 1, 2, 0, 1, 1, 0, 0, 2, 1, 2, 0, 2, 2, 2, 1, 0, 2, 2, 0, 0, 0, 1, 2, 0, 2, 0, 0, 0, 2, 1, 0, 2, 0, 1, 0, 0, 0, 2, 2, 1, 0, 0, 0, 2, 1, 0, 2, 2, 1, 2, 1, 0, 2, 0, 0, 2, 0, 0, 0, 0, 0, 2, 0, 0, 2, 2, 2, 0, 2, 0, 0, 1, 1, 0, 2, 0, 0, 0, 0, 0, 0, 0, 2, 0, 0, 2, 1, 0, 0, 0, 2, 1, 0, 2, 2, 0, 1, 0, 0, 0, 1, 0, 1, 1, 2, 1, 0, 2, 2, 1, 1, 1, 1, 1, 0, 2, 0, 1, 2, 2, 0, 1, 0, 2, 0, 0, 0, 0, 2, 2, 0, 0, 0, 2, 1, 2, 0, 0, 0, 0, 2, 1, 1, 0, 1, 2, 1, 0, 0, 1, 0, 1, 0, 2, 0, 0, 0, 1, 0, 2, 0, 2, 0, 2, 1, 2, 0, 2, 2, 0, 0, 1, 2, 1, 0, 0, 2, 1, 1, 2, 2, 2, 0, 2, 1, 2, 0, 0, 2, 2, 0, 1, 0, 2, 1, 0, 2, 1, 1, 1, 1, 0, 1, 2, 0, 0, 1, 0, 0, 1, 2, 1, 0, 0, 0, 1, 0, 2, 2, 2, 2, 2, 0, 0, 0, 0, 2, 0, 0, 1, 1, 2, 1, 2, 1, 2, 0, 2, 0, 0, 1, 0, 2, 0, 0, 0, 0, 2, 0, 0, 0, 0, 1, 0, 0, 2, 1, 0, 0, 0, 1, 1, 2, 0, 2, 1, 0, 0, 0, 0, 0, 2, 1, 2, 2, 0, 2, 0, 2, 1, 0, 2, 0, 0, 2, 0, 1, 0, 2, 0, 2, 0, 0, 0, 2, 2, 1, 0, 2, 0, 2, 1, 0, 0, 0, 2, 0, 0, 0, 0, 2, 2, 0, 0, 0, 0, 0, 2, 2, 1, 0, 0, 2, 0, 0, 1, 0, 0, 0, 0, 0, 0, 0, 2, 0, 2, 0, 1, 0, 1, 1, 2, 2, 2, 0, 0, 0, 1, 0, 0, 1, 0, 2, 0, 0, 0, 0, 2, 0, 1, 2, 0, 0, 2, 0, 2, 2, 0, 0, 1, 1, 0, 2, 0, 1, 2, 2, 0, 0, 0, 1, 0, 1, 2, 0, 2, 1, 2, 2, 2, 2, 0, 2, 2, 2, 0, 0, 0, 1, 1, 2, 0, 2, 0, 0, 0, 2, 1, 0, 0, 2, 0, 1, 0, 0, 0, 2, 0, 0, 1, 0, 0, 1, 0, 0, 0, 0, 2, 0, 0, 1, 0, 1, 0, 2, 1, 2, 0, 0, 1, 2, 0, 1, 0, 1, 2, 0, 0, 0, 2, 0, 1, 0, 0, 0, 2, 0, 0, 2, 0, 0, 0, 1, 1, 0, 0, 1, 0, 0, 0, 0, 1, 2, 2, 1, 0, 0, 1, 0, 2, 0, 1, 1, 0, 0, 0, 2, 1, 2, 1, 2, 0, 0, 1, 0, 0, 2, 1, 0, 1, 1, 1, 1, 0, 0, 0, 1, 0, 1, 2, 2, 1, 0, 1, 2, 0, 2, 2, 2, 0, 0, 0, 2, 2, 2, 0, 1, 0, 1, 0, 0, 0, 1, 0, 0, 0, 0, 1, 2, 0, 0, 0, 2, 0, 2, 1, 2, 2, 1, 1, 0, 1, 1, 2, 0, 2, 0, 1, 2, 0, 0, 1, 1, 0, 0, 0, 1, 0, 2, 2, 0, 2, 1, 1, 2, 0, 0, 0, 0, 1, 0, 2, 2, 0, 1, 2, 0, 1, 0, 2, 1, 1, 1, 2, 0, 2, 0, 0, 2, 1, 2, 2, 0, 2, 1, 0, 2, 2, 0, 0, 1, 0, 0, 0, 2, 2, 0, 2, 2, 0, 1, 1, 0, 0, 0, 1, 0, 0, 2, 2, 2, 1, 1, 1, 0, 2, 0, 2, 2, 1, 0, 0, 2, 0, 1, 0, 0, 1, 1, 0, 0, 0, 0, 0, 1, 1, 0, 2, 0, 1, 2, 0, 2, 2, 2, 0, 1, 0, 2, 2, 0, 0, 0, 2, 2, 2, 2, 2, 0, 1, 1, 2, 2, 0, 0, 1, 1, 0, 0, 0, 2, 0, 2, 0, 1, 0, 1, 2, 0, 2, 0, 1, 0, 1, 1, 0, 0, 1, 1, 2, 0, 2, 0, 1, 1, 2, 2, 2, 2, 0, 2, 2, 0, 0, 0, 2, 2, 2, 0, 2, 0, 0, 2, 0, 0, 1, 2, 1, 0, 2, 1, 2, 1, 0, 0, 0, 0, 2, 0, 1, 2, 0, 1, 1, 0, 1, 1, 2, 0, 0, 1, 2, 1, 0, 1, 0, 1, 2, 2, 0, 1, 1, 0, 2, 0, 0, 0, 0, 0, 2, 0, 0, 2, 1, 0, 1, 0, 0, 2, 0, 2, 1, 0, 2, 0, 0, 1, 0, 0, 1, 2, 0, 1, 2, 0, 0, 0, 2, 0, 0, 1, 1, 0, 2, 1, 2, 2, 1, 2, 0, 0, 2, 0, 0, 1, 0, 1, 0, 0, 0, 0, 0, 2, 1, 2, 0, 2, 0, 0, 1, 1, 0, 0, 0, 2, 2, 0, 2, 0, 2, 0, 1, 0, 2, 0, 0, 2, 0, 1, 1, 1, 0, 0, 1, 0, 0, 0, 0, 2, 0, 2, 2, 0, 1, 0, 0, 2, 0, 2, 1, 0, 0, 0, 2, 2, 2, 1, 0, 0, 2, 0, 2, 0, 0, 2, 2, 1, 0, 1, 2, 2, 0, 2, 0, 0, 0, 0, 0, 2, 2, 0, 0, 0, 2, 1, 1, 1, 2, 0, 1, 2, 0, 0, 2, 1, 2, 0, 0, 2, 0, 0, 0, 2, 2, 0, 0, 0, 0, 2, 0, 2, 1, 0, 1, 2, 1, 0, 0, 0, 1, 0, 2, 2, 2, 0, 0, 2, 2, 0, 0, 1, 1, 1, 1, 1, 0, 0, 0, 0, 0, 2, 0, 0, 1, 1, 2, 0, 0, 0, 2, 0, 2, 0, 0, 0, 2, 0, 0, 1, 2, 1, 2, 0, 1, 1, 1, 0, 0, 0, 0, 1, 2, 2, 1, 1, 0, 0, 0, 2, 0, 1, 1, 2, 2, 1, 0, 1, 1, 2, 1, 0, 2, 0, 2, 0, 1, 1, 0, 0, 1, 1, 2, 0, 0, 0, 1, 1, 1, 1, 0, 1, 0, 2, 1, 2, 0, 0, 0, 1, 1, 0, 2, 0, 0, 2, 2, 0, 0, 0, 0, 2, 1, 2, 1, 2, 0, 0, 1, 0, 1, 0, 2, 0, 2, 0, 1, 0, 1, 0, 2, 2, 0, 0, 1, 1, 1, 1, 2, 0, 0, 1, 2, 0, 1, 2, 0, 0, 0, 2, 0, 0, 1, 1, 0, 0, 0, 0, 0, 0, 1, 1, 2, 0, 0, 1, 2, 1, 0, 0, 0, 0, 2, 1, 0, 0, 2, 0, 1, 0, 0, 1, 0, 1, 0, 0, 0, 0, 0, 1, 0, 0, 2, 1, 1, 0, 0, 0, 0, 2, 2, 0, 0, 0, 0, 0, 0, 0, 0, 0, 0, 1, 1, 0, 0, 1, 0, 2, 0, 0, 0, 1, 1, 0, 0, 1, 1, 0, 1, 0, 2, 2, 0, 2, 0, 0, 0, 2, 0, 2, 0, 1, 0, 0, 0, 2, 0, 1, 1, 0, 2, 2, 2, 1, 1, 0, 0, 2, 1, 1, 1, 1, 0, 1, 1, 0, 2, 0, 0, 0, 0, 0, 0, 0, 0, 2, 0, 2, 0, 1, 0, 0, 2, 1, 2, 2, 0, 1, 2, 0, 2, 0, 2, 0, 2, 1, 1, 0, 0, 2, 2, 1, 1, 0, 0, 0, 2, 2, 0, 1, 2, 0, 2, 2, 0, 0, 2, 1, 1, 1, 1, 0, 2, 2, 0, 0, 2, 1, 2, 1, 0, 2, 1, 2, 1, 2, 1, 2, 0, 1, 1, 1, 0, 1, 0, 1, 2, 2, 2, 1, 2, 2, 0, 0, 1, 2, 0, 1, 1, 0, 0, 1, 2, 0, 0, 0, 1, 1, 0, 0, 0, 2, 1, 2, 1, 2, 1, 2, 0, 2, 2, 2, 0, 0, 2, 0, 1, 0, 0, 0, 1, 0, 0, 1, 0, 1, 0, 1, 1, 0, 0, 1, 0, 0, 1, 0, 2, 0, 0, 0, 1, 2, 0, 0, 2, 1, 1, 0, 0, 2, 0, 0, 0, 0, 0, 1, 2, 0, 1, 0, 0, 0, 0, 0, 1, 0, 1, 0, 2, 1, 2, 0, 0, 0, 0, 2, 0, 0, 0, 1, 0, 1, 2, 2, 1, 2, 1, 1, 1, 0, 1, 1, 1, 0, 1, 0, 2, 2, 2, 2, 0, 0, 2, 2, 0, 0, 2, 0, 1, 2, 0, 0, 1, 1, 0, 1, 2, 0, 0, 2, 0, 2, 1, 2, 0, 2, 0, 0, 1, 0, 0, 2, 0, 0, 0, 0, 0, 0, 0, 1, 1, 0, 0, 1, 2, 0, 1, 0, 2, 0, 1, 2, 2, 0, 1, 0, 0, 0, 1, 1, 1, 0, 2, 0, 2, 1, 2, 0, 0, 1, 2, 0, 0, 0, 2, 0, 2, 0, 1, 0, 0, 0, 0, 0, 2, 1, 1, 0, 0, 2, 2, 0, 0, 0, 2, 0, 2, 0, 1, 2, 0, 1, 0, 0, 1, 1, 1, 1, 1, 0, 0, 0, 2, 1, 0, 1, 1, 2, 1, 0, 0, 0, 1, 0, 0, 1, 0, 0, 0, 2, 2, 1, 0, 2, 1, 0, 2, 2, 1, 1, 1, 2, 1, 2, 0, 1, 0, 0, 1, 0, 2, 0, 2, 0, 0, 2, 0, 0, 2, 1, 0, 2, 1, 2, 0, 0, 0, 0, 0, 0, 0, 2, 0, 2, 0, 0, 1, 0, 1, 0, 0, 0, 0, 1, 0, 0, 2, 1, 0, 0, 0, 2, 2, 0, 0, 0, 2, 2, 0, 2, 2, 1, 0, 2, 0, 2, 1, 2, 2, 1, 0, 2, 0, 0, 0, 1, 0, 0, 0, 2, 2, 2, 1, 0, 0, 2, 1, 2, 0, 0, 0, 0, 0, 0, 0, 0, 0, 0, 2, 0, 2, 0, 1, 0, 0, 2, 1, 2, 0, 0, 1, 1, 2, 1, 1, 0, 0, 1, 0, 2, 0, 2, 2, 0, 1, 0, 0, 2, 2, 0, 2, 1, 0, 0, 1, 2, 0, 0, 2, 0, 0, 0, 0, 2, 1, 2, 1, 1, 0, 2, 1, 0, 1, 1, 1, 0, 0, 2, 2, 1, 0, 1, 0, 0, 0, 1, 1, 0, 0, 0, 2, 0, 2, 0, 0, 2, 0, 1, 2, 0, 1, 1, 2, 1, 1, 0, 1, 1, 1, 0, 0, 1, 0, 1, 0, 2, 2, 2, 0, 0, 1, 0, 2, 2, 1, 1, 2, 0, 2, 0, 0, 1, 2, 0, 2, 2, 0, 2, 1, 2, 1, 2, 2, 1, 0, 2, 2, 1, 0, 1, 1, 1, 2, 1, 2, 0, 2, 1, 2, 2, 0, 1, 1, 0, 0, 2, 0, 1, 1, 0, 2, 0, 2, 0, 2, 1, 2, 1, 0, 0, 0, 0, 1, 0, 1, 2, 0, 0, 2, 1, 0, 0, 0, 1, 0, 0, 1, 1, 0, 0, 1, 2, 2, 0, 0, 1, 1, 0, 0, 2, 0, 0, 0, 0, 0, 0, 0, 2, 1, 2, 2, 0, 0, 2, 1, 0, 1, 0, 2, 1, 1, 2, 0, 0, 0, 0, 0, 0, 0, 0, 1, 2, 2, 1, 1, 0, 0, 2, 0, 2, 2, 0, 2, 1, 0, 2, 2, 1, 0, 2, 1, 1, 2, 0, 1, 0, 2, 0, 2, 0, 1, 1, 2, 0, 0, 1, 2, 2, 0, 2, 1, 0, 2, 1, 0, 0, 2, 0, 2, 1, 1, 2, 0, 2, 1, 1, 2, 0, 0, 0, 0, 0, 1, 0, 1, 2, 0, 2, 0, 0, 2, 0, 2, 2, 2, 0, 1, 0, 1, 2, 0, 0, 0, 0, 1, 0, 1, 1, 0, 1, 1, 2, 0, 0, 0, 0, 0, 2, 2, 0, 1, 0, 2, 2, 2, 1, 2, 1, 0, 1, 2, 2, 0, 0, 2, 2, 0, 2, 0, 1, 1, 2, 0, 1, 2, 0, 2, 1, 1, 1, 1, 1, 0, 0, 0, 2, 1, 0, 0, 0, 2, 1, 0, 0, 1, 2, 1, 0, 0, 2, 2, 0, 0, 0, 0, 0, 0, 1, 0, 0, 0, 2, 1, 0, 0, 1, 1, 0, 0, 2, 0, 1, 2, 0, 0, 2, 2, 2, 1, 1, 0, 0, 1, 0, 2, 1, 0, 0, 1, 0, 2, 0, 0, 2, 0, 2, 0, 0, 0, 2, 1, 1, 2, 0, 0, 0, 0]
0.7891832229580574
array([[1278,   14,    8],
       [  31,  287,  361],
       [ 136,   23,  580]])
kfold preds 1: [1, 2, 0, 0, 2, 1, 2, 0, 2, 0, 0, 2, 2, 2, 0, 2, 2, 2, 0, 0, 0, 0, 2, 2, 0, 2, 0, 2, 2, 0, 0, 0, 0, 0, 2, 0, 1, 0, 0, 0, 2, 0, 2, 1, 0, 0, 0, 0, 0, 0, 0, 0, 0, 0, 1, 0, 2, 0, 2, 0, 2, 0, 2, 0, 0, 0, 0, 2, 0, 0, 0, 2, 0, 1, 0, 0, 0, 2, 2, 0, 2, 0, 2, 0, 2, 2, 2, 0, 2, 1, 1, 2, 0, 2, 0, 0, 2, 2, 0, 0, 0, 0, 2, 0, 0, 0, 2, 0, 0, 0, 2, 2, 2, 0, 0, 2, 0, 0, 2, 0, 2, 0, 0, 2, 2, 0, 0, 0, 0, 0, 2, 0, 2, 0, 2, 0, 0, 2, 0, 0, 0, 0, 2, 2, 2, 2, 2, 1, 0, 2, 1, 2, 0, 1, 0, 2, 0, 0, 0, 2, 0, 0, 2, 0, 0, 0, 0, 0, 0, 0, 0, 0, 0, 0, 2, 2, 0, 2, 2, 0, 0, 2, 2, 2, 0, 0, 2, 0, 0, 0, 0, 1, 0, 2, 1, 0, 0, 0, 0, 0, 2, 1, 2, 0, 2, 0, 2, 1, 0, 0, 1, 1, 0, 0, 0, 0, 2, 1, 1, 2, 0, 0, 0, 2, 2, 2, 2, 2, 0, 2, 0, 2, 1, 0, 2, 2, 0, 0, 0, 2, 0, 0, 2, 0, 0, 0, 0, 0, 2, 0, 1, 0, 0, 0, 2, 2, 0, 1, 0, 0, 0, 0, 1, 2, 0, 0, 0, 2, 2, 0, 1, 2, 0, 0, 0, 2, 0, 2, 0, 0, 2, 1, 0, 1, 2, 2, 0, 2, 2, 0, 2, 0, 0, 0, 2, 2, 1, 0, 0, 2, 0, 0, 0, 0, 2, 0, 0, 2, 0, 0, 2, 0, 0, 0, 2, 0, 0, 2, 2, 0, 2, 0, 0, 0, 0, 2, 0, 0, 2, 1, 0, 2, 0, 0, 0, 0, 2, 2, 0, 2, 2, 0, 2, 2, 0, 0, 0, 2, 2, 1, 0, 0, 2, 1, 2, 0, 2, 2, 2, 2, 0, 1, 0, 0, 2, 1, 0, 2, 0, 2, 0, 2, 2, 1, 1, 0, 2, 0, 2, 0, 0, 0, 2, 2, 0, 0, 0, 2, 0, 2, 0, 2, 0, 2, 0, 0, 2, 0, 1, 2, 0, 0, 2, 0, 2, 0, 0, 0, 0, 0, 2, 0, 0, 0, 2, 0, 0, 2, 0, 0, 2, 0, 0, 0, 0, 1, 0, 0, 0, 2, 0, 1, 0, 0, 1, 0, 1, 0, 0, 0, 2, 0, 2, 1, 0, 2, 2, 2, 1, 0, 1, 2, 2, 0, 1, 2, 2, 2, 0, 0, 2, 0, 0, 0, 2, 0, 2, 2, 0, 0, 1, 0, 0, 2, 2, 0, 0, 1, 1, 0, 1, 0, 0, 2, 1, 0, 0, 0, 0, 2, 2, 0, 0, 2, 0, 0, 0, 0, 0, 0, 0, 2, 2, 0, 0, 2, 2, 1, 2, 2, 2, 0, 1, 0, 1, 2, 0, 1, 0, 0, 0, 0, 2, 0, 1, 0, 2, 2, 0, 0, 2, 0, 0, 0, 2, 2, 1, 2, 2, 2, 0, 2, 0, 0, 2, 0, 2, 0, 2, 2, 0, 0, 2, 2, 2, 0, 0, 2, 0, 1, 0, 2, 0, 0, 0, 0, 0, 1, 0, 0, 0, 2, 2, 0, 0, 0, 0, 2, 0, 1, 0, 2, 0, 0, 0, 2, 0, 2, 2, 0, 0, 2, 2, 2, 0, 0, 2, 0, 1, 0, 0, 1, 2, 2, 0, 0, 0, 2, 0, 0, 2, 0, 0, 2, 2, 2, 0, 1, 0, 0, 0, 0, 1, 2, 0, 0, 2, 0, 0, 0, 0, 2, 2, 2, 2, 2, 0, 2, 2, 2, 0, 2, 0, 1, 2, 0, 2, 2, 2, 2, 2, 2, 0, 0, 2, 0, 0, 2, 0, 0, 0, 2, 2, 2, 0, 1, 0, 0, 0, 0, 1, 0, 2, 0, 0, 0, 2, 2, 0, 1, 0, 2, 0, 0, 0, 2, 0, 0, 0, 0, 0, 0, 0, 0, 2, 2, 1, 0, 2, 0, 0, 0, 2, 1, 2, 2, 0, 0, 0, 0, 0, 0, 2, 0, 2, 2, 0, 0, 0, 0, 0, 0, 0, 1, 2, 2, 2, 2, 0, 1, 2, 0, 0, 0, 0, 0, 2, 0, 2, 2, 2, 0, 0, 0, 1, 2, 2, 1, 2, 0, 1, 2, 0, 0, 2, 0, 0, 0, 0, 0, 1, 0, 2, 0, 0, 0, 2, 2, 0, 2, 2, 0, 1, 0, 0, 2, 1, 0, 2, 1, 0, 1, 0, 0, 0, 2, 0, 0, 0, 2, 0, 0, 0, 2, 0, 0, 2, 0, 0, 2, 1, 0, 0, 2, 0, 2, 2, 2, 0, 0, 0, 0, 2, 1, 0, 0, 2, 2, 0, 0, 0, 2, 0, 2, 0, 2, 2, 0, 2, 2, 0, 2, 0, 0, 2, 0, 2, 0, 1, 2, 1, 1, 2, 1, 0, 0, 0, 2, 0, 2, 2, 2, 0, 2, 0, 1, 0, 0, 0, 0, 0, 2, 0, 2, 1, 2, 0, 0, 0, 2, 1, 0, 0, 0, 0, 0, 0, 2, 0, 0, 0, 2, 0, 2, 0, 0, 0, 2, 2, 0, 2, 0, 0, 0, 2, 0, 0, 0, 0, 0, 0, 0, 0, 2, 2, 1, 2, 2, 0, 2, 1, 0, 0, 0, 2, 1, 2, 0, 0, 2, 1, 0, 1, 0, 0, 2, 0, 2, 0, 0, 1, 2, 2, 0, 0, 0, 0, 0, 0, 0, 0, 0, 2, 2, 2, 2, 0, 2, 0, 0, 0, 2, 2, 0, 1, 1, 2, 0, 2, 2, 0, 2, 2, 2, 0, 2, 0, 0, 0, 0, 0, 2, 0, 2, 2, 2, 2, 2, 2, 0, 0, 2, 2, 1, 0, 0, 2, 0, 0, 2, 0, 1, 0, 0, 1, 2, 2, 2, 0, 0, 1, 2, 2, 0, 0, 1, 1, 0, 1, 0, 0, 0, 2, 2, 0, 2, 0, 2, 0, 2, 2, 1, 2, 0, 2, 0, 1, 2, 0, 0, 0, 0, 1, 0, 1, 0, 2, 2, 0, 2, 2, 2, 0, 0, 0, 0, 0, 0, 0, 0, 0, 2, 0, 0, 2, 2, 2, 2, 0, 2, 0, 2, 0, 0, 0, 0, 0, 0, 0, 2, 0, 2, 1, 0, 1, 0, 0, 2, 0, 2, 0, 0, 0, 1, 0, 0, 0, 0, 0, 2, 0, 0, 0, 0, 0, 0, 0, 2, 0, 0, 0, 0, 2, 1, 0, 2, 0, 0, 0, 0, 0, 0, 0, 1, 0, 2, 1, 0, 2, 0, 2, 2, 0, 0, 0, 2, 0, 0, 1, 0, 2, 0, 2, 2, 0, 1, 2, 1, 0, 2, 2, 0, 0, 2, 2, 2, 0, 2, 2, 0, 2, 0, 0, 2, 0, 2, 0, 0, 0, 1, 2, 2, 0, 0, 2, 0, 0, 0, 1, 2, 0, 2, 1, 0, 2, 0, 0, 0, 1, 0, 0, 2, 0, 2, 0, 2, 0, 0, 0, 1, 0, 2, 0, 2, 2, 0, 0, 2, 0, 0, 2, 1, 2, 2, 2, 0, 0, 0, 2, 2, 0, 0, 2, 2, 1, 2, 0, 2, 1, 2, 0, 1, 0, 0, 0, 2, 0, 2, 0, 0, 1, 1, 2, 2, 0, 0, 0, 0, 0, 0, 0, 0, 0, 0, 0, 0, 2, 2, 0, 2, 2, 1, 2, 1, 2, 1, 0, 2, 2, 1, 1, 0, 1, 2, 0, 2, 0, 0, 0, 1, 0, 0, 1, 0, 0, 0, 2, 0, 2, 2, 2, 2, 0, 0, 0, 2, 2, 0, 0, 2, 0, 0, 2, 1, 2, 1, 0, 1, 2, 2, 2, 2, 1, 0, 0, 0, 1, 2, 0, 0, 0, 2, 2, 0, 1, 0, 0, 0, 0, 0, 0, 0, 2, 2, 0, 0, 0, 0, 1, 2, 0, 2, 2, 0, 2, 0, 0, 0, 0, 1, 0, 0, 0, 2, 2, 0, 2, 2, 1, 2, 2, 1, 0, 2, 2, 0, 2, 0, 2, 1, 0, 0, 0, 0, 2, 2, 0, 2, 2, 1, 2, 0, 0, 1, 2, 0, 0, 0, 1, 2, 2, 0, 2, 0, 0, 2, 1, 0, 2, 2, 0, 0, 2, 2, 0, 0, 1, 0, 0, 0, 2, 0, 0, 2, 2, 2, 2, 0, 2, 0, 0, 0, 0, 1, 2, 2, 0, 2, 0, 2, 2, 0, 0, 1, 1, 2, 0, 2, 2, 0, 2, 0, 0, 2, 2, 2, 2, 0, 1, 2, 2, 0, 0, 0, 0, 0, 0, 0, 0, 2, 1, 0, 2, 1, 0, 0, 0, 0, 2, 0, 0, 0, 0, 1, 2, 0, 0, 0, 2, 1, 0, 2, 2, 2, 0, 0, 2, 2, 0, 2, 0, 2, 0, 2, 0, 2, 0, 0, 0, 0, 0, 0, 2, 2, 0, 2, 2, 0, 0, 0, 2, 0, 0, 0, 0, 2, 0, 2, 1, 0, 2, 2, 2, 0, 0, 2, 2, 0, 0, 0, 0, 0, 2, 0, 2, 2, 0, 0, 0, 2, 2, 0, 2, 1, 0, 0, 0, 0, 0, 1, 2, 0, 2, 0, 0, 2, 0, 0, 0, 0, 0, 1, 0, 0, 0, 0, 0, 2, 2, 0, 1, 1, 0, 0, 0, 2, 2, 0, 0, 0, 0, 0, 2, 2, 0, 2, 0, 0, 0, 0, 2, 0, 0, 2, 1, 1, 2, 0, 1, 0, 2, 0, 0, 2, 1, 0, 0, 0, 0, 2, 0, 0, 2, 0, 0, 2, 2, 0, 0, 0, 0, 0, 0, 2, 0, 0, 0, 2, 2, 1, 2, 0, 2, 0, 0, 0, 2, 2, 0, 2, 2, 2, 2, 0, 2, 2, 0, 0, 0, 2, 0, 2, 0, 2, 1, 1, 0, 0, 1, 2, 0, 0, 2, 2, 0, 2, 0, 2, 0, 2, 0, 2, 1, 2, 0, 0, 2, 2, 1, 0, 0, 1, 2, 0, 2, 1, 0, 2, 0, 0, 0, 0, 2, 0, 0, 0, 2, 2, 0, 0, 2, 0, 0, 2, 1, 2, 0, 2, 2, 1, 0, 0, 0, 2, 2, 2, 0, 1, 0, 0, 0, 0, 0, 0, 0, 2, 0, 0, 1, 1, 0, 0, 1, 0, 0, 2, 2, 0, 0, 2, 0, 1, 0, 1, 0, 1, 2, 2, 0, 0, 0, 1, 2, 2, 2, 0, 2, 2, 2, 0, 0, 2, 1, 2, 2, 1, 0, 0, 2, 0, 1, 1, 2, 0, 0, 0, 1, 1, 0, 0, 0, 0, 0, 0, 2, 1, 0, 0, 0, 2, 2, 2, 0, 0, 1, 0, 0, 0, 2, 0, 0, 0, 1, 2, 0, 0, 1, 0, 2, 0, 0, 0, 1, 2, 0, 0, 1, 0, 0, 1, 0, 2, 0, 0, 2, 0, 2, 0, 0, 2, 0, 1, 0, 0, 0, 0, 1, 2, 1, 2, 0, 2, 2, 0, 2, 1, 0, 0, 0, 2, 2, 2, 0, 0, 0, 2, 0, 2, 1, 0, 0, 0, 0, 2, 0, 0, 0, 0, 2, 0, 0, 0, 0, 2, 0, 0, 0, 0, 1, 2, 1, 2, 2, 1, 0, 2, 0, 0, 0, 2, 0, 2, 2, 0, 2, 0, 0, 0, 2, 0, 0, 1, 2, 0, 0, 0, 0, 1, 0, 0, 2, 0, 1, 0, 0, 0, 0, 2, 1, 2, 2, 2, 0, 0, 2, 0, 2, 1, 1, 0, 1, 1, 2, 2, 0, 2, 2, 1, 0, 2, 0, 2, 1, 0, 0, 0, 0, 2, 2, 2, 2, 2, 2, 0, 0, 0, 1, 1, 0, 2, 0, 0, 0, 2, 2, 0, 0, 0, 2, 0, 2, 0, 0, 0, 0, 0, 0, 0, 0, 0, 0, 1, 0, 0, 2, 0, 2, 0, 2, 0, 0, 0, 1, 1, 0, 1, 0, 2, 0, 0, 1, 2, 0, 0, 0, 2, 0, 2, 0, 0, 2, 0, 2, 0, 0, 2, 2, 0, 0, 2, 0, 0, 2, 2, 0, 2, 0, 2, 0, 1, 0, 2, 2, 0, 0, 0, 0, 0, 0, 0, 0, 2, 0, 1, 0, 0, 0, 0, 0, 0, 2, 0, 0, 0, 0, 1, 2, 0, 2, 2, 0, 0, 0, 0, 2, 0, 0, 2, 2, 1, 0, 1, 0, 0, 0, 2, 2, 0, 2, 0, 0, 0, 0, 2, 0, 1, 0, 2, 0, 2, 0, 2, 2, 2, 2, 0, 0, 0, 0, 0, 2, 0, 0, 0, 2, 0, 0, 0, 0, 0, 2, 2, 2, 0, 2, 2, 0, 0, 0, 1, 0, 0, 0, 2, 2, 1, 0, 2, 0, 0, 0, 2, 0, 2, 0, 2, 0, 2, 0, 0, 2, 0, 0, 0, 0, 2, 1, 2, 0, 2, 2, 0, 0, 0, 2, 1, 2, 2, 2, 2, 1, 0, 2, 2, 2, 0, 0, 0, 0, 0, 0, 0, 0, 0, 2, 0, 2, 0, 0, 2, 0, 2, 0, 2, 0, 2, 1, 0, 2, 0, 2, 0, 0, 2, 1, 1, 0, 2, 2, 0, 2, 2, 0, 2, 2, 0, 1, 0, 0, 2, 0, 2, 0, 0, 0, 0, 1, 2, 0, 0, 0, 0, 2, 2, 0, 0, 0, 2, 0, 0, 1, 2, 2, 0, 2, 0, 0, 0, 0, 0, 0, 0, 0, 0, 2, 0, 0, 2, 0, 0, 0, 1, 0, 0, 0, 0, 2, 2, 2, 2, 1, 0, 2, 0, 0, 2, 0, 2, 1, 0, 2, 2, 0, 0, 0, 0, 2, 2, 0, 0, 0, 2, 2, 0, 2, 0, 2, 1, 2, 0, 0, 2, 0, 2, 1, 0, 0, 2, 0, 1, 0, 0, 2, 1, 2, 0, 0, 0, 2, 0, 2, 0, 0, 1, 2, 1, 2, 2, 2, 2, 0, 1, 2, 0, 2, 0, 0, 0, 2, 0, 2, 2, 0, 0, 2, 2, 0, 0, 0, 0, 0, 0, 0, 0, 2, 0, 2, 0, 0, 0, 2, 0, 0, 2, 0, 2, 0, 1, 0, 0, 2, 0, 2, 1, 0, 2, 0, 0, 0, 0, 0, 0, 2, 0, 2, 0, 1, 0, 2, 2, 2, 0, 0, 1, 0, 2, 2, 1, 0, 0, 0, 0, 0, 2, 2, 0, 1, 2, 0, 0, 0, 0, 0, 0, 2, 1, 2, 1, 1, 0, 0, 2, 0, 0, 2, 2, 0, 2, 2, 2, 2, 2, 0, 2, 0, 1, 0, 2, 2, 1, 1, 1, 2, 1, 2, 0, 2, 1, 2, 2, 0, 0, 0, 2, 0, 2, 0, 2, 0, 0, 2, 0, 0, 0, 0, 0, 0, 2, 2, 0, 0, 0, 1, 0, 0, 2, 0, 2, 0, 0, 0, 2, 0, 0, 0, 0, 2, 1, 1, 0, 2, 0, 2, 0, 0, 2, 0, 0, 0, 2, 0, 0, 0, 0, 2, 0, 2, 0, 0, 0, 0, 0, 0, 1, 0, 2, 1, 0, 0, 1, 1, 0, 0, 0, 0, 0, 0, 0, 0, 0, 0, 2, 0, 2, 2, 1, 2, 2, 2, 0, 2, 1, 2, 2, 0, 2, 0, 2, 2, 2, 2, 2, 0, 2, 0, 1, 2, 0, 2, 0, 2, 2, 0, 0, 0, 2, 0, 0, 0, 2, 0, 2, 2, 0, 2, 0, 1, 2, 1, 2, 0, 2, 2, 2, 0, 2, 2, 0, 2, 2, 0, 2, 2, 0, 2, 0, 0, 0, 0, 0, 2, 1, 2, 2, 1, 2, 2, 2, 2, 2, 0, 0, 0, 1, 0, 0, 2, 2, 0, 2, 0, 1, 0, 0, 2, 0, 0, 0, 2, 0, 1, 2, 2, 0, 2, 0, 2, 0, 2, 2, 1, 2, 0, 2, 2, 0, 1, 2, 2, 2, 1, 2, 0, 0, 1, 0, 0, 1, 0, 0, 1, 0, 2, 0, 0, 0, 0, 0, 0, 0, 2, 0, 2, 2, 0, 0, 2, 2, 0, 1, 2, 2, 0, 0, 0, 0, 1, 2, 0, 2, 0, 2, 2, 0, 0, 0, 0, 0, 0, 0, 0, 0, 2, 0, 2, 0, 2, 2, 0, 0, 2, 0, 0, 0, 0, 2, 0, 1, 2, 0, 2, 0, 0, 2, 2, 0, 1, 2, 0, 2, 2, 2, 2, 0, 2, 0, 0]
kfold targets 1: [2, 2, 0, 0, 1, 1, 2, 0, 1, 2, 0, 1, 0, 1, 0, 2, 2, 2, 0, 0, 0, 0, 2, 2, 0, 1, 0, 2, 2, 2, 0, 2, 0, 0, 2, 0, 1, 0, 0, 0, 1, 0, 1, 1, 0, 0, 2, 2, 0, 0, 0, 0, 0, 0, 1, 0, 1, 0, 2, 0, 1, 0, 2, 0, 0, 0, 0, 2, 0, 0, 0, 1, 0, 1, 2, 0, 2, 2, 1, 0, 1, 0, 1, 0, 2, 0, 2, 0, 1, 1, 1, 1, 1, 1, 0, 0, 2, 2, 0, 0, 0, 0, 1, 0, 1, 0, 1, 0, 0, 0, 1, 1, 2, 0, 0, 1, 0, 0, 1, 0, 2, 2, 0, 2, 2, 0, 0, 0, 0, 0, 2, 2, 1, 0, 1, 0, 0, 1, 0, 0, 2, 0, 2, 2, 2, 1, 0, 1, 0, 2, 1, 2, 0, 2, 0, 2, 0, 2, 0, 2, 0, 0, 2, 0, 2, 0, 0, 2, 0, 0, 2, 0, 0, 0, 1, 0, 0, 2, 2, 0, 0, 1, 1, 2, 0, 2, 2, 0, 0, 0, 2, 1, 2, 2, 1, 0, 1, 0, 0, 0, 1, 1, 2, 2, 2, 2, 2, 1, 0, 0, 1, 2, 0, 0, 0, 0, 1, 2, 1, 1, 0, 0, 0, 1, 2, 1, 2, 2, 0, 2, 0, 2, 1, 0, 1, 2, 0, 0, 2, 2, 0, 2, 2, 2, 0, 0, 0, 0, 2, 2, 1, 0, 0, 0, 2, 2, 0, 1, 2, 0, 0, 0, 1, 2, 0, 0, 0, 1, 2, 0, 1, 1, 1, 0, 0, 1, 0, 2, 0, 0, 2, 1, 0, 1, 1, 2, 0, 2, 1, 2, 1, 0, 2, 0, 1, 0, 1, 0, 0, 1, 0, 2, 0, 0, 1, 0, 0, 2, 0, 0, 2, 0, 0, 0, 2, 0, 0, 2, 2, 0, 1, 0, 0, 0, 0, 2, 0, 0, 2, 1, 0, 1, 0, 0, 0, 0, 2, 2, 0, 2, 2, 0, 1, 2, 0, 0, 0, 2, 1, 1, 0, 0, 2, 2, 2, 0, 1, 2, 2, 1, 0, 1, 0, 2, 1, 1, 2, 1, 0, 1, 0, 2, 2, 0, 1, 0, 2, 0, 2, 0, 0, 0, 2, 1, 0, 0, 0, 2, 1, 2, 0, 2, 0, 2, 2, 0, 2, 0, 1, 2, 0, 0, 2, 0, 2, 2, 0, 0, 0, 0, 2, 0, 2, 1, 1, 0, 0, 2, 0, 0, 2, 0, 2, 0, 0, 1, 0, 2, 0, 1, 0, 1, 0, 0, 1, 0, 1, 0, 0, 0, 2, 0, 1, 1, 0, 2, 2, 1, 2, 0, 1, 2, 1, 0, 1, 2, 2, 1, 2, 0, 2, 0, 0, 0, 2, 0, 2, 2, 2, 0, 1, 0, 0, 1, 2, 0, 0, 1, 1, 1, 1, 0, 0, 1, 1, 0, 0, 0, 2, 1, 2, 1, 0, 2, 0, 2, 0, 0, 0, 0, 0, 2, 1, 0, 0, 1, 2, 1, 2, 2, 2, 0, 1, 0, 1, 2, 0, 1, 0, 0, 0, 0, 1, 0, 1, 0, 2, 1, 2, 0, 2, 0, 0, 0, 2, 2, 1, 2, 2, 2, 0, 1, 2, 0, 1, 0, 1, 0, 2, 2, 0, 0, 1, 1, 1, 0, 0, 2, 0, 1, 0, 1, 0, 0, 2, 0, 0, 2, 0, 0, 0, 2, 1, 0, 1, 0, 2, 2, 0, 1, 0, 1, 0, 0, 0, 1, 0, 1, 2, 0, 0, 1, 1, 2, 0, 1, 1, 0, 1, 0, 2, 1, 1, 2, 0, 0, 0, 2, 0, 0, 1, 0, 0, 1, 2, 1, 0, 2, 0, 0, 0, 0, 1, 0, 0, 0, 2, 2, 0, 1, 0, 1, 2, 2, 2, 1, 0, 1, 2, 2, 1, 2, 0, 1, 1, 0, 2, 2, 1, 2, 2, 2, 0, 0, 2, 2, 0, 2, 0, 0, 2, 1, 1, 1, 0, 1, 0, 2, 0, 0, 1, 1, 2, 0, 0, 1, 1, 1, 0, 1, 0, 1, 0, 0, 1, 2, 0, 2, 0, 0, 0, 2, 1, 2, 1, 0, 1, 0, 2, 0, 1, 0, 2, 1, 1, 2, 0, 0, 0, 0, 0, 0, 1, 0, 2, 2, 0, 2, 0, 1, 0, 0, 2, 2, 1, 1, 2, 2, 0, 1, 0, 2, 0, 0, 0, 0, 2, 0, 1, 2, 1, 0, 0, 2, 1, 1, 0, 1, 0, 2, 0, 1, 0, 0, 2, 2, 0, 0, 0, 0, 1, 0, 2, 0, 0, 0, 2, 2, 0, 1, 1, 2, 1, 0, 0, 1, 1, 0, 1, 1, 0, 1, 0, 2, 1, 1, 0, 0, 0, 1, 0, 2, 0, 1, 0, 2, 1, 0, 0, 1, 1, 0, 0, 1, 0, 2, 1, 1, 0, 2, 0, 0, 2, 1, 0, 0, 2, 2, 0, 0, 0, 2, 0, 1, 0, 2, 2, 0, 1, 1, 0, 1, 0, 0, 1, 0, 2, 0, 1, 2, 1, 1, 0, 1, 0, 0, 0, 2, 0, 2, 1, 2, 2, 2, 0, 1, 0, 2, 0, 0, 0, 1, 0, 1, 1, 1, 1, 2, 0, 2, 1, 0, 0, 0, 2, 0, 2, 2, 0, 0, 0, 0, 0, 1, 1, 0, 0, 1, 1, 2, 0, 0, 0, 0, 2, 0, 0, 0, 0, 0, 0, 0, 0, 1, 2, 0, 1, 2, 2, 1, 1, 2, 0, 0, 2, 1, 2, 0, 1, 1, 1, 0, 0, 0, 0, 2, 2, 1, 0, 0, 2, 1, 2, 0, 0, 0, 1, 1, 0, 0, 0, 0, 2, 1, 1, 1, 0, 2, 0, 2, 2, 1, 1, 0, 1, 1, 1, 2, 2, 1, 0, 2, 2, 2, 0, 1, 0, 1, 0, 2, 0, 1, 0, 2, 2, 2, 1, 2, 2, 0, 0, 1, 2, 0, 1, 0, 2, 0, 0, 1, 0, 1, 0, 0, 2, 2, 0, 0, 2, 0, 1, 1, 1, 0, 0, 1, 1, 0, 1, 0, 0, 0, 2, 2, 0, 2, 0, 2, 0, 2, 1, 2, 2, 0, 2, 0, 1, 1, 0, 0, 2, 0, 0, 0, 1, 0, 1, 1, 1, 1, 1, 1, 0, 0, 0, 0, 0, 0, 2, 0, 0, 1, 0, 0, 0, 2, 2, 1, 0, 1, 2, 1, 0, 0, 0, 2, 0, 2, 0, 2, 0, 2, 1, 0, 1, 0, 0, 2, 2, 1, 2, 0, 0, 1, 0, 0, 0, 0, 0, 1, 2, 0, 2, 0, 1, 0, 0, 2, 0, 0, 0, 0, 1, 2, 1, 2, 2, 0, 2, 0, 0, 2, 0, 1, 0, 2, 1, 0, 2, 0, 2, 1, 0, 0, 0, 1, 0, 0, 1, 0, 2, 0, 1, 1, 0, 1, 1, 1, 0, 1, 2, 0, 0, 1, 1, 2, 0, 2, 2, 0, 0, 0, 0, 2, 0, 2, 0, 0, 2, 2, 2, 2, 0, 0, 2, 0, 0, 0, 1, 1, 0, 2, 2, 0, 1, 0, 0, 0, 0, 0, 0, 1, 0, 2, 0, 2, 0, 0, 0, 1, 1, 2, 0, 1, 2, 0, 0, 1, 0, 0, 2, 1, 2, 1, 2, 1, 0, 0, 2, 1, 0, 0, 1, 2, 1, 2, 1, 1, 1, 2, 0, 1, 0, 0, 0, 2, 0, 2, 0, 0, 1, 1, 1, 2, 0, 2, 2, 0, 0, 0, 0, 0, 0, 0, 0, 0, 2, 2, 2, 1, 1, 0, 1, 1, 2, 1, 1, 2, 2, 1, 1, 0, 1, 1, 0, 1, 0, 0, 0, 1, 0, 0, 2, 0, 0, 0, 1, 0, 2, 1, 1, 1, 0, 0, 0, 2, 1, 0, 0, 1, 0, 2, 2, 0, 2, 2, 0, 0, 2, 2, 2, 1, 0, 2, 0, 0, 1, 1, 2, 1, 0, 1, 2, 2, 2, 0, 0, 2, 0, 0, 0, 0, 2, 1, 2, 2, 0, 1, 0, 1, 0, 2, 1, 0, 2, 0, 2, 0, 0, 1, 2, 0, 0, 2, 2, 0, 2, 0, 1, 2, 1, 1, 0, 1, 2, 0, 2, 0, 2, 0, 0, 2, 2, 0, 1, 2, 0, 1, 2, 1, 1, 2, 2, 1, 1, 0, 2, 0, 1, 2, 2, 0, 2, 0, 0, 1, 1, 0, 2, 1, 0, 0, 2, 2, 0, 0, 1, 0, 0, 0, 2, 0, 2, 2, 2, 2, 0, 0, 1, 0, 0, 2, 0, 0, 1, 1, 0, 1, 0, 2, 2, 0, 1, 1, 1, 2, 0, 1, 2, 0, 1, 2, 0, 1, 1, 2, 2, 0, 1, 1, 1, 0, 0, 2, 0, 0, 0, 0, 0, 1, 1, 0, 0, 1, 0, 0, 0, 0, 1, 0, 0, 0, 0, 1, 2, 0, 0, 0, 2, 1, 0, 2, 2, 1, 0, 0, 2, 1, 0, 1, 0, 1, 0, 1, 2, 2, 0, 0, 0, 0, 2, 0, 2, 2, 0, 2, 2, 2, 0, 0, 1, 0, 0, 0, 0, 2, 0, 1, 2, 0, 2, 2, 0, 0, 0, 1, 1, 0, 0, 0, 0, 0, 1, 0, 2, 2, 0, 0, 0, 2, 1, 0, 2, 0, 2, 0, 0, 0, 0, 0, 2, 0, 2, 0, 1, 1, 1, 0, 0, 0, 0, 1, 2, 0, 2, 0, 2, 2, 1, 0, 1, 1, 0, 0, 0, 2, 2, 0, 0, 2, 0, 0, 1, 1, 0, 1, 2, 0, 0, 0, 1, 2, 0, 2, 1, 0, 1, 0, 1, 0, 1, 0, 0, 1, 1, 0, 0, 0, 0, 2, 0, 0, 2, 0, 2, 2, 2, 0, 0, 0, 2, 0, 0, 2, 0, 0, 0, 2, 1, 1, 1, 0, 1, 0, 0, 0, 1, 1, 0, 1, 2, 1, 1, 2, 2, 2, 0, 0, 0, 2, 0, 2, 0, 1, 0, 1, 0, 0, 1, 1, 2, 0, 2, 1, 0, 2, 2, 2, 0, 1, 0, 2, 1, 2, 0, 0, 2, 1, 1, 1, 0, 2, 1, 0, 1, 1, 1, 1, 0, 0, 2, 0, 2, 1, 0, 0, 2, 2, 0, 0, 2, 2, 0, 1, 1, 1, 0, 2, 2, 1, 0, 2, 0, 2, 0, 2, 0, 1, 0, 0, 0, 0, 0, 0, 0, 2, 0, 0, 1, 1, 0, 0, 1, 0, 0, 1, 2, 0, 1, 2, 2, 0, 2, 1, 2, 1, 1, 1, 0, 0, 2, 1, 1, 1, 1, 0, 1, 1, 2, 0, 0, 1, 0, 1, 1, 0, 0, 1, 0, 0, 1, 1, 1, 0, 2, 0, 1, 1, 0, 0, 0, 0, 0, 0, 1, 1, 0, 0, 0, 1, 1, 2, 0, 0, 1, 0, 0, 0, 1, 0, 2, 0, 1, 2, 0, 0, 1, 0, 0, 0, 0, 0, 1, 1, 0, 0, 1, 2, 0, 1, 2, 2, 0, 0, 2, 2, 2, 0, 2, 2, 0, 2, 0, 0, 0, 0, 2, 1, 1, 2, 0, 2, 2, 0, 1, 1, 0, 0, 0, 1, 2, 1, 2, 0, 0, 2, 0, 2, 0, 0, 2, 1, 0, 2, 0, 0, 2, 0, 1, 0, 0, 0, 0, 2, 2, 0, 0, 0, 2, 2, 1, 1, 0, 1, 0, 2, 0, 0, 0, 2, 2, 2, 2, 0, 1, 0, 0, 0, 2, 0, 0, 1, 2, 0, 1, 0, 1, 1, 0, 0, 1, 0, 0, 0, 2, 0, 2, 2, 1, 1, 2, 2, 0, 0, 2, 1, 1, 1, 1, 0, 1, 2, 1, 1, 0, 1, 2, 1, 0, 2, 0, 2, 2, 0, 0, 0, 0, 2, 2, 2, 2, 0, 2, 0, 0, 2, 1, 1, 0, 1, 0, 0, 0, 1, 1, 1, 1, 0, 2, 0, 1, 2, 0, 2, 0, 2, 0, 0, 0, 0, 0, 1, 0, 0, 2, 0, 1, 0, 1, 0, 0, 0, 1, 1, 0, 1, 0, 1, 0, 0, 0, 1, 0, 0, 0, 1, 0, 2, 0, 0, 2, 0, 1, 0, 0, 2, 1, 0, 0, 2, 0, 0, 0, 0, 0, 1, 0, 2, 0, 1, 2, 2, 2, 0, 0, 0, 0, 0, 0, 0, 0, 2, 0, 1, 0, 0, 2, 0, 0, 2, 1, 2, 2, 0, 0, 1, 1, 0, 1, 2, 0, 0, 1, 2, 2, 0, 0, 2, 1, 1, 0, 1, 0, 0, 2, 2, 1, 0, 2, 0, 0, 0, 2, 1, 0, 2, 0, 2, 0, 1, 0, 2, 2, 0, 1, 0, 0, 0, 0, 2, 2, 0, 2, 0, 1, 0, 0, 1, 2, 0, 2, 2, 2, 2, 2, 2, 2, 0, 2, 1, 2, 0, 0, 2, 2, 1, 2, 2, 0, 2, 0, 1, 0, 1, 0, 2, 0, 1, 0, 0, 2, 0, 0, 0, 0, 2, 1, 2, 0, 2, 2, 0, 0, 0, 1, 2, 1, 2, 2, 1, 1, 0, 2, 1, 2, 2, 2, 0, 1, 2, 0, 0, 0, 0, 2, 2, 2, 2, 0, 1, 0, 2, 0, 2, 0, 1, 1, 0, 2, 0, 2, 0, 0, 2, 2, 1, 0, 2, 2, 0, 2, 1, 0, 1, 1, 0, 1, 0, 0, 1, 2, 2, 1, 2, 0, 0, 1, 1, 0, 2, 2, 2, 1, 2, 2, 2, 0, 1, 0, 0, 1, 1, 1, 0, 2, 2, 0, 2, 0, 2, 0, 0, 0, 0, 2, 0, 0, 1, 0, 0, 0, 1, 2, 2, 0, 0, 2, 2, 2, 1, 1, 0, 1, 0, 0, 1, 0, 1, 2, 0, 2, 1, 0, 0, 0, 0, 1, 2, 0, 2, 0, 2, 2, 0, 2, 0, 2, 1, 2, 0, 0, 2, 0, 2, 1, 0, 0, 2, 0, 1, 0, 2, 2, 1, 1, 0, 2, 0, 1, 0, 1, 2, 2, 1, 2, 2, 2, 1, 0, 2, 0, 1, 2, 0, 2, 0, 0, 0, 1, 0, 1, 1, 0, 0, 2, 2, 0, 0, 0, 0, 2, 0, 0, 0, 2, 0, 2, 0, 0, 2, 1, 0, 2, 1, 2, 2, 0, 0, 0, 2, 1, 2, 2, 1, 0, 1, 2, 0, 0, 0, 2, 0, 2, 0, 2, 0, 1, 2, 1, 2, 2, 2, 0, 1, 0, 2, 1, 1, 2, 0, 0, 0, 0, 0, 2, 0, 1, 2, 0, 0, 0, 0, 2, 0, 1, 1, 2, 1, 1, 0, 0, 1, 2, 0, 2, 1, 0, 2, 2, 2, 1, 2, 0, 1, 1, 0, 0, 2, 2, 2, 1, 2, 2, 2, 1, 0, 2, 1, 1, 2, 0, 0, 0, 2, 0, 2, 0, 1, 0, 0, 2, 0, 0, 0, 0, 0, 0, 1, 1, 0, 0, 0, 1, 0, 0, 1, 0, 2, 0, 0, 0, 1, 0, 0, 0, 0, 1, 1, 0, 0, 2, 0, 1, 0, 0, 1, 0, 2, 0, 2, 0, 0, 0, 2, 2, 0, 1, 0, 0, 0, 0, 0, 0, 2, 0, 0, 1, 0, 0, 1, 1, 0, 0, 0, 0, 0, 0, 0, 0, 0, 0, 1, 0, 1, 1, 1, 1, 2, 1, 0, 2, 1, 2, 2, 0, 2, 2, 1, 1, 2, 1, 2, 0, 1, 2, 1, 1, 0, 1, 0, 2, 2, 0, 0, 0, 2, 1, 0, 0, 2, 0, 1, 1, 1, 1, 0, 1, 2, 1, 2, 0, 2, 2, 2, 0, 1, 1, 0, 2, 2, 0, 1, 1, 0, 2, 0, 0, 0, 0, 0, 2, 1, 2, 2, 1, 2, 2, 1, 2, 1, 0, 0, 0, 2, 0, 0, 2, 2, 0, 1, 0, 1, 0, 0, 2, 0, 0, 0, 2, 0, 2, 2, 2, 0, 2, 0, 2, 0, 2, 2, 1, 1, 0, 1, 1, 1, 1, 2, 1, 2, 1, 2, 0, 0, 1, 0, 0, 1, 0, 0, 1, 0, 1, 0, 0, 0, 2, 0, 0, 0, 2, 0, 2, 1, 0, 0, 2, 2, 0, 2, 2, 1, 0, 0, 0, 0, 1, 1, 0, 2, 0, 2, 2, 0, 0, 2, 0, 0, 0, 0, 0, 0, 2, 0, 1, 0, 2, 2, 0, 2, 2, 0, 0, 0, 0, 2, 0, 1, 1, 0, 1, 0, 0, 1, 0, 0, 1, 2, 0, 1, 2, 1, 2, 0, 2, 0, 0]
0.7213838792786161
array([[1218,   27,   33],
       [  57,  228,  396],
       [ 207,   37,  514]])
kfold preds 2: [2, 2, 2, 2, 2, 2, 1, 1, 2, 2, 2, 2, 2, 2, 2, 2, 2, 2, 2, 2, 2, 2, 2, 2, 1, 2, 2, 2, 0, 0, 2, 2, 2, 2, 2, 2, 2, 2, 2, 2, 2, 2, 1, 2, 2, 2, 2, 2, 2, 2, 2, 1, 2, 2, 2, 2, 2, 2, 0, 2, 2, 2, 2, 2, 2, 2, 1, 2, 2, 2, 0, 2, 2, 2, 2, 2, 2, 2, 2, 2, 2, 2, 2, 2, 2, 2, 2, 2, 2, 2, 2, 2, 2, 2, 2, 2, 0, 2, 2, 1, 2, 2, 2, 1, 2, 2, 2, 2, 2, 2, 0, 2, 2, 2, 2, 2, 2, 2, 2, 0, 2, 0, 2, 2, 2, 2, 2, 2, 2, 2, 1, 2, 2, 2, 2, 2, 2, 2, 2, 2, 1, 2, 2, 2, 2, 2, 2, 2, 1, 2, 2, 2, 2, 2, 2, 2, 2, 2, 2, 2, 2, 2, 2, 2, 2, 2, 2, 2, 2, 2, 2, 2, 2, 2, 2, 2, 2, 2, 2, 2, 1, 2, 2, 2, 2, 2, 2, 2, 2, 2, 2, 2, 2, 2, 2, 2, 2, 2, 2, 2, 2, 2, 2, 2, 2, 2, 2, 2, 2, 2, 2, 2, 2, 2, 2, 2, 2, 2, 2, 2, 2, 2, 2, 1, 2, 2, 2, 1, 2, 2, 0, 2, 2, 2, 2, 2, 2, 2, 2, 2, 2, 2, 2, 2, 2, 2, 2, 2, 2, 2, 2, 0, 2, 2, 2, 2, 2, 0, 2, 2, 0, 2, 0, 1, 0, 2, 2, 2, 2, 2, 0, 2, 2, 2, 2, 2, 2, 2, 2, 2, 1, 2, 2, 2, 2, 2, 0, 2, 2, 2, 2, 2, 2, 2, 2, 2, 2, 2, 2, 2, 2, 1, 2, 2, 2, 2, 2, 2, 2, 2, 2, 2, 2, 2, 2, 2, 2, 2, 2, 2, 2, 2, 1, 0, 2, 2, 2, 2, 2, 2, 2, 2, 2, 2, 2, 2, 2, 2, 2, 1, 2, 2, 2, 2, 2, 2, 0, 2, 2, 2, 2, 2, 2, 2, 0, 2, 2, 2, 2, 2, 2, 2, 0, 2, 1, 2, 2, 2, 2, 2, 2, 2, 2, 1, 2, 2, 2, 2, 2, 2, 2, 2, 2, 2, 2, 0, 2, 2, 2, 2, 2, 2, 2, 2, 2, 2, 2, 2, 2, 2, 2, 2, 2, 1, 2, 2, 2, 2, 2, 2, 2, 2, 2, 2, 2, 1, 2, 2, 2, 2, 1, 2, 2, 2, 2, 2, 2, 2, 2, 2, 2, 2, 2, 2, 2, 2, 2, 2, 2, 2, 1, 0, 2, 2, 2, 2, 2, 2, 2, 2, 2, 2, 2, 2, 2, 2, 2, 2, 2, 2, 2, 2, 0, 0, 2, 2, 2, 2, 2, 2, 2, 2, 2, 2, 2, 2, 2, 2, 2, 2, 2, 2, 2, 2, 2, 2, 2, 2, 2, 1, 2, 2, 2, 2, 2, 2, 2, 0, 2, 2, 2, 2, 2, 2, 2, 2, 2, 2, 2, 2, 2, 2, 2, 2, 2, 2, 0, 1, 2, 2, 2, 2, 2, 2, 2, 2, 2, 2, 2, 2, 2, 2, 2, 2, 2, 2, 2, 2, 2, 2, 2, 1, 2, 2, 2, 1, 2, 2, 2, 2, 2, 2, 2, 2, 2, 2, 2, 2, 2, 2, 0, 2, 2, 2, 2, 2, 2, 2, 2, 2, 2, 2, 2, 0, 2, 0, 2, 2, 2, 2, 2, 2, 2, 2, 2, 2, 2, 1, 2, 2, 2, 2, 2, 2, 2, 2, 2, 2, 2, 2, 2, 2, 2, 2, 2, 2, 2, 2, 2, 2, 2, 2, 2, 2, 2, 2, 0, 2, 2, 2, 2, 2, 2, 2, 2, 2, 2, 1, 2, 2, 2, 2, 2, 2, 2, 2, 0, 2, 2, 2, 2, 2, 2, 2, 2, 2, 2, 2, 2, 2, 2, 2, 2, 2, 2, 2, 2, 2, 2, 2, 2, 2, 2, 2, 2, 2, 2, 2, 2, 0, 2, 2, 2, 2, 2, 2, 2, 0, 2, 2, 2, 2, 2, 2, 2, 2, 2, 1, 2, 2, 2, 1, 2, 2, 2, 2, 2, 2, 1, 2, 2, 2, 2, 2, 2, 2, 2, 2, 2, 1, 2, 2, 2, 2, 2, 2, 1, 2, 2, 2, 2, 2, 2, 2, 2, 2, 0, 2, 1, 2, 2, 2, 1, 2, 2, 2, 2, 2, 2, 2, 2, 1, 2, 2, 2, 2, 2, 2, 2, 2, 2, 2, 2, 2, 2, 2, 2, 2, 2, 2, 2, 2, 2, 2, 2, 2, 2, 2, 2, 2, 2, 2, 2, 2, 2, 2, 1, 2, 2, 2, 2, 2, 2, 2, 2, 2, 2, 2, 2, 2, 2, 2, 2, 2, 2, 2, 1, 2, 2, 2, 2, 2, 2, 2, 2, 2, 2, 2, 2, 1, 2, 2, 2, 2, 2, 2, 2, 2, 2, 2, 0, 2, 2, 2, 2, 2, 2, 2, 2, 2, 1, 2, 1, 2, 2, 2, 2, 2, 2, 2, 1, 2, 2, 2, 2, 0, 2, 2, 0, 2, 2, 2, 2, 2, 2, 0, 2, 2, 2, 2, 2, 2, 2, 2, 2, 2, 2, 2, 2, 2, 2, 2, 2, 0, 2, 2, 2, 2, 2, 2, 2, 2, 2, 2, 2, 2, 2, 2, 2, 2, 2, 2, 2, 0, 2, 2, 2, 2, 2, 2, 2, 2, 2, 2, 2, 2, 2, 1, 2, 2, 0, 2, 2, 2, 2, 2, 2, 2, 2, 2, 2, 2, 2, 2, 2, 2, 2, 2, 2, 2, 1, 2, 2, 1, 2, 2, 2, 2, 2, 2, 2, 2, 2, 2, 1, 2, 2, 2, 2, 2, 2, 2, 2, 2, 2, 2, 2, 2, 2, 2, 2, 0, 2, 0, 2, 2, 2, 2, 2, 2, 1, 2, 2, 2, 2, 1, 2, 2, 1, 2, 2, 2, 2, 2, 2, 2, 1, 2, 2, 2, 2, 2, 2, 2, 2, 2, 0, 2, 2, 2, 0, 1, 2, 2, 2, 2, 2, 2, 2, 2, 2, 2, 1, 2, 2, 2, 2, 2, 2, 2, 1, 1, 2, 2, 2, 2, 2, 2, 2, 2, 2, 2, 2, 2, 2, 0, 0, 2, 2, 2, 2, 2, 2, 2, 2, 2, 0, 2, 1, 2, 2, 2, 2, 2, 2, 2, 2, 2, 2, 2, 2, 2, 2, 0, 2, 0, 2, 2, 2, 2, 2, 2, 2, 2, 2, 2, 1, 0, 2, 2, 2, 2, 2, 2, 2, 2, 2, 2, 2, 2, 2, 2, 2, 2, 2, 2, 0, 2, 1, 2, 2, 2, 2, 2, 2, 2, 1, 2, 2, 2, 2, 2, 2, 2, 2, 2, 2, 2, 1, 2, 2, 0, 2, 0, 2, 2, 2, 2, 2, 2, 2, 1, 2, 2, 1, 2, 2, 2, 2, 2, 2, 2, 2, 2, 2, 2, 2, 2, 2, 2, 2, 2, 2, 2, 2, 2, 2, 2, 2, 2, 2, 2, 2, 2, 2, 0, 2, 2, 2, 2, 2, 2, 2, 2, 2, 0, 2, 2, 2, 2, 2, 2, 2, 2, 2, 2, 2, 2, 2, 1, 2, 2, 2, 2, 2, 2, 2, 0, 2, 0, 2, 2, 2, 2, 2, 1, 2, 2, 1, 2, 2, 1, 2, 2, 2, 2, 1, 2, 2, 2, 2, 2, 2, 2, 2, 2, 2, 2, 2, 2, 2, 2, 2, 2, 2, 1, 2, 2, 2, 2, 2, 2, 2, 2, 2, 2, 2, 2, 0, 2, 2, 2, 2, 2, 2, 2, 2, 2, 1, 2, 2, 2, 2, 2, 2, 2, 2, 2, 2, 2, 2, 2, 2, 2, 2, 2, 2, 2, 2, 2, 0, 2, 2, 2, 2, 2, 1, 2, 2, 2, 2, 2, 2, 2, 2, 2, 2, 2, 2, 2, 2, 2, 2, 2, 2, 2, 2, 2, 2, 2, 2, 2, 2, 2, 2, 2, 2, 2, 2, 2, 2, 2, 2, 2, 2, 2, 2, 2, 2, 2, 2, 0, 2, 2, 2, 2, 2, 2, 2, 2, 2, 2, 2, 2, 2, 1, 2, 2, 2, 2, 2, 2, 2, 2, 0, 2, 2, 2, 2, 2, 2, 2, 2, 2, 2, 2, 2, 2, 2, 1, 2, 2, 2, 2, 2, 2, 2, 2, 2, 2, 2, 2, 2, 2, 1, 2, 0, 2, 2, 2, 2, 2, 2, 2, 2, 2, 2, 2, 2, 2, 2, 2, 2, 2, 2, 2, 2, 2, 2, 0, 2, 2, 2, 2, 2, 2, 2, 2, 0, 2, 2, 2, 1, 0, 2, 2, 2, 2, 2, 2, 2, 2, 2, 2, 1, 1, 2, 2, 2, 2, 2, 2, 2, 2, 2, 2, 2, 2, 2, 1, 2, 2, 2, 2, 2, 2, 2, 2, 2, 2, 2, 2, 2, 2, 2, 1, 2, 2, 2, 2, 2, 2, 2, 2, 2, 2, 2, 2, 2, 1, 2, 2, 2, 2, 0, 0, 2, 2, 2, 2, 2, 2, 2, 2, 1, 2, 2, 2, 2, 2, 1, 2, 0, 2, 2, 2, 2, 2, 2, 2, 2, 2, 2, 2, 2, 2, 2, 2, 2, 0, 2, 2, 2, 2, 2, 2, 2, 2, 2, 2, 2, 2, 2, 2, 2, 0, 2, 2, 2, 2, 2, 2, 2, 2, 2, 2, 2, 2, 2, 2, 0, 2, 2, 2, 2, 2, 2, 2, 2, 2, 2, 2, 2, 2, 2, 2, 2, 2, 2, 1, 2, 2, 2, 2, 0, 2, 2, 2, 2, 2, 2, 2, 2, 2, 2, 2, 2, 0, 1, 2, 2, 2, 2, 2, 1, 2, 2, 2, 2, 2, 2, 2, 2, 2, 1, 2, 2, 2, 2, 2, 2, 2, 2, 2, 2, 2, 2, 2, 2, 2, 2, 2, 2, 2, 2, 2, 2, 1, 2, 2, 2, 2, 2, 2, 2, 1, 2, 0, 2, 2, 2, 2, 1, 2, 2, 2, 2, 2, 2, 2, 2, 2, 2, 2, 2, 2, 2, 2, 2, 2, 2, 2, 1, 2, 2, 2, 2, 2, 1, 2, 2, 2, 2, 2, 2, 2, 2, 2, 2, 2, 2, 2, 2, 2, 2, 2, 2, 2, 0, 1, 2, 0, 2, 2, 2, 2, 2, 1, 1, 2, 1, 2, 2, 2, 2, 2, 2, 1, 0, 2, 2, 2, 0, 2, 2, 2, 2, 2, 2, 2, 2, 2, 2, 2, 2, 2, 2, 2, 0, 2, 2, 2, 2, 2, 2, 2, 0, 2, 2, 0, 2, 1, 2, 2, 2, 2, 1, 2, 2, 2, 2, 2, 0, 2, 2, 2, 2, 2, 2, 1, 2, 2, 2, 2, 2, 2, 2, 2, 2, 2, 2, 2, 2, 2, 2, 1, 2, 2, 2, 2, 2, 1, 2, 2, 2, 0, 2, 2, 2, 2, 2, 0, 2, 2, 2, 2, 2, 2, 2, 2, 2, 0, 2, 2, 2, 2, 2, 2, 2, 2, 2, 2, 2, 0, 2, 2, 1, 2, 2, 2, 2, 0, 2, 2, 2, 2, 2, 2, 1, 1, 2, 2, 2, 2, 2, 2, 2, 2, 2, 0, 2, 2, 2, 0, 2, 2, 2, 2, 2, 2, 2, 2, 2, 2, 2, 2, 2, 2, 2, 2, 2, 2, 2, 2, 2, 2, 2, 0, 2, 2, 0, 2, 2, 2, 2, 2, 2, 2, 2, 2, 2, 2, 2, 2, 0, 2, 2, 2, 2, 2, 2, 2, 2, 2, 2, 2, 0, 2, 2, 2, 2, 2, 2, 2, 2, 2, 2, 2, 1, 2, 1, 2, 2, 2, 2, 2, 2, 2, 1, 2, 2, 2, 1, 2, 2, 2, 2, 2, 2, 2, 2, 2, 2, 0, 2, 2, 2, 2, 2, 2, 2, 2, 2, 2, 2, 2, 2, 2, 2, 2, 0, 2, 2, 2, 2, 2, 2, 0, 2, 2, 2, 0, 2, 0, 2, 2, 0, 2, 2, 2, 2, 2, 2, 2, 2, 2, 2, 2, 0, 0, 2, 2, 2, 2, 0, 1, 2, 2, 0, 1, 2, 2, 2, 2, 2, 2, 2, 2, 2, 2, 1, 0, 2, 2, 2, 1, 2, 0, 2, 2, 2, 2, 2, 2, 0, 2, 2, 2, 2, 2, 2, 2, 2, 2, 2, 2, 2, 2, 0, 2, 2, 2, 2, 2, 2, 2, 2, 2, 2, 2, 2, 2, 2, 2, 2, 1, 2, 2, 2, 1, 2, 2, 2, 2, 2, 2, 2, 2, 2, 1, 2, 2, 0, 2, 2, 2, 2, 2, 2, 2, 2, 0, 2, 2, 2, 2, 2, 2, 2, 2, 2, 2, 1, 2, 2, 2, 2, 2, 0, 2, 2, 2, 2, 2, 2, 2, 2, 2, 0, 2, 2, 2, 2, 2, 2, 2, 2, 2, 2, 1, 2, 2, 2, 2, 2, 2, 2, 2, 2, 2, 2, 2, 2, 2, 2, 2, 2, 2, 2, 1, 2, 2, 2, 2, 2, 2, 2, 2, 2, 2, 2, 0, 0, 2, 2, 2, 2, 2, 2, 2, 1, 2, 2, 0, 2, 2, 2, 2, 1, 2, 2, 0, 2, 2, 1, 2, 2, 2, 2, 2, 2, 2, 2, 2, 2, 2, 2, 2, 0, 2, 2, 1, 2, 2, 2, 2, 2, 2, 2, 2, 2, 2, 2, 2, 2, 2, 2, 2, 2, 2, 2, 2, 2, 2, 2, 2, 2, 2, 2, 2, 1, 2, 2, 1, 2, 2, 2, 2, 2, 2, 2, 1, 2, 2, 2, 2, 2, 2, 2, 2, 2, 2, 2, 2, 1, 2, 2, 2, 2, 0, 2, 2, 2, 2, 2, 2, 2, 2, 1, 2, 2, 2, 1, 2, 2, 2, 2, 2, 2, 2, 2, 2, 2, 2, 2, 2, 2, 2, 2, 0, 2, 2, 1, 2, 0, 2, 2, 2, 2, 2, 2, 0, 2, 2, 2, 2, 2, 2, 2, 2, 2, 2, 2, 2, 0, 2, 2, 2, 2, 2, 2, 1, 2, 2, 2, 2, 2, 2, 2, 2, 2, 2, 2, 1, 2, 2, 2, 2, 2, 2, 2, 2, 2, 0, 2, 2, 2, 2, 2, 2, 0, 2, 2, 2, 2, 1, 2, 1, 2, 2, 2, 0, 2, 2, 2, 2, 2, 2, 2, 2, 2, 2, 2, 2, 2, 2, 2, 2, 2, 2, 2, 0, 2, 0, 2, 2, 2, 2, 2, 2, 2, 2, 2, 2, 1, 0, 2, 0, 1, 2, 2, 2, 2, 2, 2, 2, 2, 2, 2, 2, 2, 2, 2, 2, 1, 2, 2, 2, 2, 2, 2, 2, 2, 2, 2, 2, 0, 2, 1, 2, 2, 2, 2, 2, 2, 2, 2, 2, 2, 2, 2, 1, 2, 2, 2, 2, 2, 2, 2, 2, 2, 0, 2, 2, 0, 2, 2, 2, 2, 2, 2, 2, 2, 2, 2, 2, 2, 2, 2, 2, 2, 2, 2, 2, 1, 2, 0, 2, 2, 2, 2, 2, 2, 2, 2, 2, 2, 2, 2, 2, 2, 2, 2, 2, 2, 2, 2, 2, 2, 2, 0, 2, 2, 2, 2, 2, 2, 2, 2, 2, 2, 2, 2, 2, 2, 0, 2, 2, 2, 2, 2, 2, 2, 2, 0, 2, 2, 2, 2, 2, 2, 2, 0, 2, 2, 0, 2, 2, 2, 2, 2, 2, 2, 1, 2, 2, 2, 2, 0, 2, 2, 2, 2, 0, 2, 2, 2, 2, 2, 2, 2, 2, 2, 0, 2, 2, 2, 2, 2, 2, 2, 2, 2, 2, 2, 2, 2, 2, 2, 1, 2, 2, 2, 2, 1, 2, 2, 0, 2, 2, 2, 2, 1, 2, 2, 2, 0, 2, 0, 2, 2, 2, 2, 2, 2, 0, 2, 2, 2, 2, 2, 2, 2, 2, 2, 2, 2, 2, 2, 2, 1, 2, 2, 2, 2, 2, 2, 2, 2, 2, 2, 2, 2, 2, 2, 2, 2, 2, 2, 2, 2, 2, 2, 0, 2, 0, 2, 2, 2, 2, 2, 2, 2, 2, 2, 2, 2, 2, 2, 2, 2, 2, 2, 2, 2, 2, 2, 2, 0, 2, 2, 2, 2, 2, 2, 2, 2, 2, 1, 2, 2, 1, 2, 2, 2, 2, 0, 2, 2, 2, 2, 2, 2, 2, 2, 2, 2, 2, 2, 2, 2, 2, 2, 2, 2, 1, 1, 1, 1, 2, 2, 2, 2, 2, 2, 2, 2, 1, 2, 2, 2, 2, 2, 2, 1, 2, 1, 1, 2, 2, 2, 2, 2, 2, 2, 2, 2]
kfold targets 2: [1, 1, 0, 0, 0, 0, 1, 1, 2, 0, 0, 2, 0, 0, 0, 1, 0, 2, 1, 1, 1, 0, 2, 2, 1, 1, 0, 2, 0, 0, 0, 2, 1, 0, 1, 0, 1, 0, 0, 0, 2, 0, 1, 1, 0, 2, 1, 2, 0, 0, 0, 1, 0, 0, 1, 0, 1, 2, 0, 1, 1, 0, 2, 0, 0, 0, 1, 2, 0, 0, 0, 1, 1, 0, 2, 0, 1, 1, 0, 0, 0, 0, 1, 0, 1, 0, 2, 0, 0, 0, 2, 1, 2, 0, 0, 0, 0, 0, 0, 1, 0, 0, 2, 1, 0, 0, 0, 1, 2, 1, 0, 1, 2, 1, 2, 1, 2, 0, 2, 0, 2, 0, 0, 0, 1, 0, 1, 0, 0, 0, 1, 1, 2, 2, 1, 0, 0, 0, 0, 0, 1, 0, 1, 2, 0, 2, 2, 1, 1, 2, 2, 2, 0, 0, 0, 1, 1, 0, 0, 1, 0, 0, 0, 1, 2, 0, 0, 1, 0, 2, 2, 0, 0, 0, 2, 1, 0, 2, 2, 0, 1, 1, 0, 2, 0, 2, 2, 0, 0, 0, 2, 1, 0, 0, 2, 0, 2, 0, 0, 2, 0, 2, 2, 1, 2, 2, 2, 0, 0, 0, 1, 2, 1, 0, 1, 0, 0, 2, 0, 2, 1, 0, 0, 1, 2, 2, 2, 1, 2, 2, 0, 2, 0, 0, 1, 2, 0, 0, 1, 0, 0, 2, 2, 2, 0, 0, 0, 0, 0, 1, 2, 0, 0, 2, 2, 2, 2, 0, 1, 0, 0, 2, 0, 1, 0, 1, 1, 2, 2, 0, 0, 2, 0, 0, 0, 0, 0, 2, 0, 2, 1, 1, 1, 2, 0, 0, 0, 2, 1, 0, 1, 0, 0, 0, 0, 0, 0, 0, 0, 2, 0, 0, 0, 2, 2, 0, 0, 2, 0, 0, 1, 0, 0, 1, 2, 0, 1, 1, 1, 0, 0, 0, 1, 0, 0, 0, 0, 2, 1, 0, 1, 0, 2, 2, 1, 0, 1, 2, 2, 1, 2, 1, 2, 1, 0, 2, 0, 0, 0, 1, 0, 0, 2, 1, 0, 0, 0, 2, 2, 1, 1, 2, 0, 0, 1, 2, 0, 1, 1, 1, 1, 0, 2, 1, 2, 0, 1, 0, 1, 0, 0, 1, 2, 1, 0, 0, 0, 2, 1, 1, 0, 2, 1, 2, 0, 0, 0, 0, 0, 2, 1, 1, 0, 1, 2, 0, 0, 1, 2, 1, 2, 0, 0, 0, 2, 1, 1, 1, 0, 2, 2, 0, 1, 0, 2, 0, 2, 2, 0, 2, 0, 0, 2, 1, 2, 0, 1, 0, 0, 0, 1, 0, 1, 1, 0, 2, 1, 1, 2, 0, 1, 2, 2, 2, 2, 2, 2, 2, 1, 0, 0, 0, 0, 0, 0, 0, 2, 0, 2, 2, 1, 2, 0, 0, 2, 2, 0, 0, 2, 0, 0, 2, 0, 0, 0, 1, 1, 0, 2, 1, 2, 1, 1, 0, 1, 2, 2, 0, 0, 1, 2, 0, 2, 0, 2, 1, 1, 1, 2, 2, 2, 0, 2, 2, 2, 2, 0, 1, 0, 1, 0, 1, 2, 0, 0, 2, 2, 0, 0, 2, 2, 0, 2, 0, 0, 0, 1, 0, 2, 2, 0, 1, 2, 0, 2, 1, 0, 0, 1, 1, 1, 2, 1, 1, 0, 0, 0, 2, 0, 2, 0, 2, 1, 0, 2, 0, 0, 0, 2, 1, 0, 0, 0, 0, 1, 0, 1, 1, 0, 1, 2, 1, 0, 0, 2, 0, 0, 1, 2, 0, 2, 1, 0, 2, 2, 0, 1, 0, 2, 0, 2, 2, 2, 0, 0, 1, 0, 1, 1, 0, 2, 0, 2, 0, 0, 2, 0, 0, 0, 0, 0, 2, 1, 0, 0, 1, 2, 1, 2, 0, 0, 1, 1, 2, 1, 2, 0, 2, 0, 2, 2, 2, 0, 1, 1, 0, 2, 2, 2, 0, 2, 2, 0, 2, 2, 2, 1, 1, 0, 0, 2, 2, 0, 2, 0, 2, 0, 2, 0, 0, 1, 2, 2, 0, 0, 1, 1, 0, 2, 2, 0, 1, 0, 0, 2, 0, 0, 2, 0, 0, 0, 0, 1, 2, 0, 0, 2, 2, 1, 0, 1, 0, 0, 2, 1, 0, 0, 0, 0, 1, 0, 0, 0, 0, 2, 2, 1, 1, 2, 2, 0, 0, 2, 1, 2, 2, 0, 1, 1, 0, 0, 0, 1, 0, 0, 0, 2, 2, 0, 2, 2, 1, 1, 1, 1, 1, 0, 2, 0, 0, 2, 2, 0, 2, 0, 2, 0, 0, 0, 0, 0, 1, 0, 0, 0, 1, 2, 2, 0, 1, 1, 0, 0, 1, 1, 1, 1, 0, 1, 0, 0, 0, 0, 1, 0, 1, 2, 0, 0, 2, 2, 0, 0, 2, 0, 2, 1, 0, 0, 2, 1, 0, 1, 0, 0, 1, 0, 0, 2, 1, 2, 2, 0, 2, 0, 0, 2, 2, 0, 0, 0, 0, 0, 0, 0, 2, 2, 0, 0, 2, 1, 1, 1, 0, 2, 0, 2, 0, 1, 0, 1, 2, 2, 1, 0, 0, 0, 2, 0, 2, 1, 0, 2, 2, 0, 0, 0, 0, 0, 0, 0, 1, 1, 2, 1, 2, 0, 0, 0, 2, 0, 0, 2, 0, 2, 0, 1, 0, 0, 2, 0, 0, 0, 1, 1, 0, 0, 2, 1, 2, 0, 0, 1, 0, 2, 0, 2, 1, 0, 0, 0, 0, 0, 2, 2, 1, 2, 0, 2, 0, 0, 0, 0, 2, 0, 2, 2, 0, 2, 2, 2, 2, 2, 0, 0, 2, 2, 0, 1, 0, 2, 0, 2, 1, 0, 0, 0, 2, 0, 0, 0, 0, 2, 2, 1, 0, 0, 1, 0, 2, 2, 2, 0, 0, 0, 0, 0, 1, 1, 1, 0, 0, 0, 0, 0, 2, 0, 2, 0, 0, 1, 1, 0, 2, 2, 0, 1, 0, 1, 1, 0, 0, 2, 1, 2, 0, 0, 0, 0, 0, 0, 1, 2, 0, 0, 2, 0, 0, 2, 0, 0, 1, 1, 0, 0, 2, 1, 0, 1, 0, 0, 0, 1, 0, 1, 2, 2, 0, 2, 1, 1, 2, 1, 0, 2, 2, 2, 1, 0, 0, 0, 0, 0, 0, 2, 0, 0, 0, 2, 2, 0, 1, 0, 0, 2, 0, 0, 0, 2, 0, 0, 2, 0, 0, 2, 1, 1, 0, 0, 2, 2, 0, 1, 0, 2, 0, 0, 0, 0, 2, 0, 1, 2, 0, 1, 0, 1, 0, 0, 0, 2, 2, 0, 1, 0, 0, 0, 2, 0, 0, 2, 0, 2, 0, 1, 1, 0, 0, 1, 0, 0, 0, 1, 1, 1, 1, 1, 0, 2, 1, 0, 2, 2, 0, 0, 0, 0, 0, 2, 0, 2, 0, 1, 0, 1, 1, 0, 0, 1, 1, 0, 1, 1, 0, 1, 0, 0, 1, 1, 0, 0, 2, 2, 1, 0, 0, 1, 0, 2, 1, 0, 0, 0, 0, 0, 2, 2, 0, 2, 0, 0, 0, 0, 2, 2, 0, 0, 0, 0, 2, 2, 2, 2, 1, 0, 0, 2, 2, 2, 2, 0, 0, 0, 1, 1, 2, 0, 0, 0, 1, 1, 1, 0, 1, 2, 0, 0, 0, 0, 0, 2, 2, 2, 1, 2, 1, 2, 0, 1, 0, 0, 1, 0, 2, 2, 0, 1, 2, 0, 2, 0, 0, 2, 1, 2, 2, 0, 2, 0, 0, 2, 1, 2, 2, 0, 2, 1, 2, 2, 0, 0, 0, 2, 0, 0, 0, 2, 1, 0, 1, 2, 0, 0, 1, 0, 0, 2, 1, 1, 1, 0, 0, 2, 1, 1, 1, 0, 1, 0, 1, 0, 2, 0, 1, 2, 0, 2, 0, 1, 0, 0, 1, 0, 0, 0, 1, 1, 2, 0, 0, 0, 2, 1, 0, 2, 0, 2, 0, 1, 0, 2, 2, 0, 0, 0, 0, 2, 2, 2, 1, 2, 1, 2, 2, 2, 0, 0, 1, 0, 0, 0, 0, 0, 0, 0, 2, 2, 0, 1, 1, 0, 0, 0, 0, 1, 1, 2, 0, 0, 2, 1, 1, 0, 2, 2, 1, 1, 0, 2, 1, 2, 0, 2, 2, 0, 0, 0, 0, 2, 0, 0, 0, 2, 0, 2, 0, 0, 1, 2, 1, 0, 1, 2, 2, 1, 0, 0, 0, 1, 2, 2, 0, 2, 0, 1, 1, 0, 0, 1, 2, 0, 0, 1, 2, 2, 0, 1, 0, 1, 1, 2, 0, 2, 2, 2, 2, 0, 0, 0, 0, 0, 1, 0, 0, 2, 1, 0, 0, 0, 2, 2, 0, 1, 0, 2, 2, 0, 0, 1, 0, 0, 2, 2, 0, 1, 1, 1, 0, 2, 2, 2, 0, 0, 0, 0, 0, 0, 2, 2, 1, 2, 0, 0, 2, 0, 0, 1, 0, 0, 0, 0, 1, 0, 0, 2, 1, 0, 2, 2, 0, 0, 0, 0, 1, 0, 0, 2, 1, 0, 1, 0, 2, 0, 1, 0, 0, 0, 0, 0, 0, 0, 2, 2, 2, 1, 2, 0, 0, 0, 1, 1, 1, 0, 0, 0, 1, 0, 0, 2, 0, 1, 2, 0, 0, 0, 2, 2, 2, 1, 0, 0, 1, 0, 2, 1, 2, 1, 2, 2, 2, 1, 2, 2, 1, 1, 0, 1, 0, 0, 0, 2, 1, 1, 0, 1, 2, 1, 1, 0, 2, 0, 2, 1, 0, 0, 2, 1, 2, 1, 0, 2, 1, 0, 0, 2, 0, 0, 1, 0, 1, 0, 0, 0, 1, 0, 1, 2, 1, 0, 0, 2, 1, 0, 1, 2, 0, 0, 0, 1, 2, 1, 0, 1, 1, 1, 2, 0, 0, 0, 2, 1, 0, 2, 0, 1, 0, 2, 2, 0, 1, 0, 2, 0, 2, 0, 0, 0, 1, 0, 1, 1, 0, 0, 0, 0, 2, 2, 1, 0, 0, 0, 0, 1, 2, 2, 1, 0, 0, 0, 0, 2, 0, 1, 1, 2, 2, 1, 0, 2, 2, 2, 0, 0, 2, 0, 2, 0, 2, 1, 0, 0, 2, 1, 2, 0, 0, 2, 1, 1, 1, 2, 0, 0, 0, 2, 1, 2, 0, 1, 0, 2, 1, 2, 0, 0, 0, 1, 2, 0, 1, 0, 0, 2, 1, 2, 1, 0, 1, 1, 1, 1, 1, 0, 0, 0, 2, 1, 1, 0, 2, 0, 0, 0, 0, 1, 1, 0, 1, 0, 2, 0, 0, 1, 2, 0, 1, 2, 1, 0, 1, 2, 0, 2, 1, 1, 1, 0, 0, 0, 0, 2, 1, 1, 1, 0, 0, 1, 0, 2, 0, 0, 1, 0, 1, 2, 0, 0, 1, 1, 1, 0, 0, 1, 0, 1, 0, 0, 0, 0, 0, 1, 2, 0, 2, 1, 1, 0, 0, 1, 0, 2, 0, 0, 0, 2, 0, 0, 0, 0, 0, 2, 0, 1, 1, 0, 0, 2, 0, 2, 2, 1, 0, 2, 2, 0, 0, 1, 1, 0, 1, 2, 2, 2, 0, 2, 1, 0, 0, 2, 1, 0, 0, 1, 0, 0, 0, 2, 0, 1, 1, 0, 2, 1, 2, 1, 0, 0, 0, 0, 0, 1, 1, 1, 0, 2, 0, 0, 2, 0, 2, 0, 1, 2, 2, 0, 0, 2, 0, 2, 0, 1, 0, 0, 2, 1, 2, 2, 0, 0, 2, 0, 0, 0, 1, 0, 2, 2, 1, 0, 1, 2, 2, 1, 1, 0, 0, 0, 1, 1, 0, 1, 2, 2, 0, 2, 2, 0, 1, 2, 2, 1, 1, 0, 2, 1, 0, 2, 2, 1, 0, 1, 0, 1, 1, 0, 1, 2, 0, 1, 0, 1, 1, 1, 1, 2, 0, 0, 2, 1, 2, 1, 1, 1, 0, 0, 2, 0, 0, 2, 2, 2, 0, 2, 0, 0, 0, 0, 0, 1, 1, 0, 0, 1, 1, 2, 2, 1, 0, 2, 0, 2, 0, 0, 0, 0, 2, 0, 2, 0, 0, 0, 2, 0, 0, 2, 0, 2, 0, 0, 0, 0, 0, 1, 1, 0, 1, 0, 2, 0, 1, 0, 1, 0, 0, 2, 2, 1, 2, 0, 0, 0, 0, 0, 0, 0, 0, 2, 0, 0, 1, 0, 0, 1, 0, 0, 2, 0, 1, 0, 2, 2, 2, 1, 2, 0, 0, 1, 1, 0, 0, 0, 0, 1, 0, 2, 0, 2, 1, 1, 1, 0, 0, 0, 1, 1, 1, 0, 0, 2, 2, 0, 0, 2, 0, 2, 0, 1, 2, 0, 1, 0, 2, 0, 1, 2, 2, 1, 2, 2, 0, 2, 0, 1, 2, 2, 2, 1, 0, 0, 0, 0, 0, 2, 0, 0, 2, 0, 0, 0, 0, 2, 2, 0, 0, 2, 2, 0, 1, 0, 0, 0, 2, 1, 2, 1, 2, 0, 0, 1, 1, 0, 0, 0, 2, 0, 2, 1, 1, 1, 2, 2, 2, 0, 0, 0, 2, 0, 2, 0, 1, 0, 0, 0, 0, 0, 1, 1, 1, 0, 0, 1, 0, 0, 0, 1, 2, 0, 1, 2, 1, 1, 0, 2, 0, 0, 1, 1, 1, 1, 2, 0, 0, 0, 2, 0, 0, 1, 2, 2, 0, 0, 2, 0, 0, 0, 0, 2, 1, 0, 0, 2, 1, 2, 0, 1, 1, 1, 0, 2, 1, 2, 2, 0, 1, 0, 0, 1, 0, 0, 1, 2, 2, 0, 2, 0, 0, 2, 0, 2, 2, 1, 0, 1, 1, 2, 0, 0, 0, 0, 0, 2, 1, 2, 0, 2, 2, 0, 0, 0, 1, 0, 0, 0, 2, 0, 0, 0, 1, 1, 0, 0, 0, 2, 2, 0, 0, 1, 1, 0, 2, 2, 2, 1, 0, 2, 0, 1, 1, 2, 2, 2, 2, 0, 0, 0, 0, 0, 0, 0, 0, 2, 0, 1, 2, 0, 0, 0, 0, 0, 0, 0, 0, 0, 0, 0, 0, 0, 0, 1, 2, 0, 2, 2, 1, 0, 0, 2, 0, 2, 0, 0, 1, 1, 2, 2, 2, 0, 0, 0, 2, 0, 2, 2, 1, 1, 0, 0, 2, 1, 0, 2, 1, 0, 0, 0, 2, 0, 0, 2, 0, 0, 0, 1, 2, 0, 1, 2, 1, 0, 2, 2, 0, 0, 2, 2, 2, 0, 2, 2, 1, 1, 2, 2, 2, 0, 2, 2, 0, 0, 0, 2, 0, 2, 0, 0, 1, 0, 2, 2, 1, 2, 2, 2, 1, 1, 0, 1, 0, 1, 0, 0, 1, 1, 1, 0, 1, 2, 2, 0, 0, 2, 0, 1, 0, 1, 1, 2, 2, 1, 0, 1, 1, 2, 0, 0, 1, 0, 2, 1, 1, 0, 1, 0, 2, 0, 2, 2, 0, 0, 1, 1, 2, 2, 1, 2, 0, 2, 1, 2, 2, 0, 0, 1, 2, 0, 2, 0, 1, 1, 0, 2, 0, 0, 2, 2, 0, 2, 0, 0, 0, 0, 2, 1, 1, 1, 2, 0, 2, 1, 0, 0, 1, 0, 1, 0, 2, 1, 0, 0, 0, 2, 2, 2, 0, 0, 0, 0, 0, 0, 2, 0, 0, 0, 0, 0, 0, 1, 2, 0, 2, 2, 0, 0, 2, 1, 0, 1, 2, 2, 1, 1, 0, 0, 0, 0, 0, 0, 1, 0, 0, 2, 2, 0, 0, 1, 0, 2, 0, 0, 1, 1, 0, 2, 0, 0, 2, 1, 0, 0, 2, 1, 1, 2, 0, 2, 1, 1, 0, 1, 0, 2, 2, 0, 0, 2, 2, 2, 2, 2, 2, 1, 0, 1, 1, 1, 0, 1, 1, 2, 1, 0, 2, 2, 2, 1, 1, 2, 0, 0, 0, 0, 0, 1, 0, 0, 0, 0, 2, 0, 0, 1, 1, 2, 2, 2, 0, 2, 2, 1, 1, 0, 0, 0, 0, 0, 0, 2, 2, 0, 1, 1, 1, 0, 0, 0, 0, 0, 2, 1, 0, 1, 0, 2, 2, 2, 1, 2, 1, 2, 2, 2, 2, 0, 0, 1, 0, 0, 2, 1, 1, 1, 2, 0, 0, 2, 0, 1, 1, 2, 1, 0, 2, 0, 0, 0, 0, 2, 0, 0, 0, 2, 0, 2, 0, 1, 1, 0, 0, 1, 2, 1, 1, 0, 0, 0, 0, 0, 2, 0, 2, 0, 0, 1, 0, 0, 2, 1, 0, 0, 1, 0, 1, 2, 1, 2, 1, 0, 2, 1, 1, 1, 0, 1, 0, 0, 0, 0, 1, 0, 0, 2, 0, 0, 0, 1, 0, 1, 1, 0, 0, 2, 0, 2, 0, 2, 0, 0]
0.37799043062200954
array([[ 149,   14, 1131],
       [   0,  130,  534],
       [   0,   11,  748]])
