epoch: 1
100
139.46028470993042
200
297.4580156803131
300
450.0929584503174
400
618.8670465946198
500
791.2319855690002
600
943.3605642318726
Epoch: 1 | Training Loss: 0.560140 | Train ACC: 0.7532
epoch: 2
100
1212.996589422226
200
1379.4701933860779
300
1543.1412880420685
400
1695.3316595554352
500
1849.873130083084
600
2019.2764604091644
Epoch: 2 | Training Loss: 0.404479 | Train ACC: 0.8316
epoch: 3
100
2318.343479156494
200
2482.9587063789368
300
2617.634842634201
400
2738.3531908988953
500
2860.484798669815
600
2983.324536561966
Epoch: 3 | Training Loss: 0.332100 | Train ACC: 0.8605
epoch: 4
100
3210.4875638484955
200
3335.8160240650177
300
3460.2668073177338
400
3585.965688228607
500
3708.38191819191
600
3833.623639822006
Epoch: 4 | Training Loss: 0.282778 | Train ACC: 0.8833
epoch: 5
100
4099.672389507294
200
4270.689777612686
300
4431.767159461975
400
4599.062429904938
500
4759.845973491669
600
4917.366100072861
Epoch: 5 | Training Loss: 0.255164 | Train ACC: 0.9021
epoch: 6
100
5179.231414318085
200
5305.454967737198
300
5429.860132217407
400
5553.025611162186
500
5674.393443584442
600
5793.674186944962
Epoch: 6 | Training Loss: 0.230394 | Train ACC: 0.9076
epoch: 7
100
6011.561450481415
200
6150.585071563721
300
6311.984136104584
400
6476.063489437103
500
6636.243435382843
600
6784.36074090004
Epoch: 7 | Training Loss: 0.206696 | Train ACC: 0.9179
epoch: 8
100
7043.119401693344
200
7183.974866628647
300
7327.223178625107
400
7478.092716693878
500
7616.292736291885
600
7761.36602973938
Epoch: 8 | Training Loss: 0.176977 | Train ACC: 0.9312
epoch: 9
100
8027.8638916015625
200
8191.456020116806
300
8355.866864681244
400
8511.164580345154
500
8663.700690031052
600
8786.432389736176
Epoch: 9 | Training Loss: 0.171127 | Train ACC: 0.9330
epoch: 10
100
9008.212177753448
200
9133.473071813583
300
9258.263411998749
400
9381.95510172844
500
9501.720445632935
600
9625.728946685791
Epoch: 10 | Training Loss: 0.146241 | Train ACC: 0.9442
epoch: 11
100
9846.43389081955
200
9971.04818868637
300
10095.581897735596
400
10218.627674102783
500
10341.466371059418
600
10456.360160589218
Epoch: 11 | Training Loss: 0.131382 | Train ACC: 0.9453
epoch: 12
100
10676.9832508564
200
10798.574544429779
300
10922.679542064667
400
11045.958411931992
500
11170.41782450676
600
11297.233502864838
Epoch: 12 | Training Loss: 0.132551 | Train ACC: 0.9470
epoch: 13
100
11517.077020168304
200
11640.023537158966
300
11763.40373802185
400
11886.36494898796
500
12008.588942289352
600
12131.236155509949
Epoch: 13 | Training Loss: 0.094850 | Train ACC: 0.9634
epoch: 14
100
12350.619623184204
200
12473.855749607086
300
12593.964980602264
400
12715.880522727966
500
12837.975364685059
600
12959.499418735504
Epoch: 14 | Training Loss: 0.107471 | Train ACC: 0.9588
epoch: 15
100
13177.491985082626
200
13301.592700242996
300
13424.479857444763
400
13540.229965209961
500
13658.444312095642
600
13773.513949394226
Epoch: 15 | Training Loss: 0.087802 | Train ACC: 0.9661
epoch: 16
100
13993.721507787704
200
14117.117570400238
300
14238.957681417465
400
14362.957242250443
500
14484.589219093323
600
14607.697487592697
Epoch: 16 | Training Loss: 0.091140 | Train ACC: 0.9661
epoch: 17
100
14826.33609008789
200
14950.67171883583
300
15073.848036527634
400
15198.334759950638
500
15323.13669872284
600
15445.403711795807
Epoch: 17 | Training Loss: 0.074540 | Train ACC: 0.9728
epoch: 18
100
15663.633790254593
200
15785.558495759964
300
15910.938747167587
400
16035.241401195526
500
16158.237676143646
600
16282.908558368683
Epoch: 18 | Training Loss: 0.073099 | Train ACC: 0.9726
epoch: 19
100
16504.946036100388
200
16624.642400741577
300
16747.115385770798
400
16869.648772239685
500
16991.690846204758
600
17114.348115205765
Epoch: 19 | Training Loss: 0.065569 | Train ACC: 0.9757
epoch: 20
100
17334.479825019836
200
17456.675607919693
300
17577.169128656387
400
17699.526703834534
500
17822.588464021683
600
17946.315407037735
Epoch: 20 | Training Loss: 0.063967 | Train ACC: 0.9761
Training complete in 300m 44s
Validation Loss: 0.656105 | Validation ACC: 0.8013
epoch: 1
100
111.9147617816925
200
234.8578004837036
300
358.7269866466522
400
478.88567090034485
500
601.9681575298309
600
727.8357553482056
Epoch: 1 | Training Loss: 0.543943 | Train ACC: 0.7672
epoch: 2
100
953.3577170372009
200
1075.5915744304657
300
1199.2197744846344
400
1322.598221063614
500
1445.833603143692
600
1567.4377269744873
Epoch: 2 | Training Loss: 0.395461 | Train ACC: 0.8392
epoch: 3
100
1790.2075085639954
200
1913.4671716690063
300
2035.1114177703857
400
2158.4989750385284
500
2281.051081418991
600
2402.181024312973
Epoch: 3 | Training Loss: 0.341695 | Train ACC: 0.8688
epoch: 4
100
2622.582116127014
200
2743.752377986908
300
2866.374210357666
400
2990.0949115753174
500
3111.9551434516907
600
3233.436270236969
Epoch: 4 | Training Loss: 0.301641 | Train ACC: 0.8828
epoch: 5
100
3453.5511627197266
200
3576.7619228363037
300
3699.908746957779
400
3821.294867992401
500
3941.3695800304413
600
4061.8506784439087
Epoch: 5 | Training Loss: 0.258036 | Train ACC: 0.8955
epoch: 6
100
4271.21257352829
200
4390.07893705368
300
4510.061660766602
400
4629.9579293727875
500
4749.171058893204
600
4867.62705373764
Epoch: 6 | Training Loss: 0.230456 | Train ACC: 0.9093
epoch: 7
100
5080.050270080566
200
5199.030629634857
300
5316.51370882988
400
5437.302050590515
500
5553.66654920578
600
5663.581045866013
Epoch: 7 | Training Loss: 0.205154 | Train ACC: 0.9165
epoch: 8
100
5862.074399232864
200
5982.405741930008
300
6101.7552053928375
400
6220.480195760727
500
6340.42635846138
600
6459.639811515808
Epoch: 8 | Training Loss: 0.192901 | Train ACC: 0.9266
epoch: 9
100
6672.884660243988
200
6790.135268688202
300
6908.896855592728
400
7025.804167032242
500
7143.559844970703
600
7262.479241132736
Epoch: 9 | Training Loss: 0.156917 | Train ACC: 0.9371
epoch: 10
100
7475.173761129379
200
7593.672168493271
300
7712.3691527843475
400
7830.975626945496
500
7950.507994174957
600
8069.364811658859
Epoch: 10 | Training Loss: 0.148805 | Train ACC: 0.9444
epoch: 11
100
8281.226716518402
200
8400.557641744614
300
8517.650785446167
400
8635.983296871185
500
8756.41790485382
600
8877.261474609375
Epoch: 11 | Training Loss: 0.134500 | Train ACC: 0.9455
epoch: 12
100
9090.798509836197
200
9209.942112207413
300
9327.917151927948
400
9447.956954956055
500
9568.444338798523
600
9689.623153448105
Epoch: 12 | Training Loss: 0.123993 | Train ACC: 0.9512
epoch: 13
100
9904.088330507278
200
10024.23344707489
300
10144.052569627762
400
10258.97553563118
500
10373.990837097168
600
10482.30109000206
Epoch: 13 | Training Loss: 0.134901 | Train ACC: 0.9487
epoch: 14
100
10675.979585170746
200
10784.977416753769
300
10889.465335130692
400
10994.254021167755
500
11098.935346126556
600
11207.742515325546
Epoch: 14 | Training Loss: 0.108213 | Train ACC: 0.9595
epoch: 15
100
11401.881795883179
200
11511.712376594543
300
11617.109634160995
400
11723.743619680405
500
11835.784958600998
600
11944.864155054092
Epoch: 15 | Training Loss: 0.101419 | Train ACC: 0.9595
epoch: 16
100
12139.64504289627
200
12250.09316277504
300
12361.48378610611
400
12470.6607234478
500
12581.89389705658
600
12693.260417938232
Epoch: 16 | Training Loss: 0.097623 | Train ACC: 0.9614
epoch: 17
100
12892.892063617706
200
13005.988652229309
300
13117.313137054443
400
13228.533170938492
500
13342.251278400421
600
13452.88915348053
Epoch: 17 | Training Loss: 0.089828 | Train ACC: 0.9658
epoch: 18
100
13658.91639637947
200
13771.968215227127
300
13883.05789065361
400
13993.391130447388
500
14105.53007221222
600
14219.391342163086
Epoch: 18 | Training Loss: 0.089835 | Train ACC: 0.9660
epoch: 19
100
14422.648955583572
200
14533.429962158203
300
14645.690929412842
400
14756.53414773941
500
14868.352555274963
600
14979.92562007904
Epoch: 19 | Training Loss: 0.077696 | Train ACC: 0.9695
epoch: 20
100
15174.590342998505
200
15290.418046474457
300
15401.516332387924
400
15513.660499811172
500
15623.663910150528
600
15733.471344470978
Epoch: 20 | Training Loss: 0.073159 | Train ACC: 0.9742
Training complete in 263m 46s
Validation Loss: 1.555526 | Validation ACC: 0.7159
epoch: 1
100
109.10230803489685
200
218.83385705947876
300
328.869432926178
400
436.589998960495
500
547.7533075809479
600
655.5771331787109
Epoch: 1 | Training Loss: 0.562781 | Train ACC: 0.7586
epoch: 2
100
848.2839033603668
200
955.9617114067078
300
1068.6219453811646
400
1183.984493970871
500
1291.2988562583923
600
1401.5786707401276
Epoch: 2 | Training Loss: 0.416564 | Train ACC: 0.8217
epoch: 3
100
1602.3889293670654
200
1711.0066540241241
300
1820.0858540534973
400
1928.8241081237793
500
2040.7855253219604
600
2153.5295345783234
Epoch: 3 | Training Loss: 0.339209 | Train ACC: 0.8563
epoch: 4
100
2355.326416015625
200
2465.95130777359
300
2576.8902492523193
400
2692.112504005432
500
2803.0218648910522
600
2916.074537038803
Epoch: 4 | Training Loss: 0.280858 | Train ACC: 0.8881
epoch: 5
100
3121.451283931732
200
3236.919578552246
300
3350.617966890335
400
3466.0416972637177
500
3583.5519721508026
600
3691.920840740204
Epoch: 5 | Training Loss: 0.250333 | Train ACC: 0.8992
epoch: 6
100
3892.4346420764923
200
4003.9877808094025
300
4108.624925374985
400
4211.994458913803
500
4322.378200054169
600
4432.163468837738
Epoch: 6 | Training Loss: 0.219913 | Train ACC: 0.9124
epoch: 7
100
4624.423160791397
200
4731.1111896038055
300
4836.226256847382
400
4945.412939071655
500
5050.9528114795685
600
5159.514968395233
Epoch: 7 | Training Loss: 0.204155 | Train ACC: 0.9190
epoch: 8
100
5350.7522785663605
200
5459.546614646912
300
5569.222217082977
400
5681.021387338638
500
5799.864399194717
600
5913.770197629929
Epoch: 8 | Training Loss: 0.169805 | Train ACC: 0.9317
epoch: 9
100
6121.900115251541
200
6235.860014438629
300
6348.188171386719
400
6463.551105976105
500
6577.643800497055
600
6689.867362499237
Epoch: 9 | Training Loss: 0.149974 | Train ACC: 0.9431
epoch: 10
100
6897.0783858299255
200
7010.631670951843
300
7128.110379695892
400
7238.011946439743
500
7348.922105789185
600
7462.594793796539
Epoch: 10 | Training Loss: 0.149998 | Train ACC: 0.9454
epoch: 11
100
7659.469502925873
200
7773.63415813446
300
7885.77849984169
400
8000.375109195709
500
8110.884496927261
600
8219.434357404709
Epoch: 11 | Training Loss: 0.130803 | Train ACC: 0.9512
epoch: 12
100
8418.15041399002
200
8525.857617616653
300
8637.361421823502
400
8743.472369909286
500
8850.082411289215
600
8963.093550682068
Epoch: 12 | Training Loss: 0.113773 | Train ACC: 0.9569
epoch: 13
100
9170.469386577606
200
9287.29427599907
300
9402.28809595108
400
9518.813970088959
500
9632.523627996445
600
9746.573084115982
Epoch: 13 | Training Loss: 0.109720 | Train ACC: 0.9582
epoch: 14
100
9950.67433309555
200
10060.534788131714
300
10172.009733438492
400
10283.690998077393
500
10397.337625980377
600
10511.268804311752
Epoch: 14 | Training Loss: 0.110450 | Train ACC: 0.9592
epoch: 15
100
10718.411130428314
200
10832.549563884735
300
10948.549145460129
400
11062.73860168457
500
11178.291327953339
600
11299.960033893585
Epoch: 15 | Training Loss: 0.091528 | Train ACC: 0.9652
epoch: 16
100
11495.372459173203
200
11606.268562316895
300
11716.68432354927
400
11830.221143484116
500
11944.897836446762
600
12736.547651529312
Epoch: 16 | Training Loss: 0.092229 | Train ACC: 0.9645
epoch: 17
100
12946.838904380798
200
13072.089049816132
300
13197.883748054504
400
13319.907473564148
500
13459.267924547195
600
13580.225098609924
Epoch: 17 | Training Loss: 0.078094 | Train ACC: 0.9691
epoch: 18
100
13797.145567417145
200
13927.3753221035
300
14061.224814891815
400
14194.792677402496
500
14312.84185910225
600
14422.832306861877
Epoch: 18 | Training Loss: 0.077311 | Train ACC: 0.9691
epoch: 19
100
14623.77105641365
200
14755.588263511658
300
14869.664746046066
400
14979.734740018845
500
15093.474984407425
600
15244.543569803238
Epoch: 19 | Training Loss: 0.073437 | Train ACC: 0.9709
epoch: 20
100
15479.833834409714
200
15596.573189020157
300
15712.141196489334
400
15843.157916784286
500
15964.375726938248
600
16103.780165433884
Epoch: 20 | Training Loss: 0.074306 | Train ACC: 0.9742
Training complete in 270m 29s
Validation Loss: 0.349176 | Validation ACC: 0.9069
kfold preds 0: [1, 2, 0, 0, 2, 0, 2, 1, 2, 0, 0, 0, 0, 1, 0, 1, 1, 1, 1, 2, 1, 0, 2, 2, 1, 1, 2, 0, 1, 0, 0, 2, 2, 0, 0, 0, 0, 1, 1, 0, 2, 0, 2, 2, 0, 1, 2, 1, 0, 2, 1, 1, 0, 0, 2, 0, 0, 1, 0, 0, 2, 1, 2, 0, 0, 0, 1, 0, 0, 0, 0, 2, 1, 0, 0, 0, 2, 2, 1, 0, 0, 0, 1, 0, 0, 0, 1, 0, 0, 2, 2, 1, 1, 1, 0, 0, 0, 0, 0, 2, 0, 0, 0, 1, 1, 0, 0, 2, 2, 0, 0, 0, 2, 0, 2, 2, 1, 0, 2, 0, 0, 0, 0, 0, 1, 0, 1, 0, 0, 2, 2, 2, 1, 1, 2, 0, 0, 1, 0, 0, 1, 0, 1, 2, 0, 2, 2, 1, 0, 1, 1, 2, 0, 0, 2, 0, 1, 0, 2, 1, 2, 0, 2, 0, 2, 0, 0, 2, 0, 1, 2, 0, 0, 0, 1, 1, 0, 2, 2, 0, 1, 1, 0, 2, 0, 1, 2, 0, 1, 0, 0, 2, 0, 0, 1, 1, 2, 0, 0, 2, 0, 2, 2, 2, 0, 0, 1, 0, 0, 0, 2, 0, 0, 0, 0, 1, 0, 2, 0, 2, 1, 1, 0, 2, 2, 2, 0, 1, 1, 0, 0, 1, 0, 0, 2, 1, 0, 2, 1, 0, 0, 1, 1, 2, 0, 0, 1, 0, 1, 0, 0, 0, 0, 2, 1, 2, 1, 0, 1, 0, 0, 1, 0, 1, 0, 1, 0, 0, 2, 0, 2, 2, 2, 2, 0, 2, 0, 0, 2, 2, 1, 1, 1, 2, 0, 1, 0, 1, 2, 1, 2, 2, 1, 0, 0, 0, 0, 2, 1, 1, 1, 0, 0, 2, 2, 0, 0, 1, 0, 0, 0, 1, 0, 0, 2, 0, 0, 1, 0, 0, 0, 0, 0, 0, 2, 0, 0, 1, 1, 0, 1, 0, 1, 2, 1, 0, 1, 1, 1, 1, 1, 0, 1, 1, 0, 0, 0, 0, 0, 0, 0, 1, 0, 1, 2, 0, 0, 1, 1, 2, 1, 2, 0, 1, 1, 1, 0, 1, 0, 2, 1, 0, 0, 1, 1, 0, 1, 0, 0, 0, 1, 0, 1, 1, 0, 0, 1, 1, 1, 0, 0, 0, 1, 0, 0, 1, 1, 0, 0, 0, 2, 2, 0, 1, 2, 1, 0, 0, 1, 0, 1, 2, 1, 0, 2, 1, 0, 1, 0, 2, 2, 0, 1, 0, 1, 1, 2, 1, 2, 1, 0, 1, 1, 0, 2, 0, 0, 1, 0, 0, 2, 0, 1, 0, 1, 0, 2, 1, 1, 0, 1, 2, 1, 1, 1, 2, 2, 2, 2, 0, 1, 0, 0, 1, 1, 0, 0, 2, 1, 1, 1, 1, 0, 0, 0, 1, 0, 0, 1, 0, 0, 1, 0, 1, 0, 1, 1, 0, 1, 0, 0, 1, 0, 0, 0, 2, 2, 0, 1, 2, 1, 0, 2, 0, 0, 2, 0, 1, 2, 2, 2, 1, 2, 1, 0, 1, 1, 2, 0, 0, 2, 1, 1, 0, 2, 2, 1, 0, 0, 2, 2, 0, 1, 0, 0, 1, 1, 1, 1, 2, 0, 1, 2, 1, 1, 1, 1, 0, 1, 2, 1, 0, 2, 2, 0, 0, 0, 1, 2, 1, 0, 1, 1, 0, 1, 2, 0, 0, 2, 1, 0, 2, 0, 0, 2, 0, 1, 2, 1, 1, 1, 1, 1, 0, 2, 0, 0, 1, 2, 2, 1, 1, 0, 2, 2, 0, 0, 0, 0, 0, 0, 0, 1, 1, 0, 1, 0, 1, 1, 0, 2, 0, 1, 0, 0, 1, 2, 1, 0, 0, 0, 1, 1, 0, 1, 0, 2, 0, 2, 0, 0, 1, 2, 1, 0, 1, 2, 2, 0, 2, 1, 2, 0, 2, 1, 2, 2, 0, 2, 1, 0, 0, 0, 2, 0, 0, 2, 0, 0, 1, 0, 1, 0, 1, 0, 1, 0, 0, 0, 2, 1, 0, 0, 0, 0, 2, 2, 0, 1, 2, 2, 0, 1, 0, 2, 0, 0, 1, 0, 0, 0, 0, 0, 1, 0, 0, 2, 2, 2, 0, 2, 0, 0, 1, 1, 0, 1, 0, 0, 0, 0, 0, 0, 0, 1, 0, 2, 2, 1, 2, 0, 0, 1, 1, 0, 2, 1, 0, 1, 0, 0, 0, 1, 0, 1, 1, 0, 1, 0, 2, 2, 1, 1, 1, 1, 2, 0, 2, 0, 1, 2, 2, 0, 1, 1, 2, 0, 0, 0, 0, 2, 2, 0, 0, 0, 2, 2, 1, 0, 1, 0, 2, 2, 1, 1, 0, 1, 2, 1, 0, 0, 1, 0, 1, 0, 2, 0, 0, 0, 1, 0, 1, 0, 1, 0, 2, 2, 1, 0, 2, 2, 0, 1, 2, 0, 1, 0, 0, 1, 1, 1, 2, 2, 2, 0, 1, 1, 2, 0, 0, 2, 1, 0, 1, 0, 2, 1, 0, 2, 1, 1, 2, 1, 0, 1, 2, 0, 0, 2, 0, 0, 1, 1, 1, 0, 0, 0, 1, 0, 2, 1, 2, 2, 1, 2, 0, 0, 0, 1, 0, 0, 1, 1, 1, 1, 1, 1, 1, 0, 0, 0, 0, 1, 0, 1, 0, 0, 2, 0, 1, 0, 2, 1, 0, 1, 0, 0, 1, 1, 2, 0, 0, 1, 2, 2, 0, 1, 1, 0, 0, 0, 0, 0, 2, 1, 1, 2, 1, 2, 0, 2, 1, 0, 0, 0, 0, 1, 0, 1, 0, 2, 0, 1, 0, 0, 0, 2, 0, 1, 0, 1, 0, 2, 1, 0, 0, 0, 2, 0, 0, 2, 0, 2, 2, 0, 0, 0, 0, 0, 2, 1, 2, 0, 0, 2, 0, 0, 1, 0, 2, 1, 1, 0, 0, 0, 2, 0, 2, 0, 1, 0, 1, 1, 2, 2, 0, 0, 0, 0, 1, 0, 0, 1, 0, 2, 0, 1, 0, 1, 1, 0, 1, 0, 0, 0, 2, 0, 1, 2, 0, 0, 1, 1, 0, 1, 0, 1, 2, 2, 0, 0, 0, 2, 0, 1, 2, 1, 1, 1, 2, 2, 2, 2, 0, 2, 2, 2, 0, 0, 0, 1, 1, 2, 0, 1, 0, 0, 0, 1, 1, 0, 0, 1, 0, 1, 0, 0, 0, 2, 0, 0, 1, 0, 0, 2, 0, 0, 0, 0, 2, 0, 0, 1, 0, 1, 0, 1, 1, 2, 0, 0, 1, 2, 0, 0, 0, 1, 1, 0, 0, 0, 2, 0, 1, 0, 0, 0, 1, 0, 0, 2, 0, 0, 0, 1, 1, 0, 0, 1, 0, 0, 1, 0, 1, 1, 2, 1, 0, 1, 1, 0, 2, 0, 1, 1, 0, 0, 0, 2, 1, 1, 1, 1, 0, 0, 1, 0, 0, 2, 1, 0, 1, 2, 1, 1, 0, 0, 0, 1, 0, 1, 2, 1, 2, 0, 1, 0, 0, 2, 2, 2, 0, 0, 1, 1, 1, 1, 0, 1, 0, 1, 0, 0, 0, 1, 0, 0, 2, 0, 1, 1, 0, 0, 0, 1, 0, 1, 1, 1, 1, 1, 1, 0, 1, 1, 1, 1, 1, 0, 1, 2, 0, 0, 1, 1, 0, 0, 0, 1, 0, 2, 2, 2, 0, 1, 1, 1, 0, 0, 0, 0, 1, 0, 2, 2, 1, 1, 2, 0, 1, 0, 2, 1, 1, 1, 2, 0, 2, 0, 0, 2, 1, 2, 1, 0, 2, 2, 0, 2, 2, 0, 0, 1, 0, 0, 0, 1, 1, 0, 2, 2, 2, 1, 1, 0, 0, 0, 2, 0, 0, 2, 1, 2, 1, 1, 1, 0, 2, 0, 1, 0, 1, 0, 0, 2, 0, 1, 0, 0, 1, 1, 0, 0, 0, 0, 0, 1, 2, 0, 2, 0, 1, 2, 0, 2, 1, 1, 0, 1, 0, 1, 1, 0, 0, 0, 1, 2, 2, 1, 2, 0, 1, 1, 2, 2, 0, 0, 1, 1, 0, 0, 0, 1, 0, 2, 0, 1, 0, 1, 2, 0, 1, 0, 2, 0, 1, 2, 0, 0, 1, 1, 2, 0, 2, 0, 2, 1, 2, 1, 1, 2, 0, 2, 2, 0, 0, 1, 1, 2, 2, 0, 2, 0, 0, 2, 0, 0, 1, 2, 2, 0, 1, 1, 1, 2, 0, 1, 1, 0, 2, 0, 1, 2, 0, 1, 2, 2, 1, 1, 2, 0, 0, 1, 1, 1, 0, 1, 0, 1, 1, 0, 0, 1, 1, 0, 2, 0, 0, 0, 0, 0, 2, 0, 0, 2, 1, 0, 1, 0, 0, 2, 0, 2, 2, 0, 2, 0, 0, 1, 0, 0, 2, 1, 0, 1, 2, 0, 0, 0, 1, 0, 0, 1, 1, 0, 1, 1, 1, 1, 1, 2, 0, 0, 1, 0, 0, 1, 0, 1, 0, 0, 0, 0, 2, 1, 1, 1, 2, 0, 0, 1, 1, 2, 0, 0, 0, 1, 2, 0, 2, 0, 2, 0, 1, 0, 2, 2, 0, 2, 0, 1, 0, 2, 0, 0, 1, 0, 1, 0, 0, 1, 0, 1, 1, 0, 1, 0, 0, 1, 0, 2, 2, 0, 0, 0, 2, 1, 1, 1, 0, 0, 2, 0, 1, 0, 0, 0, 1, 1, 0, 1, 2, 2, 0, 2, 0, 0, 0, 2, 0, 1, 2, 0, 2, 0, 2, 1, 1, 1, 2, 0, 1, 2, 0, 0, 1, 2, 2, 0, 0, 2, 0, 0, 0, 1, 1, 0, 0, 0, 1, 2, 1, 1, 1, 0, 2, 1, 2, 0, 0, 0, 1, 0, 2, 2, 0, 0, 0, 2, 1, 0, 0, 1, 2, 1, 1, 1, 2, 0, 0, 0, 1, 2, 0, 0, 1, 1, 2, 0, 0, 0, 2, 2, 2, 0, 0, 0, 0, 0, 1, 2, 1, 1, 2, 0, 1, 1, 1, 0, 0, 0, 0, 2, 0, 1, 1, 1, 2, 0, 0, 2, 0, 1, 1, 2, 2, 1, 0, 2, 1, 1, 1, 0, 2, 0, 2, 1, 1, 1, 0, 0, 1, 1, 2, 0, 0, 0, 1, 1, 1, 1, 0, 1, 0, 2, 1, 2, 0, 0, 0, 1, 1, 2, 2, 0, 0, 2, 1, 0, 0, 0, 0, 0, 1, 1, 1, 2, 1, 0, 1, 0, 2, 2, 1, 0, 2, 0, 1, 0, 1, 1, 2, 1, 0, 0, 1, 1, 1, 1, 2, 0, 0, 1, 1, 1, 1, 1, 0, 0, 0, 2, 0, 0, 1, 1, 2, 0, 0, 0, 1, 0, 1, 1, 2, 0, 0, 2, 1, 1, 0, 0, 0, 0, 2, 1, 0, 0, 2, 1, 1, 0, 0, 1, 0, 1, 0, 0, 0, 0, 0, 1, 0, 0, 2, 1, 2, 0, 0, 0, 0, 2, 1, 0, 0, 1, 0, 0, 0, 0, 0, 0, 0, 1, 1, 0, 0, 1, 0, 2, 0, 0, 0, 1, 1, 0, 0, 1, 1, 0, 1, 0, 2, 2, 0, 2, 0, 2, 0, 2, 0, 1, 0, 1, 0, 0, 0, 2, 0, 2, 2, 0, 2, 2, 2, 1, 2, 0, 0, 2, 2, 1, 1, 1, 0, 1, 1, 1, 2, 0, 0, 1, 0, 0, 0, 0, 0, 1, 0, 1, 0, 1, 0, 2, 2, 1, 2, 1, 0, 1, 2, 1, 2, 0, 2, 0, 2, 1, 2, 2, 0, 2, 2, 1, 1, 0, 0, 0, 1, 2, 0, 1, 2, 0, 2, 2, 0, 0, 0, 1, 1, 1, 1, 0, 2, 2, 0, 0, 2, 1, 1, 1, 2, 2, 1, 0, 2, 2, 1, 2, 0, 1, 1, 2, 0, 2, 0, 1, 2, 2, 2, 1, 2, 2, 0, 0, 1, 2, 1, 1, 1, 0, 0, 2, 2, 0, 2, 0, 2, 1, 0, 0, 0, 0, 1, 2, 1, 1, 1, 1, 0, 2, 1, 1, 0, 0, 2, 0, 1, 0, 2, 0, 1, 0, 0, 2, 1, 1, 0, 1, 2, 0, 0, 1, 0, 0, 2, 0, 2, 0, 0, 0, 1, 2, 0, 0, 1, 1, 1, 0, 0, 2, 0, 0, 0, 0, 0, 1, 1, 1, 2, 0, 0, 0, 0, 0, 1, 2, 1, 0, 2, 1, 0, 0, 2, 0, 1, 0, 0, 0, 0, 1, 1, 1, 1, 2, 1, 2, 1, 1, 1, 0, 1, 1, 1, 0, 1, 1, 2, 1, 0, 1, 0, 0, 1, 1, 0, 0, 2, 0, 2, 1, 0, 1, 1, 1, 0, 2, 1, 0, 0, 0, 0, 2, 1, 2, 2, 2, 0, 0, 1, 0, 0, 1, 1, 0, 1, 0, 0, 0, 0, 1, 1, 0, 0, 1, 2, 0, 1, 1, 2, 0, 2, 2, 1, 0, 1, 0, 0, 0, 1, 1, 1, 0, 2, 0, 2, 1, 2, 0, 0, 1, 2, 0, 0, 2, 2, 0, 2, 0, 1, 0, 0, 0, 0, 0, 1, 1, 1, 0, 0, 2, 1, 0, 0, 0, 2, 0, 2, 0, 2, 2, 0, 1, 0, 0, 1, 2, 1, 1, 1, 0, 0, 0, 2, 2, 0, 2, 1, 2, 1, 0, 0, 1, 1, 2, 1, 1, 0, 1, 2, 2, 1, 1, 1, 2, 1, 0, 2, 2, 1, 1, 1, 1, 1, 2, 0, 1, 0, 0, 1, 0, 1, 0, 0, 0, 0, 2, 0, 0, 1, 1, 0, 2, 1, 2, 1, 0, 0, 1, 0, 0, 1, 2, 1, 1, 0, 2, 1, 0, 1, 0, 0, 2, 0, 1, 0, 0, 2, 1, 0, 1, 0, 2, 1, 0, 0, 0, 1, 1, 0, 2, 2, 1, 0, 2, 1, 2, 2, 2, 2, 2, 1, 1, 0, 0, 0, 1, 0, 0, 0, 2, 2, 2, 1, 0, 0, 2, 1, 2, 0, 0, 0, 0, 0, 0, 0, 0, 0, 0, 2, 0, 1, 0, 1, 0, 0, 1, 1, 2, 0, 0, 1, 1, 1, 1, 1, 0, 2, 1, 0, 2, 2, 2, 1, 0, 1, 0, 0, 1, 2, 0, 2, 1, 0, 0, 1, 2, 2, 0, 2, 1, 0, 0, 0, 2, 1, 2, 1, 2, 0, 2, 1, 0, 1, 1, 1, 0, 0, 2, 2, 1, 0, 1, 0, 0, 0, 1, 1, 0, 0, 0, 1, 0, 2, 0, 0, 2, 0, 2, 2, 0, 1, 1, 2, 1, 1, 0, 2, 2, 2, 0, 0, 1, 0, 1, 0, 1, 1, 2, 0, 0, 2, 0, 0, 0, 1, 1, 2, 0, 2, 0, 0, 1, 0, 0, 2, 0, 0, 2, 1, 2, 1, 0, 2, 1, 0, 2, 2, 1, 0, 1, 1, 1, 2, 1, 2, 0, 2, 1, 2, 2, 0, 1, 1, 0, 0, 2, 0, 1, 1, 0, 2, 0, 1, 0, 1, 1, 1, 1, 0, 0, 0, 0, 1, 0, 1, 2, 0, 0, 2, 1, 0, 0, 0, 1, 0, 0, 1, 1, 0, 0, 1, 2, 1, 0, 0, 1, 1, 0, 0, 2, 0, 0, 0, 0, 0, 0, 2, 2, 1, 2, 1, 0, 0, 2, 1, 2, 1, 0, 2, 1, 1, 2, 0, 0, 0, 0, 0, 2, 0, 0, 1, 2, 2, 1, 1, 0, 0, 2, 0, 1, 2, 0, 2, 2, 2, 2, 0, 1, 0, 2, 1, 2, 2, 0, 1, 0, 2, 0, 2, 0, 2, 1, 0, 2, 0, 2, 2, 1, 0, 2, 1, 0, 1, 1, 0, 0, 2, 0, 2, 1, 1, 2, 0, 2, 1, 1, 1, 0, 0, 2, 0, 0, 1, 0, 1, 0, 1, 2, 0, 2, 0, 1, 2, 2, 2, 0, 1, 2, 1, 2, 1, 0, 0, 2, 1, 0, 1, 1, 0, 1, 1, 2, 0, 0, 0, 0, 0, 2, 2, 0, 1, 0, 1, 2, 1, 1, 2, 1, 0, 1, 2, 2, 0, 0, 2, 0, 0, 1, 0, 1, 1, 2, 0, 1, 2, 0, 2, 1, 1, 1, 1, 1, 0, 0, 0, 1, 1, 0, 0, 0, 2, 1, 0, 0, 1, 1, 1, 1, 0, 1, 2, 1, 0, 0, 0, 0, 0, 2, 2, 0, 0, 2, 1, 0, 0, 1, 1, 0, 0, 2, 0, 1, 2, 0, 1, 1, 2, 2, 1, 1, 0, 0, 1, 0, 1, 1, 2, 0, 1, 0, 2, 0, 1, 1, 0, 1, 1, 1, 0, 1, 1, 1, 2, 0, 0, 0, 0]
kfold targets 0: [1, 2, 0, 0, 2, 0, 1, 1, 1, 0, 0, 0, 0, 2, 0, 1, 2, 1, 1, 2, 1, 0, 2, 2, 1, 0, 2, 0, 0, 0, 0, 2, 2, 0, 0, 0, 0, 1, 1, 0, 2, 0, 1, 2, 0, 1, 1, 1, 0, 0, 2, 1, 0, 0, 2, 0, 0, 1, 0, 0, 1, 1, 2, 0, 0, 0, 1, 0, 0, 0, 0, 1, 1, 0, 0, 0, 2, 1, 1, 0, 0, 0, 2, 0, 0, 0, 1, 0, 0, 0, 1, 1, 2, 1, 0, 0, 0, 0, 0, 1, 0, 0, 0, 1, 1, 0, 0, 2, 2, 0, 0, 0, 2, 0, 2, 2, 2, 0, 2, 2, 0, 0, 0, 0, 1, 0, 1, 0, 0, 2, 2, 2, 1, 2, 2, 0, 0, 1, 0, 0, 1, 0, 1, 2, 0, 2, 2, 1, 0, 2, 1, 2, 0, 0, 1, 0, 1, 0, 1, 1, 2, 0, 2, 0, 1, 0, 0, 1, 0, 1, 2, 0, 0, 0, 2, 1, 0, 2, 2, 0, 1, 1, 0, 1, 0, 1, 2, 0, 2, 0, 2, 1, 0, 0, 2, 2, 2, 0, 0, 1, 0, 2, 2, 2, 0, 2, 2, 2, 0, 0, 2, 0, 0, 0, 0, 2, 0, 2, 0, 2, 1, 2, 0, 2, 2, 2, 0, 0, 1, 0, 0, 2, 0, 0, 2, 1, 0, 2, 1, 0, 0, 1, 2, 2, 0, 0, 1, 0, 1, 0, 0, 0, 0, 2, 1, 2, 1, 0, 2, 0, 0, 1, 0, 2, 0, 1, 0, 0, 2, 0, 2, 2, 1, 0, 0, 1, 0, 0, 0, 2, 1, 0, 1, 2, 0, 2, 0, 1, 1, 0, 1, 2, 1, 0, 0, 0, 0, 0, 2, 2, 0, 2, 0, 2, 2, 0, 0, 0, 0, 0, 0, 1, 0, 0, 2, 0, 0, 2, 0, 0, 0, 0, 0, 0, 0, 0, 0, 1, 1, 0, 1, 0, 0, 2, 1, 0, 2, 2, 0, 0, 1, 0, 1, 1, 0, 2, 0, 2, 0, 0, 0, 1, 0, 1, 0, 0, 0, 1, 2, 1, 1, 2, 0, 1, 0, 2, 0, 1, 0, 2, 1, 2, 0, 2, 2, 0, 1, 0, 0, 0, 2, 0, 2, 0, 0, 0, 1, 2, 1, 0, 0, 0, 1, 2, 0, 0, 0, 0, 0, 0, 1, 1, 0, 1, 2, 2, 0, 0, 2, 0, 1, 0, 0, 0, 1, 1, 0, 1, 0, 2, 2, 0, 2, 0, 1, 2, 2, 1, 0, 2, 0, 2, 1, 0, 2, 0, 0, 2, 0, 0, 2, 0, 1, 0, 1, 0, 2, 1, 1, 0, 1, 2, 0, 1, 1, 2, 2, 2, 2, 0, 0, 0, 0, 2, 0, 0, 0, 2, 1, 1, 1, 2, 0, 0, 0, 1, 0, 0, 1, 0, 0, 1, 0, 1, 0, 1, 1, 0, 2, 0, 0, 1, 0, 0, 0, 2, 2, 0, 1, 2, 2, 0, 2, 0, 0, 2, 2, 1, 1, 2, 2, 1, 2, 1, 0, 1, 2, 2, 0, 2, 2, 1, 2, 0, 2, 2, 2, 0, 0, 2, 2, 0, 1, 0, 0, 2, 1, 2, 1, 2, 0, 1, 1, 1, 1, 1, 1, 0, 1, 2, 1, 0, 1, 2, 2, 0, 0, 2, 2, 1, 0, 2, 1, 0, 2, 1, 0, 0, 2, 1, 0, 0, 0, 0, 2, 2, 2, 2, 1, 1, 1, 1, 0, 0, 2, 0, 0, 1, 2, 1, 1, 1, 0, 2, 2, 0, 0, 0, 0, 0, 0, 0, 1, 1, 0, 1, 0, 1, 1, 0, 2, 0, 2, 0, 0, 2, 2, 2, 0, 0, 0, 1, 2, 0, 2, 0, 1, 0, 2, 0, 0, 1, 1, 2, 0, 1, 1, 0, 0, 2, 1, 2, 0, 2, 2, 2, 1, 0, 2, 2, 0, 0, 0, 1, 2, 0, 2, 0, 0, 0, 2, 1, 0, 2, 0, 1, 0, 0, 0, 2, 2, 1, 0, 0, 0, 2, 1, 0, 2, 2, 1, 2, 1, 0, 2, 0, 0, 2, 0, 0, 0, 0, 0, 2, 0, 0, 2, 2, 2, 0, 2, 0, 0, 1, 1, 0, 2, 0, 0, 0, 0, 0, 0, 0, 2, 0, 0, 2, 1, 0, 0, 0, 2, 1, 0, 2, 2, 0, 1, 0, 0, 0, 1, 0, 1, 1, 2, 1, 0, 2, 2, 1, 1, 1, 1, 1, 0, 2, 0, 1, 2, 2, 0, 1, 0, 2, 0, 0, 0, 0, 2, 2, 0, 0, 0, 2, 1, 2, 0, 0, 0, 0, 2, 1, 1, 0, 1, 2, 1, 0, 0, 1, 0, 1, 0, 2, 0, 0, 0, 1, 0, 2, 0, 2, 0, 2, 1, 2, 0, 2, 2, 0, 0, 1, 2, 1, 0, 0, 2, 1, 1, 2, 2, 2, 0, 2, 1, 2, 0, 0, 2, 2, 0, 1, 0, 2, 1, 0, 2, 1, 1, 1, 1, 0, 1, 2, 0, 0, 1, 0, 0, 1, 2, 1, 0, 0, 0, 1, 0, 2, 2, 2, 2, 2, 0, 0, 0, 0, 2, 0, 0, 1, 1, 2, 1, 2, 1, 2, 0, 2, 0, 0, 1, 0, 2, 0, 0, 0, 0, 2, 0, 0, 0, 0, 1, 0, 0, 2, 1, 0, 0, 0, 1, 1, 2, 0, 2, 1, 0, 0, 0, 0, 0, 2, 1, 2, 2, 0, 2, 0, 2, 1, 0, 2, 0, 0, 2, 0, 1, 0, 2, 0, 2, 0, 0, 0, 2, 2, 1, 0, 2, 0, 2, 1, 0, 0, 0, 2, 0, 0, 0, 0, 2, 2, 0, 0, 0, 0, 0, 2, 2, 1, 0, 0, 2, 0, 0, 1, 0, 0, 0, 0, 0, 0, 0, 2, 0, 2, 0, 1, 0, 1, 1, 2, 2, 2, 0, 0, 0, 1, 0, 0, 1, 0, 2, 0, 0, 0, 0, 2, 0, 1, 2, 0, 0, 2, 0, 2, 2, 0, 0, 1, 1, 0, 2, 0, 1, 2, 2, 0, 0, 0, 1, 0, 1, 2, 0, 2, 1, 2, 2, 2, 2, 0, 2, 2, 2, 0, 0, 0, 1, 1, 2, 0, 2, 0, 0, 0, 2, 1, 0, 0, 2, 0, 1, 0, 0, 0, 2, 0, 0, 1, 0, 0, 1, 0, 0, 0, 0, 2, 0, 0, 1, 0, 1, 0, 2, 1, 2, 0, 0, 1, 2, 0, 1, 0, 1, 2, 0, 0, 0, 2, 0, 1, 0, 0, 0, 2, 0, 0, 2, 0, 0, 0, 1, 1, 0, 0, 1, 0, 0, 0, 0, 1, 2, 2, 1, 0, 0, 1, 0, 2, 0, 1, 1, 0, 0, 0, 2, 1, 2, 1, 2, 0, 0, 1, 0, 0, 2, 1, 0, 1, 1, 1, 1, 0, 0, 0, 1, 0, 1, 2, 2, 1, 0, 1, 2, 0, 2, 2, 2, 0, 0, 0, 2, 2, 2, 0, 1, 0, 1, 0, 0, 0, 1, 0, 0, 0, 0, 1, 2, 0, 0, 0, 2, 0, 2, 1, 2, 2, 1, 1, 0, 1, 1, 2, 0, 2, 0, 1, 2, 0, 0, 1, 1, 0, 0, 0, 1, 0, 2, 2, 0, 2, 1, 1, 2, 0, 0, 0, 0, 1, 0, 2, 2, 0, 1, 2, 0, 1, 0, 2, 1, 1, 1, 2, 0, 2, 0, 0, 2, 1, 2, 2, 0, 2, 1, 0, 2, 2, 0, 0, 1, 0, 0, 0, 2, 2, 0, 2, 2, 0, 1, 1, 0, 0, 0, 1, 0, 0, 2, 2, 2, 1, 1, 1, 0, 2, 0, 2, 2, 1, 0, 0, 2, 0, 1, 0, 0, 1, 1, 0, 0, 0, 0, 0, 1, 1, 0, 2, 0, 1, 2, 0, 2, 2, 2, 0, 1, 0, 2, 2, 0, 0, 0, 2, 2, 2, 2, 2, 0, 1, 1, 2, 2, 0, 0, 1, 1, 0, 0, 0, 2, 0, 2, 0, 1, 0, 1, 2, 0, 2, 0, 1, 0, 1, 1, 0, 0, 1, 1, 2, 0, 2, 0, 1, 1, 2, 2, 2, 2, 0, 2, 2, 0, 0, 0, 2, 2, 2, 0, 2, 0, 0, 2, 0, 0, 1, 2, 1, 0, 2, 1, 2, 1, 0, 0, 0, 0, 2, 0, 1, 2, 0, 1, 1, 0, 1, 1, 2, 0, 0, 1, 2, 1, 0, 1, 0, 1, 2, 2, 0, 1, 1, 0, 2, 0, 0, 0, 0, 0, 2, 0, 0, 2, 1, 0, 1, 0, 0, 2, 0, 2, 1, 0, 2, 0, 0, 1, 0, 0, 1, 2, 0, 1, 2, 0, 0, 0, 2, 0, 0, 1, 1, 0, 2, 1, 2, 2, 1, 2, 0, 0, 2, 0, 0, 1, 0, 1, 0, 0, 0, 0, 0, 2, 1, 2, 0, 2, 0, 0, 1, 1, 0, 0, 0, 2, 2, 0, 2, 0, 2, 0, 1, 0, 2, 0, 0, 2, 0, 1, 1, 1, 0, 0, 1, 0, 0, 0, 0, 2, 0, 2, 2, 0, 1, 0, 0, 2, 0, 2, 1, 0, 0, 0, 2, 2, 2, 1, 0, 0, 2, 0, 2, 0, 0, 2, 2, 1, 0, 1, 2, 2, 0, 2, 0, 0, 0, 0, 0, 2, 2, 0, 0, 0, 2, 1, 1, 1, 2, 0, 1, 2, 0, 0, 2, 1, 2, 0, 0, 2, 0, 0, 0, 2, 2, 0, 0, 0, 0, 2, 0, 2, 1, 0, 1, 2, 1, 0, 0, 0, 1, 0, 2, 2, 2, 0, 0, 2, 2, 0, 0, 1, 1, 1, 1, 1, 0, 0, 0, 0, 0, 2, 0, 0, 1, 1, 2, 0, 0, 0, 2, 0, 2, 0, 0, 0, 2, 0, 0, 1, 2, 1, 2, 0, 1, 1, 1, 0, 0, 0, 0, 1, 2, 2, 1, 1, 0, 0, 0, 2, 0, 1, 1, 2, 2, 1, 0, 1, 1, 2, 1, 0, 2, 0, 2, 0, 1, 1, 0, 0, 1, 1, 2, 0, 0, 0, 1, 1, 1, 1, 0, 1, 0, 2, 1, 2, 0, 0, 0, 1, 1, 0, 2, 0, 0, 2, 2, 0, 0, 0, 0, 2, 1, 2, 1, 2, 0, 0, 1, 0, 1, 0, 2, 0, 2, 0, 1, 0, 1, 0, 2, 2, 0, 0, 1, 1, 1, 1, 2, 0, 0, 1, 2, 0, 1, 2, 0, 0, 0, 2, 0, 0, 1, 1, 0, 0, 0, 0, 0, 0, 1, 1, 2, 0, 0, 1, 2, 1, 0, 0, 0, 0, 2, 1, 0, 0, 2, 0, 1, 0, 0, 1, 0, 1, 0, 0, 0, 0, 0, 1, 0, 0, 2, 1, 1, 0, 0, 0, 0, 2, 2, 0, 0, 0, 0, 0, 0, 0, 0, 0, 0, 1, 1, 0, 0, 1, 0, 2, 0, 0, 0, 1, 1, 0, 0, 1, 1, 0, 1, 0, 2, 2, 0, 2, 0, 0, 0, 2, 0, 2, 0, 1, 0, 0, 0, 2, 0, 1, 1, 0, 2, 2, 2, 1, 1, 0, 0, 2, 1, 1, 1, 1, 0, 1, 1, 0, 2, 0, 0, 0, 0, 0, 0, 0, 0, 2, 0, 2, 0, 1, 0, 0, 2, 1, 2, 2, 0, 1, 2, 0, 2, 0, 2, 0, 2, 1, 1, 0, 0, 2, 2, 1, 1, 0, 0, 0, 2, 2, 0, 1, 2, 0, 2, 2, 0, 0, 2, 1, 1, 1, 1, 0, 2, 2, 0, 0, 2, 1, 2, 1, 0, 2, 1, 2, 1, 2, 1, 2, 0, 1, 1, 1, 0, 1, 0, 1, 2, 2, 2, 1, 2, 2, 0, 0, 1, 2, 0, 1, 1, 0, 0, 1, 2, 0, 0, 0, 1, 1, 0, 0, 0, 2, 1, 2, 1, 2, 1, 2, 0, 2, 2, 2, 0, 0, 2, 0, 1, 0, 0, 0, 1, 0, 0, 1, 0, 1, 0, 1, 1, 0, 0, 1, 0, 0, 1, 0, 2, 0, 0, 0, 1, 2, 0, 0, 2, 1, 1, 0, 0, 2, 0, 0, 0, 0, 0, 1, 2, 0, 1, 0, 0, 0, 0, 0, 1, 0, 1, 0, 2, 1, 2, 0, 0, 0, 0, 2, 0, 0, 0, 1, 0, 1, 2, 2, 1, 2, 1, 1, 1, 0, 1, 1, 1, 0, 1, 0, 2, 2, 2, 2, 0, 0, 2, 2, 0, 0, 2, 0, 1, 2, 0, 0, 1, 1, 0, 1, 2, 0, 0, 2, 0, 2, 1, 2, 0, 2, 0, 0, 1, 0, 0, 2, 0, 0, 0, 0, 0, 0, 0, 1, 1, 0, 0, 1, 2, 0, 1, 0, 2, 0, 1, 2, 2, 0, 1, 0, 0, 0, 1, 1, 1, 0, 2, 0, 2, 1, 2, 0, 0, 1, 2, 0, 0, 0, 2, 0, 2, 0, 1, 0, 0, 0, 0, 0, 2, 1, 1, 0, 0, 2, 2, 0, 0, 0, 2, 0, 2, 0, 1, 2, 0, 1, 0, 0, 1, 1, 1, 1, 1, 0, 0, 0, 2, 1, 0, 1, 1, 2, 1, 0, 0, 0, 1, 0, 0, 1, 0, 0, 0, 2, 2, 1, 0, 2, 1, 0, 2, 2, 1, 1, 1, 2, 1, 2, 0, 1, 0, 0, 1, 0, 2, 0, 2, 0, 0, 2, 0, 0, 2, 1, 0, 2, 1, 2, 0, 0, 0, 0, 0, 0, 0, 2, 0, 2, 0, 0, 1, 0, 1, 0, 0, 0, 0, 1, 0, 0, 2, 1, 0, 0, 0, 2, 2, 0, 0, 0, 2, 2, 0, 2, 2, 1, 0, 2, 0, 2, 1, 2, 2, 1, 0, 2, 0, 0, 0, 1, 0, 0, 0, 2, 2, 2, 1, 0, 0, 2, 1, 2, 0, 0, 0, 0, 0, 0, 0, 0, 0, 0, 2, 0, 2, 0, 1, 0, 0, 2, 1, 2, 0, 0, 1, 1, 2, 1, 1, 0, 0, 1, 0, 2, 0, 2, 2, 0, 1, 0, 0, 2, 2, 0, 2, 1, 0, 0, 1, 2, 0, 0, 2, 0, 0, 0, 0, 2, 1, 2, 1, 1, 0, 2, 1, 0, 1, 1, 1, 0, 0, 2, 2, 1, 0, 1, 0, 0, 0, 1, 1, 0, 0, 0, 2, 0, 2, 0, 0, 2, 0, 1, 2, 0, 1, 1, 2, 1, 1, 0, 1, 1, 1, 0, 0, 1, 0, 1, 0, 2, 2, 2, 0, 0, 1, 0, 2, 2, 1, 1, 2, 0, 2, 0, 0, 1, 2, 0, 2, 2, 0, 2, 1, 2, 1, 2, 2, 1, 0, 2, 2, 1, 0, 1, 1, 1, 2, 1, 2, 0, 2, 1, 2, 2, 0, 1, 1, 0, 0, 2, 0, 1, 1, 0, 2, 0, 2, 0, 2, 1, 2, 1, 0, 0, 0, 0, 1, 0, 1, 2, 0, 0, 2, 1, 0, 0, 0, 1, 0, 0, 1, 1, 0, 0, 1, 2, 2, 0, 0, 1, 1, 0, 0, 2, 0, 0, 0, 0, 0, 0, 0, 2, 1, 2, 2, 0, 0, 2, 1, 0, 1, 0, 2, 1, 1, 2, 0, 0, 0, 0, 0, 0, 0, 0, 1, 2, 2, 1, 1, 0, 0, 2, 0, 2, 2, 0, 2, 1, 0, 2, 2, 1, 0, 2, 1, 1, 2, 0, 1, 0, 2, 0, 2, 0, 1, 1, 2, 0, 0, 1, 2, 2, 0, 2, 1, 0, 2, 1, 0, 0, 2, 0, 2, 1, 1, 2, 0, 2, 1, 1, 2, 0, 0, 0, 0, 0, 1, 0, 1, 2, 0, 2, 0, 0, 2, 0, 2, 2, 2, 0, 1, 0, 1, 2, 0, 0, 0, 0, 1, 0, 1, 1, 0, 1, 1, 2, 0, 0, 0, 0, 0, 2, 2, 0, 1, 0, 2, 2, 2, 1, 2, 1, 0, 1, 2, 2, 0, 0, 2, 2, 0, 2, 0, 1, 1, 2, 0, 1, 2, 0, 2, 1, 1, 1, 1, 1, 0, 0, 0, 2, 1, 0, 0, 0, 2, 1, 0, 0, 1, 2, 1, 0, 0, 2, 2, 0, 0, 0, 0, 0, 0, 1, 0, 0, 0, 2, 1, 0, 0, 1, 1, 0, 0, 2, 0, 1, 2, 0, 0, 2, 2, 2, 1, 1, 0, 0, 1, 0, 2, 1, 0, 0, 1, 0, 2, 0, 0, 2, 0, 2, 0, 0, 0, 2, 1, 1, 2, 0, 0, 0, 0]
0.8013245033112583
array([[1152,   85,   63],
       [   3,  570,  106],
       [  51,  232,  456]])
kfold preds 1: [2, 0, 0, 0, 1, 1, 0, 0, 2, 2, 0, 0, 0, 1, 0, 1, 1, 2, 0, 0, 0, 0, 1, 2, 0, 2, 0, 2, 1, 1, 0, 0, 0, 0, 2, 0, 1, 0, 0, 0, 1, 0, 2, 0, 0, 0, 0, 1, 0, 0, 0, 0, 0, 0, 1, 0, 0, 0, 1, 0, 1, 0, 0, 0, 0, 0, 1, 2, 0, 0, 0, 2, 0, 1, 1, 0, 1, 0, 1, 0, 0, 0, 1, 0, 2, 0, 1, 0, 2, 2, 1, 2, 1, 1, 0, 0, 1, 2, 0, 0, 0, 0, 0, 0, 1, 0, 0, 0, 0, 0, 1, 0, 0, 0, 0, 2, 0, 0, 1, 0, 0, 1, 0, 1, 0, 0, 0, 0, 0, 0, 0, 0, 1, 0, 1, 0, 0, 2, 0, 0, 0, 0, 0, 2, 1, 1, 0, 1, 0, 1, 1, 2, 0, 1, 0, 1, 0, 2, 0, 2, 0, 0, 1, 0, 1, 0, 0, 1, 0, 0, 1, 0, 0, 0, 1, 0, 0, 2, 2, 0, 0, 0, 1, 0, 0, 1, 1, 0, 0, 0, 1, 2, 1, 2, 1, 0, 1, 0, 0, 0, 0, 1, 1, 1, 2, 1, 1, 2, 0, 0, 1, 1, 0, 0, 0, 0, 1, 1, 1, 1, 0, 0, 0, 1, 2, 1, 0, 1, 0, 1, 0, 1, 1, 0, 0, 2, 0, 0, 0, 2, 0, 1, 2, 1, 1, 0, 0, 0, 2, 0, 0, 0, 0, 0, 1, 2, 0, 1, 1, 0, 0, 0, 1, 0, 0, 0, 0, 1, 2, 0, 1, 0, 2, 0, 0, 1, 0, 1, 0, 0, 2, 1, 0, 1, 1, 1, 0, 2, 0, 1, 1, 0, 1, 0, 1, 0, 1, 0, 0, 1, 0, 1, 0, 0, 1, 0, 0, 0, 0, 0, 2, 0, 0, 0, 1, 0, 0, 1, 1, 0, 1, 0, 0, 0, 0, 0, 0, 0, 0, 1, 0, 2, 0, 0, 0, 0, 1, 2, 0, 2, 1, 0, 2, 1, 0, 0, 0, 1, 1, 0, 0, 0, 1, 2, 0, 0, 1, 2, 2, 2, 0, 1, 0, 1, 1, 2, 1, 1, 0, 1, 0, 1, 0, 0, 1, 0, 2, 0, 1, 0, 0, 0, 1, 0, 0, 0, 0, 2, 0, 2, 0, 2, 0, 2, 1, 0, 1, 0, 1, 2, 0, 0, 1, 0, 1, 0, 0, 0, 0, 0, 1, 0, 1, 1, 1, 0, 0, 1, 0, 1, 1, 0, 1, 0, 0, 2, 0, 1, 0, 1, 0, 1, 0, 0, 1, 0, 1, 0, 0, 0, 2, 0, 1, 0, 0, 2, 2, 0, 0, 0, 2, 1, 1, 0, 1, 2, 2, 1, 0, 0, 1, 0, 0, 0, 1, 0, 1, 0, 0, 0, 1, 0, 0, 0, 0, 0, 0, 2, 1, 1, 1, 0, 0, 1, 1, 0, 0, 0, 1, 1, 0, 0, 0, 1, 0, 1, 0, 0, 0, 0, 0, 0, 1, 0, 0, 0, 0, 1, 1, 1, 2, 0, 1, 0, 1, 0, 0, 1, 0, 0, 0, 0, 1, 0, 1, 0, 1, 1, 1, 0, 0, 0, 0, 0, 1, 0, 1, 0, 0, 2, 0, 1, 0, 0, 1, 0, 2, 0, 2, 0, 0, 0, 1, 0, 0, 0, 0, 1, 0, 1, 0, 2, 0, 0, 1, 0, 0, 1, 0, 0, 0, 1, 2, 0, 1, 0, 1, 0, 0, 1, 0, 1, 0, 0, 0, 0, 0, 1, 0, 0, 0, 1, 1, 2, 1, 1, 0, 0, 1, 0, 0, 1, 1, 2, 0, 0, 0, 1, 0, 0, 0, 0, 0, 1, 2, 1, 0, 1, 0, 0, 0, 0, 1, 0, 0, 0, 2, 2, 0, 1, 0, 1, 0, 0, 1, 2, 0, 1, 2, 1, 0, 1, 0, 1, 0, 0, 0, 0, 1, 0, 0, 1, 0, 0, 0, 1, 0, 1, 0, 0, 0, 1, 1, 0, 0, 1, 0, 2, 0, 0, 1, 1, 0, 0, 0, 1, 1, 0, 0, 1, 0, 0, 0, 0, 1, 0, 0, 1, 0, 0, 0, 0, 1, 2, 1, 0, 1, 0, 0, 0, 1, 0, 2, 1, 0, 1, 0, 0, 0, 0, 0, 0, 1, 0, 2, 0, 0, 0, 0, 1, 0, 0, 2, 0, 0, 1, 1, 1, 0, 1, 0, 0, 0, 0, 0, 0, 2, 0, 1, 2, 0, 0, 0, 1, 0, 0, 0, 1, 0, 1, 0, 1, 0, 0, 1, 0, 0, 0, 0, 0, 1, 0, 1, 0, 0, 0, 1, 1, 1, 1, 0, 1, 1, 0, 0, 1, 1, 0, 1, 1, 0, 1, 0, 1, 1, 1, 0, 0, 0, 1, 0, 0, 0, 1, 0, 0, 1, 0, 0, 2, 1, 0, 0, 1, 0, 1, 0, 2, 0, 1, 0, 0, 1, 1, 0, 0, 0, 1, 1, 0, 0, 1, 0, 1, 0, 2, 2, 0, 0, 1, 0, 0, 1, 0, 0, 0, 1, 0, 1, 1, 2, 1, 0, 1, 0, 0, 0, 2, 0, 1, 1, 1, 2, 2, 0, 2, 0, 1, 0, 0, 0, 1, 0, 0, 1, 1, 1, 0, 0, 0, 1, 0, 0, 0, 0, 0, 2, 2, 0, 0, 0, 0, 0, 0, 0, 0, 0, 1, 1, 1, 0, 0, 0, 0, 2, 0, 0, 0, 0, 0, 0, 0, 0, 1, 1, 0, 1, 0, 0, 1, 1, 2, 0, 0, 0, 1, 0, 0, 1, 1, 1, 0, 0, 0, 0, 2, 1, 2, 0, 0, 0, 0, 1, 0, 0, 0, 1, 1, 0, 0, 0, 0, 1, 2, 1, 0, 0, 2, 0, 0, 1, 0, 1, 0, 1, 1, 1, 1, 1, 1, 0, 1, 1, 2, 0, 2, 0, 1, 0, 1, 0, 1, 0, 1, 1, 1, 2, 1, 2, 0, 0, 1, 2, 0, 0, 0, 1, 0, 0, 1, 0, 1, 0, 0, 0, 1, 0, 0, 1, 0, 1, 1, 0, 0, 0, 1, 1, 0, 2, 0, 0, 0, 1, 1, 0, 2, 0, 1, 0, 0, 1, 0, 2, 0, 2, 0, 1, 2, 1, 0, 0, 0, 0, 0, 1, 0, 2, 0, 1, 0, 1, 1, 0, 0, 0, 0, 0, 0, 1, 0, 0, 0, 0, 0, 0, 2, 0, 0, 0, 0, 0, 0, 0, 0, 0, 1, 0, 1, 0, 2, 0, 2, 1, 0, 1, 0, 1, 1, 2, 1, 2, 0, 0, 1, 0, 0, 0, 0, 0, 1, 0, 0, 1, 0, 1, 0, 0, 1, 0, 0, 0, 0, 0, 0, 1, 2, 0, 0, 1, 0, 0, 1, 0, 1, 0, 0, 2, 0, 1, 0, 2, 1, 0, 0, 0, 1, 0, 0, 2, 0, 1, 0, 1, 1, 0, 2, 1, 1, 0, 0, 1, 0, 1, 2, 1, 2, 0, 1, 1, 0, 0, 0, 0, 1, 0, 1, 0, 0, 0, 1, 1, 0, 0, 0, 2, 0, 0, 0, 1, 1, 0, 0, 2, 0, 2, 0, 0, 0, 0, 1, 0, 1, 0, 1, 0, 1, 0, 0, 0, 0, 1, 2, 0, 1, 2, 0, 0, 1, 0, 0, 2, 1, 2, 1, 2, 1, 0, 0, 2, 1, 0, 0, 2, 2, 1, 1, 1, 1, 0, 2, 0, 2, 0, 0, 1, 2, 0, 2, 0, 0, 1, 1, 1, 1, 0, 0, 1, 0, 0, 0, 0, 0, 0, 0, 0, 0, 2, 2, 1, 1, 1, 0, 0, 1, 2, 1, 0, 2, 1, 1, 1, 0, 1, 0, 0, 1, 0, 0, 0, 0, 0, 0, 1, 0, 0, 0, 1, 0, 1, 1, 1, 2, 0, 0, 0, 1, 0, 0, 0, 0, 0, 1, 0, 0, 2, 1, 0, 0, 0, 2, 2, 1, 0, 1, 0, 0, 1, 0, 1, 1, 0, 1, 1, 1, 2, 0, 0, 1, 0, 0, 0, 0, 0, 0, 1, 1, 0, 1, 0, 0, 0, 1, 1, 0, 1, 0, 1, 0, 0, 1, 1, 0, 0, 2, 1, 0, 1, 0, 1, 2, 0, 1, 0, 1, 2, 0, 1, 0, 2, 0, 0, 0, 0, 0, 1, 1, 0, 1, 1, 1, 0, 1, 1, 1, 1, 0, 1, 0, 2, 0, 2, 1, 1, 0, 0, 1, 2, 0, 0, 0, 0, 0, 1, 2, 0, 0, 1, 0, 0, 0, 2, 0, 1, 1, 0, 2, 0, 0, 0, 0, 0, 1, 0, 0, 1, 0, 0, 0, 0, 0, 2, 0, 1, 1, 1, 2, 0, 0, 2, 0, 1, 1, 0, 1, 1, 0, 1, 0, 0, 2, 1, 0, 0, 0, 0, 0, 1, 0, 0, 1, 1, 0, 0, 1, 0, 0, 0, 0, 1, 0, 0, 0, 0, 1, 1, 0, 0, 0, 2, 1, 0, 0, 2, 2, 0, 0, 2, 0, 0, 1, 0, 1, 0, 1, 1, 0, 0, 0, 0, 0, 1, 0, 2, 0, 0, 2, 0, 1, 1, 0, 0, 0, 0, 0, 0, 2, 0, 1, 0, 0, 0, 1, 0, 0, 0, 1, 2, 0, 0, 0, 0, 0, 2, 0, 2, 2, 0, 0, 0, 2, 0, 0, 1, 0, 0, 0, 0, 0, 0, 0, 1, 0, 2, 0, 1, 1, 1, 0, 0, 0, 0, 1, 1, 0, 1, 0, 1, 2, 1, 0, 1, 1, 0, 0, 0, 0, 0, 0, 0, 1, 0, 0, 0, 1, 0, 0, 0, 0, 0, 0, 0, 1, 0, 0, 1, 0, 0, 0, 1, 0, 1, 0, 0, 1, 2, 0, 0, 0, 0, 0, 0, 0, 0, 0, 1, 1, 2, 0, 0, 0, 1, 1, 0, 2, 0, 0, 0, 1, 0, 1, 1, 0, 1, 0, 0, 0, 1, 1, 0, 1, 1, 0, 1, 0, 2, 1, 0, 0, 0, 0, 0, 1, 0, 1, 0, 1, 0, 0, 1, 1, 1, 0, 1, 2, 0, 1, 1, 1, 0, 1, 0, 1, 1, 2, 0, 0, 2, 1, 1, 1, 0, 1, 0, 0, 1, 1, 1, 1, 0, 0, 1, 0, 0, 1, 0, 0, 2, 2, 0, 0, 1, 1, 0, 0, 1, 0, 0, 1, 2, 1, 0, 1, 0, 1, 0, 2, 0, 0, 0, 0, 0, 0, 0, 0, 0, 1, 0, 0, 1, 1, 0, 0, 1, 0, 0, 2, 2, 0, 0, 1, 1, 0, 1, 1, 1, 1, 0, 0, 0, 0, 0, 0, 2, 0, 0, 0, 1, 2, 0, 0, 0, 1, 0, 1, 1, 0, 0, 1, 0, 0, 1, 0, 1, 0, 2, 0, 2, 0, 0, 0, 0, 0, 0, 0, 1, 2, 0, 0, 0, 2, 1, 1, 0, 0, 1, 0, 0, 0, 1, 0, 1, 0, 1, 1, 0, 0, 1, 0, 0, 0, 0, 0, 1, 1, 0, 0, 1, 1, 0, 1, 1, 2, 0, 0, 2, 2, 2, 0, 1, 2, 0, 1, 0, 0, 0, 0, 0, 1, 1, 0, 0, 2, 0, 0, 1, 1, 0, 0, 0, 1, 1, 2, 1, 0, 0, 2, 0, 2, 0, 0, 1, 1, 0, 2, 0, 0, 0, 0, 1, 0, 0, 0, 0, 2, 0, 0, 0, 0, 0, 1, 1, 1, 0, 1, 0, 1, 0, 0, 0, 1, 1, 0, 0, 0, 0, 0, 0, 1, 2, 0, 0, 1, 2, 0, 1, 0, 1, 1, 0, 1, 0, 0, 0, 0, 0, 0, 0, 1, 1, 1, 0, 1, 0, 0, 1, 1, 1, 1, 1, 0, 1, 2, 0, 1, 0, 1, 1, 1, 0, 2, 0, 0, 2, 0, 0, 0, 0, 1, 1, 2, 0, 0, 2, 0, 0, 1, 0, 1, 0, 1, 0, 0, 0, 0, 1, 1, 1, 0, 0, 0, 1, 1, 0, 1, 0, 1, 0, 0, 0, 0, 0, 1, 0, 0, 1, 0, 1, 0, 1, 0, 0, 0, 1, 1, 0, 1, 0, 1, 0, 0, 0, 1, 0, 0, 0, 1, 0, 2, 0, 0, 1, 0, 1, 0, 0, 0, 1, 0, 0, 0, 0, 0, 0, 0, 0, 1, 0, 1, 0, 0, 2, 1, 1, 0, 0, 0, 0, 0, 0, 0, 0, 1, 0, 1, 0, 0, 1, 0, 1, 2, 1, 0, 1, 0, 0, 1, 1, 0, 1, 1, 1, 0, 1, 0, 1, 0, 0, 2, 0, 1, 0, 0, 0, 0, 1, 0, 1, 0, 0, 0, 0, 0, 1, 2, 0, 1, 0, 1, 0, 1, 0, 2, 1, 0, 1, 0, 0, 0, 1, 0, 1, 0, 0, 0, 0, 0, 0, 1, 1, 0, 1, 2, 0, 1, 1, 2, 1, 0, 1, 2, 0, 0, 0, 2, 1, 1, 1, 2, 0, 0, 0, 1, 0, 1, 0, 1, 0, 1, 0, 0, 2, 0, 0, 0, 0, 1, 1, 0, 0, 1, 2, 0, 0, 0, 0, 0, 2, 2, 2, 1, 1, 0, 2, 1, 1, 0, 2, 0, 1, 1, 0, 0, 0, 0, 2, 0, 1, 2, 0, 1, 0, 0, 0, 2, 0, 0, 0, 0, 1, 0, 0, 0, 0, 1, 0, 1, 0, 2, 2, 0, 0, 1, 0, 1, 2, 0, 1, 0, 0, 1, 1, 2, 1, 1, 0, 0, 1, 1, 0, 2, 1, 1, 2, 0, 1, 0, 0, 1, 0, 0, 0, 0, 1, 0, 0, 1, 0, 1, 0, 2, 0, 0, 0, 1, 0, 0, 0, 0, 0, 0, 0, 1, 1, 2, 0, 0, 1, 1, 2, 1, 1, 0, 2, 0, 0, 1, 0, 1, 0, 0, 2, 2, 0, 0, 0, 0, 1, 1, 0, 1, 0, 1, 2, 1, 1, 0, 1, 2, 2, 0, 0, 1, 0, 2, 2, 0, 0, 1, 0, 2, 0, 0, 0, 1, 0, 0, 0, 0, 1, 0, 1, 2, 1, 1, 2, 2, 1, 1, 0, 2, 0, 2, 1, 0, 2, 0, 0, 0, 1, 0, 1, 0, 0, 0, 2, 0, 0, 0, 0, 0, 1, 0, 1, 0, 2, 0, 1, 0, 0, 0, 0, 0, 1, 1, 1, 1, 0, 0, 0, 2, 1, 2, 1, 1, 0, 1, 0, 0, 0, 0, 0, 0, 2, 0, 0, 0, 1, 1, 0, 2, 2, 0, 0, 0, 0, 1, 0, 1, 1, 0, 0, 0, 0, 0, 1, 0, 1, 2, 0, 0, 0, 0, 1, 0, 1, 1, 2, 1, 1, 0, 0, 0, 1, 0, 2, 1, 0, 1, 1, 2, 2, 2, 0, 1, 1, 0, 0, 1, 0, 1, 1, 2, 2, 2, 1, 0, 2, 1, 0, 2, 0, 0, 0, 2, 1, 2, 0, 2, 0, 0, 0, 0, 0, 0, 0, 1, 0, 0, 0, 0, 0, 0, 0, 0, 0, 1, 0, 1, 0, 0, 0, 1, 0, 0, 0, 0, 1, 1, 0, 0, 1, 0, 1, 0, 0, 1, 0, 1, 0, 1, 0, 0, 0, 0, 2, 0, 1, 0, 0, 0, 0, 0, 0, 1, 0, 0, 1, 0, 0, 1, 1, 0, 0, 0, 0, 0, 0, 0, 1, 0, 0, 1, 0, 0, 0, 1, 0, 0, 2, 0, 1, 0, 2, 0, 0, 1, 1, 0, 1, 2, 0, 1, 0, 0, 1, 1, 0, 0, 1, 0, 1, 1, 0, 0, 0, 0, 1, 0, 0, 2, 0, 0, 1, 1, 1, 0, 1, 2, 1, 1, 0, 2, 2, 2, 0, 1, 1, 0, 2, 1, 0, 1, 2, 0, 1, 0, 0, 0, 0, 0, 0, 1, 1, 2, 1, 2, 0, 0, 0, 1, 0, 0, 1, 1, 0, 0, 1, 0, 0, 1, 0, 1, 0, 0, 1, 0, 0, 0, 1, 1, 2, 1, 0, 0, 0, 0, 2, 0, 0, 1, 1, 0, 0, 0, 1, 1, 1, 1, 2, 1, 0, 2, 0, 0, 1, 0, 0, 1, 0, 0, 1, 0, 1, 0, 0, 0, 1, 0, 0, 0, 0, 0, 1, 1, 0, 0, 2, 2, 0, 1, 1, 2, 0, 0, 0, 0, 1, 0, 0, 2, 0, 2, 1, 0, 0, 1, 0, 0, 0, 0, 0, 0, 2, 0, 0, 0, 1, 1, 0, 2, 2, 0, 0, 0, 0, 1, 0, 1, 0, 0, 1, 0, 0, 1, 0, 1, 1, 2, 0, 1, 1, 1, 0, 0, 1, 0, 0]
kfold targets 1: [2, 2, 0, 0, 1, 1, 2, 0, 1, 2, 0, 1, 0, 1, 0, 2, 2, 2, 0, 0, 0, 0, 2, 2, 0, 1, 0, 2, 2, 2, 0, 2, 0, 0, 2, 0, 1, 0, 0, 0, 1, 0, 1, 1, 0, 0, 2, 2, 0, 0, 0, 0, 0, 0, 1, 0, 1, 0, 2, 0, 1, 0, 2, 0, 0, 0, 0, 2, 0, 0, 0, 1, 0, 1, 2, 0, 2, 2, 1, 0, 1, 0, 1, 0, 2, 0, 2, 0, 1, 1, 1, 1, 1, 1, 0, 0, 2, 2, 0, 0, 0, 0, 1, 0, 1, 0, 1, 0, 0, 0, 1, 1, 2, 0, 0, 1, 0, 0, 1, 0, 2, 2, 0, 2, 2, 0, 0, 0, 0, 0, 2, 2, 1, 0, 1, 0, 0, 1, 0, 0, 2, 0, 2, 2, 2, 1, 0, 1, 0, 2, 1, 2, 0, 2, 0, 2, 0, 2, 0, 2, 0, 0, 2, 0, 2, 0, 0, 2, 0, 0, 2, 0, 0, 0, 1, 0, 0, 2, 2, 0, 0, 1, 1, 2, 0, 2, 2, 0, 0, 0, 2, 1, 2, 2, 1, 0, 1, 0, 0, 0, 1, 1, 2, 2, 2, 2, 2, 1, 0, 0, 1, 2, 0, 0, 0, 0, 1, 2, 1, 1, 0, 0, 0, 1, 2, 1, 2, 2, 0, 2, 0, 2, 1, 0, 1, 2, 0, 0, 2, 2, 0, 2, 2, 2, 0, 0, 0, 0, 2, 2, 1, 0, 0, 0, 2, 2, 0, 1, 2, 0, 0, 0, 1, 2, 0, 0, 0, 1, 2, 0, 1, 1, 1, 0, 0, 1, 0, 2, 0, 0, 2, 1, 0, 1, 1, 2, 0, 2, 1, 2, 1, 0, 2, 0, 1, 0, 1, 0, 0, 1, 0, 2, 0, 0, 1, 0, 0, 2, 0, 0, 2, 0, 0, 0, 2, 0, 0, 2, 2, 0, 1, 0, 0, 0, 0, 2, 0, 0, 2, 1, 0, 1, 0, 0, 0, 0, 2, 2, 0, 2, 2, 0, 1, 2, 0, 0, 0, 2, 1, 1, 0, 0, 2, 2, 2, 0, 1, 2, 2, 1, 0, 1, 0, 2, 1, 1, 2, 1, 0, 1, 0, 2, 2, 0, 1, 0, 2, 0, 2, 0, 0, 0, 2, 1, 0, 0, 0, 2, 1, 2, 0, 2, 0, 2, 2, 0, 2, 0, 1, 2, 0, 0, 2, 0, 2, 2, 0, 0, 0, 0, 2, 0, 2, 1, 1, 0, 0, 2, 0, 0, 2, 0, 2, 0, 0, 1, 0, 2, 0, 1, 0, 1, 0, 0, 1, 0, 1, 0, 0, 0, 2, 0, 1, 1, 0, 2, 2, 1, 2, 0, 1, 2, 1, 0, 1, 2, 2, 1, 2, 0, 2, 0, 0, 0, 2, 0, 2, 2, 2, 0, 1, 0, 0, 1, 2, 0, 0, 1, 1, 1, 1, 0, 0, 1, 1, 0, 0, 0, 2, 1, 2, 1, 0, 2, 0, 2, 0, 0, 0, 0, 0, 2, 1, 0, 0, 1, 2, 1, 2, 2, 2, 0, 1, 0, 1, 2, 0, 1, 0, 0, 0, 0, 1, 0, 1, 0, 2, 1, 2, 0, 2, 0, 0, 0, 2, 2, 1, 2, 2, 2, 0, 1, 2, 0, 1, 0, 1, 0, 2, 2, 0, 0, 1, 1, 1, 0, 0, 2, 0, 1, 0, 1, 0, 0, 2, 0, 0, 2, 0, 0, 0, 2, 1, 0, 1, 0, 2, 2, 0, 1, 0, 1, 0, 0, 0, 1, 0, 1, 2, 0, 0, 1, 1, 2, 0, 1, 1, 0, 1, 0, 2, 1, 1, 2, 0, 0, 0, 2, 0, 0, 1, 0, 0, 1, 2, 1, 0, 2, 0, 0, 0, 0, 1, 0, 0, 0, 2, 2, 0, 1, 0, 1, 2, 2, 2, 1, 0, 1, 2, 2, 1, 2, 0, 1, 1, 0, 2, 2, 1, 2, 2, 2, 0, 0, 2, 2, 0, 2, 0, 0, 2, 1, 1, 1, 0, 1, 0, 2, 0, 0, 1, 1, 2, 0, 0, 1, 1, 1, 0, 1, 0, 1, 0, 0, 1, 2, 0, 2, 0, 0, 0, 2, 1, 2, 1, 0, 1, 0, 2, 0, 1, 0, 2, 1, 1, 2, 0, 0, 0, 0, 0, 0, 1, 0, 2, 2, 0, 2, 0, 1, 0, 0, 2, 2, 1, 1, 2, 2, 0, 1, 0, 2, 0, 0, 0, 0, 2, 0, 1, 2, 1, 0, 0, 2, 1, 1, 0, 1, 0, 2, 0, 1, 0, 0, 2, 2, 0, 0, 0, 0, 1, 0, 2, 0, 0, 0, 2, 2, 0, 1, 1, 2, 1, 0, 0, 1, 1, 0, 1, 1, 0, 1, 0, 2, 1, 1, 0, 0, 0, 1, 0, 2, 0, 1, 0, 2, 1, 0, 0, 1, 1, 0, 0, 1, 0, 2, 1, 1, 0, 2, 0, 0, 2, 1, 0, 0, 2, 2, 0, 0, 0, 2, 0, 1, 0, 2, 2, 0, 1, 1, 0, 1, 0, 0, 1, 0, 2, 0, 1, 2, 1, 1, 0, 1, 0, 0, 0, 2, 0, 2, 1, 2, 2, 2, 0, 1, 0, 2, 0, 0, 0, 1, 0, 1, 1, 1, 1, 2, 0, 2, 1, 0, 0, 0, 2, 0, 2, 2, 0, 0, 0, 0, 0, 1, 1, 0, 0, 1, 1, 2, 0, 0, 0, 0, 2, 0, 0, 0, 0, 0, 0, 0, 0, 1, 2, 0, 1, 2, 2, 1, 1, 2, 0, 0, 2, 1, 2, 0, 1, 1, 1, 0, 0, 0, 0, 2, 2, 1, 0, 0, 2, 1, 2, 0, 0, 0, 1, 1, 0, 0, 0, 0, 2, 1, 1, 1, 0, 2, 0, 2, 2, 1, 1, 0, 1, 1, 1, 2, 2, 1, 0, 2, 2, 2, 0, 1, 0, 1, 0, 2, 0, 1, 0, 2, 2, 2, 1, 2, 2, 0, 0, 1, 2, 0, 1, 0, 2, 0, 0, 1, 0, 1, 0, 0, 2, 2, 0, 0, 2, 0, 1, 1, 1, 0, 0, 1, 1, 0, 1, 0, 0, 0, 2, 2, 0, 2, 0, 2, 0, 2, 1, 2, 2, 0, 2, 0, 1, 1, 0, 0, 2, 0, 0, 0, 1, 0, 1, 1, 1, 1, 1, 1, 0, 0, 0, 0, 0, 0, 2, 0, 0, 1, 0, 0, 0, 2, 2, 1, 0, 1, 2, 1, 0, 0, 0, 2, 0, 2, 0, 2, 0, 2, 1, 0, 1, 0, 0, 2, 2, 1, 2, 0, 0, 1, 0, 0, 0, 0, 0, 1, 2, 0, 2, 0, 1, 0, 0, 2, 0, 0, 0, 0, 1, 2, 1, 2, 2, 0, 2, 0, 0, 2, 0, 1, 0, 2, 1, 0, 2, 0, 2, 1, 0, 0, 0, 1, 0, 0, 1, 0, 2, 0, 1, 1, 0, 1, 1, 1, 0, 1, 2, 0, 0, 1, 1, 2, 0, 2, 2, 0, 0, 0, 0, 2, 0, 2, 0, 0, 2, 2, 2, 2, 0, 0, 2, 0, 0, 0, 1, 1, 0, 2, 2, 0, 1, 0, 0, 0, 0, 0, 0, 1, 0, 2, 0, 2, 0, 0, 0, 1, 1, 2, 0, 1, 2, 0, 0, 1, 0, 0, 2, 1, 2, 1, 2, 1, 0, 0, 2, 1, 0, 0, 1, 2, 1, 2, 1, 1, 1, 2, 0, 1, 0, 0, 0, 2, 0, 2, 0, 0, 1, 1, 1, 2, 0, 2, 2, 0, 0, 0, 0, 0, 0, 0, 0, 0, 2, 2, 2, 1, 1, 0, 1, 1, 2, 1, 1, 2, 2, 1, 1, 0, 1, 1, 0, 1, 0, 0, 0, 1, 0, 0, 2, 0, 0, 0, 1, 0, 2, 1, 1, 1, 0, 0, 0, 2, 1, 0, 0, 1, 0, 2, 2, 0, 2, 2, 0, 0, 2, 2, 2, 1, 0, 2, 0, 0, 1, 1, 2, 1, 0, 1, 2, 2, 2, 0, 0, 2, 0, 0, 0, 0, 2, 1, 2, 2, 0, 1, 0, 1, 0, 2, 1, 0, 2, 0, 2, 0, 0, 1, 2, 0, 0, 2, 2, 0, 2, 0, 1, 2, 1, 1, 0, 1, 2, 0, 2, 0, 2, 0, 0, 2, 2, 0, 1, 2, 0, 1, 2, 1, 1, 2, 2, 1, 1, 0, 2, 0, 1, 2, 2, 0, 2, 0, 0, 1, 1, 0, 2, 1, 0, 0, 2, 2, 0, 0, 1, 0, 0, 0, 2, 0, 2, 2, 2, 2, 0, 0, 1, 0, 0, 2, 0, 0, 1, 1, 0, 1, 0, 2, 2, 0, 1, 1, 1, 2, 0, 1, 2, 0, 1, 2, 0, 1, 1, 2, 2, 0, 1, 1, 1, 0, 0, 2, 0, 0, 0, 0, 0, 1, 1, 0, 0, 1, 0, 0, 0, 0, 1, 0, 0, 0, 0, 1, 2, 0, 0, 0, 2, 1, 0, 2, 2, 1, 0, 0, 2, 1, 0, 1, 0, 1, 0, 1, 2, 2, 0, 0, 0, 0, 2, 0, 2, 2, 0, 2, 2, 2, 0, 0, 1, 0, 0, 0, 0, 2, 0, 1, 2, 0, 2, 2, 0, 0, 0, 1, 1, 0, 0, 0, 0, 0, 1, 0, 2, 2, 0, 0, 0, 2, 1, 0, 2, 0, 2, 0, 0, 0, 0, 0, 2, 0, 2, 0, 1, 1, 1, 0, 0, 0, 0, 1, 2, 0, 2, 0, 2, 2, 1, 0, 1, 1, 0, 0, 0, 2, 2, 0, 0, 2, 0, 0, 1, 1, 0, 1, 2, 0, 0, 0, 1, 2, 0, 2, 1, 0, 1, 0, 1, 0, 1, 0, 0, 1, 1, 0, 0, 0, 0, 2, 0, 0, 2, 0, 2, 2, 2, 0, 0, 0, 2, 0, 0, 2, 0, 0, 0, 2, 1, 1, 1, 0, 1, 0, 0, 0, 1, 1, 0, 1, 2, 1, 1, 2, 2, 2, 0, 0, 0, 2, 0, 2, 0, 1, 0, 1, 0, 0, 1, 1, 2, 0, 2, 1, 0, 2, 2, 2, 0, 1, 0, 2, 1, 2, 0, 0, 2, 1, 1, 1, 0, 2, 1, 0, 1, 1, 1, 1, 0, 0, 2, 0, 2, 1, 0, 0, 2, 2, 0, 0, 2, 2, 0, 1, 1, 1, 0, 2, 2, 1, 0, 2, 0, 2, 0, 2, 0, 1, 0, 0, 0, 0, 0, 0, 0, 2, 0, 0, 1, 1, 0, 0, 1, 0, 0, 1, 2, 0, 1, 2, 2, 0, 2, 1, 2, 1, 1, 1, 0, 0, 2, 1, 1, 1, 1, 0, 1, 1, 2, 0, 0, 1, 0, 1, 1, 0, 0, 1, 0, 0, 1, 1, 1, 0, 2, 0, 1, 1, 0, 0, 0, 0, 0, 0, 1, 1, 0, 0, 0, 1, 1, 2, 0, 0, 1, 0, 0, 0, 1, 0, 2, 0, 1, 2, 0, 0, 1, 0, 0, 0, 0, 0, 1, 1, 0, 0, 1, 2, 0, 1, 2, 2, 0, 0, 2, 2, 2, 0, 2, 2, 0, 2, 0, 0, 0, 0, 2, 1, 1, 2, 0, 2, 2, 0, 1, 1, 0, 0, 0, 1, 2, 1, 2, 0, 0, 2, 0, 2, 0, 0, 2, 1, 0, 2, 0, 0, 2, 0, 1, 0, 0, 0, 0, 2, 2, 0, 0, 0, 2, 2, 1, 1, 0, 1, 0, 2, 0, 0, 0, 2, 2, 2, 2, 0, 1, 0, 0, 0, 2, 0, 0, 1, 2, 0, 1, 0, 1, 1, 0, 0, 1, 0, 0, 0, 2, 0, 2, 2, 1, 1, 2, 2, 0, 0, 2, 1, 1, 1, 1, 0, 1, 2, 1, 1, 0, 1, 2, 1, 0, 2, 0, 2, 2, 0, 0, 0, 0, 2, 2, 2, 2, 0, 2, 0, 0, 2, 1, 1, 0, 1, 0, 0, 0, 1, 1, 1, 1, 0, 2, 0, 1, 2, 0, 2, 0, 2, 0, 0, 0, 0, 0, 1, 0, 0, 2, 0, 1, 0, 1, 0, 0, 0, 1, 1, 0, 1, 0, 1, 0, 0, 0, 1, 0, 0, 0, 1, 0, 2, 0, 0, 2, 0, 1, 0, 0, 2, 1, 0, 0, 2, 0, 0, 0, 0, 0, 1, 0, 2, 0, 1, 2, 2, 2, 0, 0, 0, 0, 0, 0, 0, 0, 2, 0, 1, 0, 0, 2, 0, 0, 2, 1, 2, 2, 0, 0, 1, 1, 0, 1, 2, 0, 0, 1, 2, 2, 0, 0, 2, 1, 1, 0, 1, 0, 0, 2, 2, 1, 0, 2, 0, 0, 0, 2, 1, 0, 2, 0, 2, 0, 1, 0, 2, 2, 0, 1, 0, 0, 0, 0, 2, 2, 0, 2, 0, 1, 0, 0, 1, 2, 0, 2, 2, 2, 2, 2, 2, 2, 0, 2, 1, 2, 0, 0, 2, 2, 1, 2, 2, 0, 2, 0, 1, 0, 1, 0, 2, 0, 1, 0, 0, 2, 0, 0, 0, 0, 2, 1, 2, 0, 2, 2, 0, 0, 0, 1, 2, 1, 2, 2, 1, 1, 0, 2, 1, 2, 2, 2, 0, 1, 2, 0, 0, 0, 0, 2, 2, 2, 2, 0, 1, 0, 2, 0, 2, 0, 1, 1, 0, 2, 0, 2, 0, 0, 2, 2, 1, 0, 2, 2, 0, 2, 1, 0, 1, 1, 0, 1, 0, 0, 1, 2, 2, 1, 2, 0, 0, 1, 1, 0, 2, 2, 2, 1, 2, 2, 2, 0, 1, 0, 0, 1, 1, 1, 0, 2, 2, 0, 2, 0, 2, 0, 0, 0, 0, 2, 0, 0, 1, 0, 0, 0, 1, 2, 2, 0, 0, 2, 2, 2, 1, 1, 0, 1, 0, 0, 1, 0, 1, 2, 0, 2, 1, 0, 0, 0, 0, 1, 2, 0, 2, 0, 2, 2, 0, 2, 0, 2, 1, 2, 0, 0, 2, 0, 2, 1, 0, 0, 2, 0, 1, 0, 2, 2, 1, 1, 0, 2, 0, 1, 0, 1, 2, 2, 1, 2, 2, 2, 1, 0, 2, 0, 1, 2, 0, 2, 0, 0, 0, 1, 0, 1, 1, 0, 0, 2, 2, 0, 0, 0, 0, 2, 0, 0, 0, 2, 0, 2, 0, 0, 2, 1, 0, 2, 1, 2, 2, 0, 0, 0, 2, 1, 2, 2, 1, 0, 1, 2, 0, 0, 0, 2, 0, 2, 0, 2, 0, 1, 2, 1, 2, 2, 2, 0, 1, 0, 2, 1, 1, 2, 0, 0, 0, 0, 0, 2, 0, 1, 2, 0, 0, 0, 0, 2, 0, 1, 1, 2, 1, 1, 0, 0, 1, 2, 0, 2, 1, 0, 2, 2, 2, 1, 2, 0, 1, 1, 0, 0, 2, 2, 2, 1, 2, 2, 2, 1, 0, 2, 1, 1, 2, 0, 0, 0, 2, 0, 2, 0, 1, 0, 0, 2, 0, 0, 0, 0, 0, 0, 1, 1, 0, 0, 0, 1, 0, 0, 1, 0, 2, 0, 0, 0, 1, 0, 0, 0, 0, 1, 1, 0, 0, 2, 0, 1, 0, 0, 1, 0, 2, 0, 2, 0, 0, 0, 2, 2, 0, 1, 0, 0, 0, 0, 0, 0, 2, 0, 0, 1, 0, 0, 1, 1, 0, 0, 0, 0, 0, 0, 0, 0, 0, 0, 1, 0, 1, 1, 1, 1, 2, 1, 0, 2, 1, 2, 2, 0, 2, 2, 1, 1, 2, 1, 2, 0, 1, 2, 1, 1, 0, 1, 0, 2, 2, 0, 0, 0, 2, 1, 0, 0, 2, 0, 1, 1, 1, 1, 0, 1, 2, 1, 2, 0, 2, 2, 2, 0, 1, 1, 0, 2, 2, 0, 1, 1, 0, 2, 0, 0, 0, 0, 0, 2, 1, 2, 2, 1, 2, 2, 1, 2, 1, 0, 0, 0, 2, 0, 0, 2, 2, 0, 1, 0, 1, 0, 0, 2, 0, 0, 0, 2, 0, 2, 2, 2, 0, 2, 0, 2, 0, 2, 2, 1, 1, 0, 1, 1, 1, 1, 2, 1, 2, 1, 2, 0, 0, 1, 0, 0, 1, 0, 0, 1, 0, 1, 0, 0, 0, 2, 0, 0, 0, 2, 0, 2, 1, 0, 0, 2, 2, 0, 2, 2, 1, 0, 0, 0, 0, 1, 1, 0, 2, 0, 2, 2, 0, 0, 2, 0, 0, 0, 0, 0, 0, 2, 0, 1, 0, 2, 2, 0, 2, 2, 0, 0, 0, 0, 2, 0, 1, 1, 0, 1, 0, 0, 1, 0, 0, 1, 2, 0, 1, 2, 1, 2, 0, 2, 0, 0]
0.7158630842841369
array([[1248,   30,    0],
       [ 139,  468,   74],
       [ 176,  353,  229]])
kfold preds 2: [1, 1, 0, 0, 0, 0, 1, 1, 2, 0, 0, 2, 0, 0, 0, 1, 0, 2, 1, 1, 1, 0, 2, 0, 1, 1, 0, 2, 0, 0, 2, 2, 1, 0, 2, 0, 1, 0, 0, 0, 2, 0, 1, 1, 0, 2, 2, 2, 0, 0, 0, 1, 0, 0, 1, 0, 1, 1, 0, 1, 1, 0, 0, 0, 0, 0, 1, 2, 0, 0, 0, 1, 1, 0, 1, 0, 1, 1, 0, 0, 0, 0, 1, 0, 1, 0, 2, 0, 0, 0, 2, 1, 1, 0, 0, 0, 0, 0, 0, 1, 0, 0, 2, 1, 0, 0, 0, 1, 2, 1, 0, 1, 2, 1, 2, 1, 2, 0, 1, 0, 2, 0, 0, 0, 1, 0, 1, 0, 0, 0, 1, 1, 1, 2, 1, 0, 0, 1, 0, 0, 1, 0, 1, 2, 0, 2, 2, 1, 1, 2, 2, 2, 0, 0, 0, 1, 1, 0, 0, 1, 0, 0, 0, 1, 2, 0, 0, 1, 0, 1, 2, 0, 0, 0, 2, 1, 0, 1, 1, 0, 1, 1, 0, 2, 0, 1, 2, 0, 0, 0, 2, 1, 0, 0, 2, 0, 2, 0, 0, 2, 0, 2, 0, 1, 2, 2, 2, 0, 0, 0, 1, 2, 2, 0, 1, 0, 0, 1, 0, 2, 1, 0, 0, 1, 2, 2, 1, 1, 2, 2, 0, 2, 0, 0, 2, 2, 0, 0, 1, 0, 0, 0, 2, 1, 0, 0, 0, 0, 0, 1, 2, 0, 0, 1, 2, 2, 2, 0, 1, 0, 0, 2, 0, 1, 0, 0, 1, 2, 2, 0, 0, 2, 0, 0, 0, 0, 0, 2, 0, 2, 1, 1, 1, 2, 0, 0, 0, 2, 1, 0, 1, 0, 0, 0, 0, 0, 0, 0, 0, 2, 0, 1, 0, 2, 2, 0, 0, 2, 0, 0, 1, 0, 0, 1, 2, 0, 1, 1, 1, 0, 0, 0, 1, 0, 0, 0, 0, 2, 1, 0, 1, 0, 2, 2, 1, 0, 1, 2, 1, 1, 2, 1, 2, 1, 0, 2, 0, 0, 0, 1, 0, 0, 2, 1, 0, 0, 0, 2, 0, 1, 1, 1, 0, 0, 1, 2, 0, 1, 1, 1, 1, 0, 2, 1, 2, 0, 1, 0, 1, 0, 0, 1, 2, 1, 0, 0, 0, 2, 1, 2, 0, 2, 1, 2, 0, 0, 0, 0, 0, 2, 1, 1, 0, 1, 2, 0, 0, 1, 2, 1, 2, 0, 0, 0, 2, 1, 1, 2, 0, 2, 1, 0, 1, 0, 1, 0, 2, 2, 0, 2, 0, 0, 2, 1, 2, 0, 1, 0, 0, 0, 1, 0, 2, 2, 0, 2, 1, 2, 2, 1, 2, 2, 1, 2, 2, 2, 2, 2, 1, 0, 0, 0, 0, 0, 0, 0, 2, 0, 2, 2, 1, 2, 0, 0, 1, 2, 0, 0, 2, 0, 0, 2, 0, 0, 0, 2, 1, 0, 2, 1, 2, 1, 2, 0, 1, 1, 1, 0, 0, 1, 1, 0, 1, 0, 0, 1, 1, 1, 1, 2, 2, 0, 2, 2, 2, 2, 0, 1, 0, 1, 0, 1, 2, 0, 0, 0, 0, 0, 0, 2, 2, 0, 2, 0, 0, 0, 1, 0, 2, 2, 0, 1, 2, 0, 2, 1, 0, 0, 1, 1, 1, 2, 1, 1, 0, 0, 0, 2, 0, 2, 0, 2, 1, 0, 0, 0, 0, 0, 2, 2, 0, 0, 0, 0, 1, 0, 1, 1, 0, 1, 2, 1, 0, 0, 2, 0, 0, 1, 2, 0, 2, 1, 0, 0, 2, 0, 1, 0, 2, 0, 1, 1, 2, 0, 0, 1, 0, 1, 1, 0, 1, 0, 2, 0, 0, 2, 0, 0, 0, 0, 0, 1, 1, 0, 0, 1, 2, 1, 2, 0, 0, 1, 1, 1, 1, 2, 0, 2, 0, 2, 1, 2, 0, 1, 1, 0, 2, 0, 2, 0, 2, 2, 0, 2, 2, 2, 1, 1, 0, 0, 2, 2, 0, 2, 0, 2, 0, 2, 0, 0, 2, 2, 2, 0, 0, 1, 1, 0, 2, 1, 0, 1, 0, 0, 2, 0, 0, 1, 0, 0, 0, 0, 1, 2, 0, 0, 2, 2, 1, 0, 1, 0, 0, 2, 1, 0, 0, 0, 0, 1, 0, 0, 0, 0, 1, 2, 1, 2, 1, 2, 0, 0, 2, 1, 1, 2, 0, 2, 1, 0, 0, 0, 1, 0, 0, 0, 2, 2, 0, 2, 2, 1, 1, 1, 1, 1, 0, 2, 0, 0, 1, 2, 0, 0, 2, 2, 0, 0, 0, 0, 0, 1, 0, 0, 0, 1, 2, 2, 0, 1, 1, 0, 0, 2, 1, 1, 1, 0, 1, 0, 0, 0, 0, 2, 0, 1, 2, 0, 0, 2, 1, 0, 0, 2, 0, 2, 1, 2, 0, 2, 1, 0, 1, 0, 0, 1, 0, 0, 2, 1, 2, 1, 0, 2, 0, 0, 2, 2, 0, 0, 0, 0, 0, 0, 0, 2, 2, 0, 0, 1, 1, 1, 1, 0, 2, 0, 2, 0, 1, 0, 1, 2, 2, 1, 0, 0, 0, 2, 0, 2, 1, 0, 2, 2, 0, 0, 0, 0, 0, 0, 0, 1, 1, 0, 1, 0, 0, 0, 0, 0, 0, 0, 2, 0, 2, 0, 1, 0, 0, 2, 0, 0, 0, 1, 1, 0, 0, 2, 1, 1, 0, 0, 2, 0, 2, 0, 1, 1, 0, 0, 0, 0, 0, 2, 2, 1, 2, 1, 2, 1, 0, 0, 0, 2, 0, 2, 2, 0, 2, 2, 2, 2, 2, 0, 0, 2, 2, 0, 1, 0, 1, 0, 1, 1, 0, 0, 0, 2, 0, 0, 0, 0, 2, 2, 1, 0, 0, 1, 0, 2, 2, 2, 0, 0, 0, 0, 0, 1, 1, 1, 0, 0, 0, 0, 0, 2, 0, 2, 0, 0, 1, 1, 0, 2, 2, 1, 2, 0, 1, 2, 0, 0, 2, 1, 2, 0, 1, 0, 0, 0, 0, 1, 2, 0, 0, 2, 0, 0, 2, 0, 0, 1, 1, 0, 0, 2, 1, 0, 1, 0, 0, 0, 1, 0, 1, 0, 2, 0, 2, 1, 1, 1, 1, 0, 0, 2, 2, 1, 0, 0, 0, 0, 0, 0, 2, 0, 0, 0, 2, 1, 0, 1, 0, 0, 2, 0, 0, 0, 2, 0, 0, 1, 0, 0, 2, 2, 1, 0, 0, 1, 2, 0, 1, 0, 2, 0, 0, 0, 0, 2, 0, 1, 2, 0, 2, 0, 1, 0, 0, 0, 2, 2, 0, 1, 0, 0, 0, 2, 0, 0, 2, 0, 2, 0, 1, 2, 0, 0, 1, 0, 0, 0, 1, 1, 1, 1, 1, 0, 2, 1, 0, 2, 2, 0, 0, 0, 0, 0, 1, 0, 2, 0, 1, 0, 1, 2, 0, 0, 2, 1, 0, 1, 2, 0, 1, 0, 0, 1, 1, 0, 0, 1, 2, 1, 0, 0, 1, 0, 1, 1, 0, 0, 0, 0, 0, 2, 2, 0, 2, 0, 0, 0, 0, 2, 2, 0, 0, 0, 0, 2, 2, 2, 2, 2, 2, 0, 2, 2, 2, 2, 0, 0, 0, 1, 1, 2, 0, 0, 0, 1, 2, 2, 1, 2, 1, 0, 0, 0, 0, 0, 1, 2, 2, 1, 2, 1, 1, 0, 1, 0, 0, 1, 0, 2, 2, 0, 1, 2, 0, 2, 0, 0, 2, 1, 2, 0, 0, 2, 0, 0, 2, 2, 2, 2, 0, 1, 1, 0, 2, 0, 0, 0, 2, 0, 0, 0, 2, 1, 0, 1, 2, 0, 0, 1, 0, 0, 2, 1, 1, 1, 0, 0, 2, 1, 2, 2, 0, 1, 0, 1, 0, 2, 0, 1, 2, 0, 2, 0, 1, 0, 0, 1, 0, 0, 0, 1, 1, 2, 0, 0, 0, 2, 1, 0, 2, 0, 2, 0, 1, 0, 2, 2, 0, 0, 0, 0, 2, 2, 2, 2, 2, 1, 2, 0, 2, 0, 0, 1, 0, 0, 0, 0, 0, 0, 2, 2, 2, 0, 2, 1, 0, 0, 0, 0, 1, 2, 2, 0, 0, 2, 1, 1, 0, 2, 2, 1, 2, 0, 1, 2, 1, 0, 2, 2, 0, 0, 0, 0, 2, 0, 0, 0, 2, 0, 2, 0, 0, 1, 2, 1, 0, 1, 1, 0, 1, 0, 0, 0, 1, 2, 2, 0, 2, 1, 1, 2, 0, 0, 1, 0, 0, 0, 1, 2, 2, 0, 1, 0, 2, 1, 2, 0, 0, 2, 2, 2, 0, 0, 0, 0, 0, 1, 0, 0, 2, 1, 0, 0, 0, 2, 2, 0, 1, 0, 2, 2, 0, 0, 1, 0, 0, 2, 2, 0, 1, 1, 1, 0, 2, 2, 2, 0, 0, 0, 0, 0, 0, 1, 2, 1, 2, 0, 0, 2, 0, 0, 1, 0, 0, 0, 0, 1, 0, 0, 1, 1, 0, 2, 2, 0, 0, 0, 0, 1, 0, 0, 2, 1, 0, 1, 0, 2, 0, 1, 0, 0, 0, 0, 0, 0, 0, 0, 2, 2, 1, 2, 0, 0, 0, 1, 2, 1, 0, 0, 0, 1, 0, 0, 2, 0, 1, 2, 0, 0, 0, 2, 0, 0, 1, 0, 0, 1, 0, 0, 1, 2, 2, 2, 2, 2, 1, 2, 2, 1, 1, 0, 1, 0, 0, 0, 2, 2, 1, 0, 2, 2, 1, 1, 0, 2, 0, 2, 1, 0, 0, 2, 1, 2, 1, 0, 2, 2, 0, 0, 2, 0, 0, 1, 0, 1, 0, 0, 0, 1, 0, 1, 2, 1, 0, 0, 2, 1, 0, 1, 2, 0, 0, 0, 1, 2, 1, 0, 2, 1, 1, 2, 0, 0, 0, 2, 1, 0, 2, 0, 1, 0, 2, 2, 0, 1, 0, 1, 0, 2, 0, 0, 0, 1, 0, 1, 1, 0, 0, 2, 0, 0, 2, 1, 0, 0, 0, 0, 1, 2, 2, 1, 0, 0, 0, 0, 2, 0, 1, 1, 2, 2, 1, 0, 1, 2, 2, 0, 0, 1, 0, 2, 0, 0, 1, 0, 0, 0, 1, 2, 0, 0, 1, 1, 1, 1, 2, 0, 0, 0, 2, 1, 2, 0, 0, 0, 2, 1, 2, 0, 0, 0, 1, 2, 0, 1, 0, 0, 2, 1, 2, 1, 0, 1, 1, 1, 1, 0, 0, 0, 0, 2, 1, 1, 0, 0, 0, 0, 0, 0, 1, 1, 0, 1, 0, 2, 0, 0, 2, 2, 0, 1, 2, 1, 0, 1, 2, 0, 2, 1, 1, 1, 0, 0, 0, 0, 2, 1, 2, 1, 0, 0, 1, 0, 2, 0, 0, 1, 0, 1, 2, 0, 0, 1, 1, 1, 0, 0, 1, 0, 1, 0, 0, 0, 0, 0, 1, 0, 0, 2, 1, 1, 0, 0, 1, 0, 2, 1, 0, 0, 2, 0, 0, 0, 0, 0, 2, 0, 1, 1, 0, 0, 1, 0, 1, 2, 1, 0, 0, 2, 0, 0, 1, 1, 0, 1, 2, 2, 0, 0, 2, 2, 0, 0, 2, 1, 0, 0, 1, 0, 0, 0, 0, 0, 1, 1, 0, 2, 1, 2, 1, 0, 0, 0, 0, 0, 1, 2, 2, 0, 1, 0, 0, 2, 0, 2, 0, 1, 2, 2, 0, 0, 2, 0, 2, 0, 1, 0, 0, 2, 1, 2, 2, 0, 0, 2, 0, 0, 0, 1, 0, 0, 2, 1, 0, 2, 0, 2, 1, 1, 0, 0, 0, 1, 1, 0, 1, 0, 1, 0, 2, 0, 0, 1, 2, 0, 1, 1, 0, 2, 1, 2, 2, 1, 1, 0, 1, 0, 1, 1, 0, 1, 2, 0, 1, 0, 1, 1, 1, 1, 0, 0, 0, 1, 1, 2, 0, 1, 1, 0, 0, 1, 0, 0, 2, 2, 2, 0, 1, 0, 0, 0, 0, 0, 1, 1, 0, 0, 1, 1, 2, 2, 1, 0, 2, 0, 2, 0, 0, 0, 0, 2, 0, 1, 0, 0, 0, 2, 0, 0, 2, 0, 1, 0, 0, 0, 0, 0, 1, 1, 0, 1, 0, 2, 0, 1, 0, 1, 0, 0, 2, 0, 2, 2, 0, 0, 0, 0, 0, 0, 0, 0, 2, 0, 0, 1, 0, 0, 2, 0, 0, 1, 0, 0, 0, 2, 2, 2, 1, 2, 0, 0, 1, 1, 0, 0, 0, 0, 1, 0, 2, 0, 2, 1, 2, 1, 0, 0, 0, 1, 2, 1, 0, 0, 2, 1, 2, 0, 2, 0, 2, 0, 1, 2, 0, 1, 0, 2, 0, 1, 2, 1, 1, 2, 2, 0, 2, 0, 1, 0, 2, 2, 1, 0, 0, 0, 0, 0, 2, 0, 0, 2, 0, 0, 0, 0, 2, 2, 0, 0, 2, 2, 0, 1, 0, 0, 0, 2, 1, 2, 1, 2, 0, 0, 1, 1, 0, 0, 0, 2, 0, 2, 1, 1, 1, 2, 2, 2, 0, 0, 0, 2, 0, 2, 0, 1, 0, 0, 0, 0, 0, 2, 1, 1, 0, 0, 1, 0, 0, 0, 1, 2, 0, 1, 2, 1, 1, 0, 2, 0, 0, 1, 1, 1, 1, 2, 0, 0, 0, 2, 0, 0, 1, 2, 2, 0, 0, 2, 2, 0, 0, 0, 2, 1, 0, 0, 2, 1, 1, 0, 1, 1, 2, 0, 2, 1, 2, 0, 0, 1, 0, 0, 1, 0, 0, 1, 2, 2, 0, 2, 0, 0, 1, 0, 2, 2, 1, 0, 2, 1, 2, 0, 0, 2, 0, 0, 2, 1, 2, 0, 2, 2, 0, 0, 0, 1, 0, 0, 0, 0, 0, 0, 0, 1, 2, 0, 0, 0, 0, 2, 0, 0, 1, 1, 0, 2, 0, 2, 1, 0, 2, 0, 1, 2, 0, 2, 2, 1, 0, 0, 0, 0, 0, 0, 0, 0, 2, 0, 1, 2, 0, 0, 0, 0, 0, 0, 0, 0, 0, 0, 0, 0, 0, 0, 1, 2, 0, 2, 2, 2, 0, 0, 2, 0, 2, 1, 0, 1, 1, 2, 2, 2, 0, 2, 0, 2, 0, 1, 2, 1, 1, 0, 0, 2, 1, 0, 2, 1, 0, 0, 0, 2, 0, 0, 2, 0, 0, 0, 1, 2, 0, 1, 2, 1, 0, 2, 2, 0, 0, 2, 0, 2, 0, 2, 2, 1, 2, 2, 2, 2, 0, 2, 2, 0, 0, 0, 2, 0, 2, 0, 0, 1, 0, 2, 2, 2, 2, 2, 2, 1, 1, 0, 1, 0, 1, 0, 0, 1, 1, 2, 0, 1, 2, 1, 0, 0, 2, 0, 1, 0, 1, 1, 2, 2, 1, 0, 2, 1, 0, 0, 0, 1, 0, 2, 0, 1, 0, 1, 0, 2, 0, 1, 2, 0, 0, 1, 1, 1, 2, 2, 2, 0, 2, 1, 2, 2, 0, 0, 1, 2, 0, 2, 0, 1, 1, 0, 2, 0, 0, 1, 2, 0, 2, 0, 0, 0, 0, 2, 2, 2, 1, 2, 0, 2, 1, 0, 0, 1, 0, 1, 0, 2, 1, 0, 0, 0, 2, 2, 0, 0, 0, 0, 0, 0, 0, 2, 0, 0, 0, 0, 0, 0, 2, 2, 0, 1, 2, 0, 0, 1, 2, 0, 1, 2, 2, 1, 1, 0, 0, 0, 0, 0, 0, 1, 0, 0, 2, 2, 0, 0, 2, 0, 2, 0, 0, 1, 1, 0, 0, 0, 0, 2, 1, 0, 0, 2, 1, 1, 2, 0, 2, 1, 1, 0, 1, 0, 2, 2, 0, 0, 2, 2, 2, 2, 2, 0, 1, 0, 1, 2, 1, 0, 1, 1, 2, 1, 0, 2, 2, 2, 1, 1, 2, 0, 0, 0, 0, 0, 1, 0, 0, 0, 0, 1, 0, 0, 1, 1, 1, 2, 2, 0, 2, 1, 1, 1, 0, 0, 0, 0, 0, 0, 2, 2, 0, 1, 1, 1, 0, 0, 0, 0, 0, 2, 1, 0, 1, 0, 2, 0, 2, 1, 2, 1, 2, 1, 1, 2, 0, 0, 1, 0, 0, 2, 1, 1, 1, 2, 0, 0, 2, 0, 1, 2, 2, 1, 0, 2, 0, 0, 0, 0, 2, 0, 0, 0, 2, 0, 2, 0, 1, 1, 0, 0, 1, 1, 1, 1, 0, 0, 0, 0, 0, 1, 0, 2, 0, 0, 1, 0, 0, 2, 1, 0, 0, 1, 0, 1, 2, 1, 2, 1, 1, 1, 1, 1, 1, 0, 1, 0, 0, 0, 0, 1, 0, 0, 2, 0, 0, 0, 1, 0, 1, 1, 0, 0, 1, 0, 2, 0, 2, 0, 0]
kfold targets 2: [1, 1, 0, 0, 0, 0, 1, 1, 2, 0, 0, 2, 0, 0, 0, 1, 0, 2, 1, 1, 1, 0, 2, 2, 1, 1, 0, 2, 0, 0, 0, 2, 1, 0, 1, 0, 1, 0, 0, 0, 2, 0, 1, 1, 0, 2, 1, 2, 0, 0, 0, 1, 0, 0, 1, 0, 1, 2, 0, 1, 1, 0, 2, 0, 0, 0, 1, 2, 0, 0, 0, 1, 1, 0, 2, 0, 1, 1, 0, 0, 0, 0, 1, 0, 1, 0, 2, 0, 0, 0, 2, 1, 2, 0, 0, 0, 0, 0, 0, 1, 0, 0, 2, 1, 0, 0, 0, 1, 2, 1, 0, 1, 2, 1, 2, 1, 2, 0, 2, 0, 2, 0, 0, 0, 1, 0, 1, 0, 0, 0, 1, 1, 2, 2, 1, 0, 0, 0, 0, 0, 1, 0, 1, 2, 0, 2, 2, 1, 1, 2, 2, 2, 0, 0, 0, 1, 1, 0, 0, 1, 0, 0, 0, 1, 2, 0, 0, 1, 0, 2, 2, 0, 0, 0, 2, 1, 0, 2, 2, 0, 1, 1, 0, 2, 0, 2, 2, 0, 0, 0, 2, 1, 0, 0, 2, 0, 2, 0, 0, 2, 0, 2, 2, 1, 2, 2, 2, 0, 0, 0, 1, 2, 1, 0, 1, 0, 0, 2, 0, 2, 1, 0, 0, 1, 2, 2, 2, 1, 2, 2, 0, 2, 0, 0, 1, 2, 0, 0, 1, 0, 0, 2, 2, 2, 0, 0, 0, 0, 0, 1, 2, 0, 0, 2, 2, 2, 2, 0, 1, 0, 0, 2, 0, 1, 0, 1, 1, 2, 2, 0, 0, 2, 0, 0, 0, 0, 0, 2, 0, 2, 1, 1, 1, 2, 0, 0, 0, 2, 1, 0, 1, 0, 0, 0, 0, 0, 0, 0, 0, 2, 0, 0, 0, 2, 2, 0, 0, 2, 0, 0, 1, 0, 0, 1, 2, 0, 1, 1, 1, 0, 0, 0, 1, 0, 0, 0, 0, 2, 1, 0, 1, 0, 2, 2, 1, 0, 1, 2, 2, 1, 2, 1, 2, 1, 0, 2, 0, 0, 0, 1, 0, 0, 2, 1, 0, 0, 0, 2, 2, 1, 1, 2, 0, 0, 1, 2, 0, 1, 1, 1, 1, 0, 2, 1, 2, 0, 1, 0, 1, 0, 0, 1, 2, 1, 0, 0, 0, 2, 1, 1, 0, 2, 1, 2, 0, 0, 0, 0, 0, 2, 1, 1, 0, 1, 2, 0, 0, 1, 2, 1, 2, 0, 0, 0, 2, 1, 1, 1, 0, 2, 2, 0, 1, 0, 2, 0, 2, 2, 0, 2, 0, 0, 2, 1, 2, 0, 1, 0, 0, 0, 1, 0, 1, 1, 0, 2, 1, 1, 2, 0, 1, 2, 2, 2, 2, 2, 2, 2, 1, 0, 0, 0, 0, 0, 0, 0, 2, 0, 2, 2, 1, 2, 0, 0, 2, 2, 0, 0, 2, 0, 0, 2, 0, 0, 0, 1, 1, 0, 2, 1, 2, 1, 1, 0, 1, 2, 2, 0, 0, 1, 2, 0, 2, 0, 2, 1, 1, 1, 2, 2, 2, 0, 2, 2, 2, 2, 0, 1, 0, 1, 0, 1, 2, 0, 0, 2, 2, 0, 0, 2, 2, 0, 2, 0, 0, 0, 1, 0, 2, 2, 0, 1, 2, 0, 2, 1, 0, 0, 1, 1, 1, 2, 1, 1, 0, 0, 0, 2, 0, 2, 0, 2, 1, 0, 2, 0, 0, 0, 2, 1, 0, 0, 0, 0, 1, 0, 1, 1, 0, 1, 2, 1, 0, 0, 2, 0, 0, 1, 2, 0, 2, 1, 0, 2, 2, 0, 1, 0, 2, 0, 2, 2, 2, 0, 0, 1, 0, 1, 1, 0, 2, 0, 2, 0, 0, 2, 0, 0, 0, 0, 0, 2, 1, 0, 0, 1, 2, 1, 2, 0, 0, 1, 1, 2, 1, 2, 0, 2, 0, 2, 2, 2, 0, 1, 1, 0, 2, 2, 2, 0, 2, 2, 0, 2, 2, 2, 1, 1, 0, 0, 2, 2, 0, 2, 0, 2, 0, 2, 0, 0, 1, 2, 2, 0, 0, 1, 1, 0, 2, 2, 0, 1, 0, 0, 2, 0, 0, 2, 0, 0, 0, 0, 1, 2, 0, 0, 2, 2, 1, 0, 1, 0, 0, 2, 1, 0, 0, 0, 0, 1, 0, 0, 0, 0, 2, 2, 1, 1, 2, 2, 0, 0, 2, 1, 2, 2, 0, 1, 1, 0, 0, 0, 1, 0, 0, 0, 2, 2, 0, 2, 2, 1, 1, 1, 1, 1, 0, 2, 0, 0, 2, 2, 0, 2, 0, 2, 0, 0, 0, 0, 0, 1, 0, 0, 0, 1, 2, 2, 0, 1, 1, 0, 0, 1, 1, 1, 1, 0, 1, 0, 0, 0, 0, 1, 0, 1, 2, 0, 0, 2, 2, 0, 0, 2, 0, 2, 1, 0, 0, 2, 1, 0, 1, 0, 0, 1, 0, 0, 2, 1, 2, 2, 0, 2, 0, 0, 2, 2, 0, 0, 0, 0, 0, 0, 0, 2, 2, 0, 0, 2, 1, 1, 1, 0, 2, 0, 2, 0, 1, 0, 1, 2, 2, 1, 0, 0, 0, 2, 0, 2, 1, 0, 2, 2, 0, 0, 0, 0, 0, 0, 0, 1, 1, 2, 1, 2, 0, 0, 0, 2, 0, 0, 2, 0, 2, 0, 1, 0, 0, 2, 0, 0, 0, 1, 1, 0, 0, 2, 1, 2, 0, 0, 1, 0, 2, 0, 2, 1, 0, 0, 0, 0, 0, 2, 2, 1, 2, 0, 2, 0, 0, 0, 0, 2, 0, 2, 2, 0, 2, 2, 2, 2, 2, 0, 0, 2, 2, 0, 1, 0, 2, 0, 2, 1, 0, 0, 0, 2, 0, 0, 0, 0, 2, 2, 1, 0, 0, 1, 0, 2, 2, 2, 0, 0, 0, 0, 0, 1, 1, 1, 0, 0, 0, 0, 0, 2, 0, 2, 0, 0, 1, 1, 0, 2, 2, 0, 1, 0, 1, 1, 0, 0, 2, 1, 2, 0, 0, 0, 0, 0, 0, 1, 2, 0, 0, 2, 0, 0, 2, 0, 0, 1, 1, 0, 0, 2, 1, 0, 1, 0, 0, 0, 1, 0, 1, 2, 2, 0, 2, 1, 1, 2, 1, 0, 2, 2, 2, 1, 0, 0, 0, 0, 0, 0, 2, 0, 0, 0, 2, 2, 0, 1, 0, 0, 2, 0, 0, 0, 2, 0, 0, 2, 0, 0, 2, 1, 1, 0, 0, 2, 2, 0, 1, 0, 2, 0, 0, 0, 0, 2, 0, 1, 2, 0, 1, 0, 1, 0, 0, 0, 2, 2, 0, 1, 0, 0, 0, 2, 0, 0, 2, 0, 2, 0, 1, 1, 0, 0, 1, 0, 0, 0, 1, 1, 1, 1, 1, 0, 2, 1, 0, 2, 2, 0, 0, 0, 0, 0, 2, 0, 2, 0, 1, 0, 1, 1, 0, 0, 1, 1, 0, 1, 1, 0, 1, 0, 0, 1, 1, 0, 0, 2, 2, 1, 0, 0, 1, 0, 2, 1, 0, 0, 0, 0, 0, 2, 2, 0, 2, 0, 0, 0, 0, 2, 2, 0, 0, 0, 0, 2, 2, 2, 2, 1, 0, 0, 2, 2, 2, 2, 0, 0, 0, 1, 1, 2, 0, 0, 0, 1, 1, 1, 0, 1, 2, 0, 0, 0, 0, 0, 2, 2, 2, 1, 2, 1, 2, 0, 1, 0, 0, 1, 0, 2, 2, 0, 1, 2, 0, 2, 0, 0, 2, 1, 2, 2, 0, 2, 0, 0, 2, 1, 2, 2, 0, 2, 1, 2, 2, 0, 0, 0, 2, 0, 0, 0, 2, 1, 0, 1, 2, 0, 0, 1, 0, 0, 2, 1, 1, 1, 0, 0, 2, 1, 1, 1, 0, 1, 0, 1, 0, 2, 0, 1, 2, 0, 2, 0, 1, 0, 0, 1, 0, 0, 0, 1, 1, 2, 0, 0, 0, 2, 1, 0, 2, 0, 2, 0, 1, 0, 2, 2, 0, 0, 0, 0, 2, 2, 2, 1, 2, 1, 2, 2, 2, 0, 0, 1, 0, 0, 0, 0, 0, 0, 0, 2, 2, 0, 1, 1, 0, 0, 0, 0, 1, 1, 2, 0, 0, 2, 1, 1, 0, 2, 2, 1, 1, 0, 2, 1, 2, 0, 2, 2, 0, 0, 0, 0, 2, 0, 0, 0, 2, 0, 2, 0, 0, 1, 2, 1, 0, 1, 2, 2, 1, 0, 0, 0, 1, 2, 2, 0, 2, 0, 1, 1, 0, 0, 1, 2, 0, 0, 1, 2, 2, 0, 1, 0, 1, 1, 2, 0, 2, 2, 2, 2, 0, 0, 0, 0, 0, 1, 0, 0, 2, 1, 0, 0, 0, 2, 2, 0, 1, 0, 2, 2, 0, 0, 1, 0, 0, 2, 2, 0, 1, 1, 1, 0, 2, 2, 2, 0, 0, 0, 0, 0, 0, 2, 2, 1, 2, 0, 0, 2, 0, 0, 1, 0, 0, 0, 0, 1, 0, 0, 2, 1, 0, 2, 2, 0, 0, 0, 0, 1, 0, 0, 2, 1, 0, 1, 0, 2, 0, 1, 0, 0, 0, 0, 0, 0, 0, 2, 2, 2, 1, 2, 0, 0, 0, 1, 1, 1, 0, 0, 0, 1, 0, 0, 2, 0, 1, 2, 0, 0, 0, 2, 2, 2, 1, 0, 0, 1, 0, 2, 1, 2, 1, 2, 2, 2, 1, 2, 2, 1, 1, 0, 1, 0, 0, 0, 2, 1, 1, 0, 1, 2, 1, 1, 0, 2, 0, 2, 1, 0, 0, 2, 1, 2, 1, 0, 2, 1, 0, 0, 2, 0, 0, 1, 0, 1, 0, 0, 0, 1, 0, 1, 2, 1, 0, 0, 2, 1, 0, 1, 2, 0, 0, 0, 1, 2, 1, 0, 1, 1, 1, 2, 0, 0, 0, 2, 1, 0, 2, 0, 1, 0, 2, 2, 0, 1, 0, 2, 0, 2, 0, 0, 0, 1, 0, 1, 1, 0, 0, 0, 0, 2, 2, 1, 0, 0, 0, 0, 1, 2, 2, 1, 0, 0, 0, 0, 2, 0, 1, 1, 2, 2, 1, 0, 2, 2, 2, 0, 0, 2, 0, 2, 0, 2, 1, 0, 0, 2, 1, 2, 0, 0, 2, 1, 1, 1, 2, 0, 0, 0, 2, 1, 2, 0, 1, 0, 2, 1, 2, 0, 0, 0, 1, 2, 0, 1, 0, 0, 2, 1, 2, 1, 0, 1, 1, 1, 1, 1, 0, 0, 0, 2, 1, 1, 0, 2, 0, 0, 0, 0, 1, 1, 0, 1, 0, 2, 0, 0, 1, 2, 0, 1, 2, 1, 0, 1, 2, 0, 2, 1, 1, 1, 0, 0, 0, 0, 2, 1, 1, 1, 0, 0, 1, 0, 2, 0, 0, 1, 0, 1, 2, 0, 0, 1, 1, 1, 0, 0, 1, 0, 1, 0, 0, 0, 0, 0, 1, 2, 0, 2, 1, 1, 0, 0, 1, 0, 2, 0, 0, 0, 2, 0, 0, 0, 0, 0, 2, 0, 1, 1, 0, 0, 2, 0, 2, 2, 1, 0, 2, 2, 0, 0, 1, 1, 0, 1, 2, 2, 2, 0, 2, 1, 0, 0, 2, 1, 0, 0, 1, 0, 0, 0, 2, 0, 1, 1, 0, 2, 1, 2, 1, 0, 0, 0, 0, 0, 1, 1, 1, 0, 2, 0, 0, 2, 0, 2, 0, 1, 2, 2, 0, 0, 2, 0, 2, 0, 1, 0, 0, 2, 1, 2, 2, 0, 0, 2, 0, 0, 0, 1, 0, 2, 2, 1, 0, 1, 2, 2, 1, 1, 0, 0, 0, 1, 1, 0, 1, 2, 2, 0, 2, 2, 0, 1, 2, 2, 1, 1, 0, 2, 1, 0, 2, 2, 1, 0, 1, 0, 1, 1, 0, 1, 2, 0, 1, 0, 1, 1, 1, 1, 2, 0, 0, 2, 1, 2, 1, 1, 1, 0, 0, 2, 0, 0, 2, 2, 2, 0, 2, 0, 0, 0, 0, 0, 1, 1, 0, 0, 1, 1, 2, 2, 1, 0, 2, 0, 2, 0, 0, 0, 0, 2, 0, 2, 0, 0, 0, 2, 0, 0, 2, 0, 2, 0, 0, 0, 0, 0, 1, 1, 0, 1, 0, 2, 0, 1, 0, 1, 0, 0, 2, 2, 1, 2, 0, 0, 0, 0, 0, 0, 0, 0, 2, 0, 0, 1, 0, 0, 1, 0, 0, 2, 0, 1, 0, 2, 2, 2, 1, 2, 0, 0, 1, 1, 0, 0, 0, 0, 1, 0, 2, 0, 2, 1, 1, 1, 0, 0, 0, 1, 1, 1, 0, 0, 2, 2, 0, 0, 2, 0, 2, 0, 1, 2, 0, 1, 0, 2, 0, 1, 2, 2, 1, 2, 2, 0, 2, 0, 1, 2, 2, 2, 1, 0, 0, 0, 0, 0, 2, 0, 0, 2, 0, 0, 0, 0, 2, 2, 0, 0, 2, 2, 0, 1, 0, 0, 0, 2, 1, 2, 1, 2, 0, 0, 1, 1, 0, 0, 0, 2, 0, 2, 1, 1, 1, 2, 2, 2, 0, 0, 0, 2, 0, 2, 0, 1, 0, 0, 0, 0, 0, 1, 1, 1, 0, 0, 1, 0, 0, 0, 1, 2, 0, 1, 2, 1, 1, 0, 2, 0, 0, 1, 1, 1, 1, 2, 0, 0, 0, 2, 0, 0, 1, 2, 2, 0, 0, 2, 0, 0, 0, 0, 2, 1, 0, 0, 2, 1, 2, 0, 1, 1, 1, 0, 2, 1, 2, 2, 0, 1, 0, 0, 1, 0, 0, 1, 2, 2, 0, 2, 0, 0, 2, 0, 2, 2, 1, 0, 1, 1, 2, 0, 0, 0, 0, 0, 2, 1, 2, 0, 2, 2, 0, 0, 0, 1, 0, 0, 0, 2, 0, 0, 0, 1, 1, 0, 0, 0, 2, 2, 0, 0, 1, 1, 0, 2, 2, 2, 1, 0, 2, 0, 1, 1, 2, 2, 2, 2, 0, 0, 0, 0, 0, 0, 0, 0, 2, 0, 1, 2, 0, 0, 0, 0, 0, 0, 0, 0, 0, 0, 0, 0, 0, 0, 1, 2, 0, 2, 2, 1, 0, 0, 2, 0, 2, 0, 0, 1, 1, 2, 2, 2, 0, 0, 0, 2, 0, 2, 2, 1, 1, 0, 0, 2, 1, 0, 2, 1, 0, 0, 0, 2, 0, 0, 2, 0, 0, 0, 1, 2, 0, 1, 2, 1, 0, 2, 2, 0, 0, 2, 2, 2, 0, 2, 2, 1, 1, 2, 2, 2, 0, 2, 2, 0, 0, 0, 2, 0, 2, 0, 0, 1, 0, 2, 2, 1, 2, 2, 2, 1, 1, 0, 1, 0, 1, 0, 0, 1, 1, 1, 0, 1, 2, 2, 0, 0, 2, 0, 1, 0, 1, 1, 2, 2, 1, 0, 1, 1, 2, 0, 0, 1, 0, 2, 1, 1, 0, 1, 0, 2, 0, 2, 2, 0, 0, 1, 1, 2, 2, 1, 2, 0, 2, 1, 2, 2, 0, 0, 1, 2, 0, 2, 0, 1, 1, 0, 2, 0, 0, 2, 2, 0, 2, 0, 0, 0, 0, 2, 1, 1, 1, 2, 0, 2, 1, 0, 0, 1, 0, 1, 0, 2, 1, 0, 0, 0, 2, 2, 2, 0, 0, 0, 0, 0, 0, 2, 0, 0, 0, 0, 0, 0, 1, 2, 0, 2, 2, 0, 0, 2, 1, 0, 1, 2, 2, 1, 1, 0, 0, 0, 0, 0, 0, 1, 0, 0, 2, 2, 0, 0, 1, 0, 2, 0, 0, 1, 1, 0, 2, 0, 0, 2, 1, 0, 0, 2, 1, 1, 2, 0, 2, 1, 1, 0, 1, 0, 2, 2, 0, 0, 2, 2, 2, 2, 2, 2, 1, 0, 1, 1, 1, 0, 1, 1, 2, 1, 0, 2, 2, 2, 1, 1, 2, 0, 0, 0, 0, 0, 1, 0, 0, 0, 0, 2, 0, 0, 1, 1, 2, 2, 2, 0, 2, 2, 1, 1, 0, 0, 0, 0, 0, 0, 2, 2, 0, 1, 1, 1, 0, 0, 0, 0, 0, 2, 1, 0, 1, 0, 2, 2, 2, 1, 2, 1, 2, 2, 2, 2, 0, 0, 1, 0, 0, 2, 1, 1, 1, 2, 0, 0, 2, 0, 1, 1, 2, 1, 0, 2, 0, 0, 0, 0, 2, 0, 0, 0, 2, 0, 2, 0, 1, 1, 0, 0, 1, 2, 1, 1, 0, 0, 0, 0, 0, 2, 0, 2, 0, 0, 1, 0, 0, 2, 1, 0, 0, 1, 0, 1, 2, 1, 2, 1, 0, 2, 1, 1, 1, 0, 1, 0, 0, 0, 0, 1, 0, 0, 2, 0, 0, 0, 1, 0, 1, 1, 0, 0, 2, 0, 2, 0, 2, 0, 0]
0.9068825910931174
array([[1271,   12,   11],
       [   6,  583,   75],
       [  54,   95,  610]])
