epoch: 1
100
104.85386204719543
200
211.38646936416626
300
318.23286604881287
400
423.3675699234009
500
529.2893440723419
600
633.799530506134
Epoch: 1 | Training Loss: 0.554837 | Train ACC: 0.7573
epoch: 2
100
807.8495588302612
200
897.586088180542
300
986.4487209320068
400
1076.4247047901154
500
1166.5931584835052
600
1256.014835357666
Epoch: 2 | Training Loss: 0.393570 | Train ACC: 0.8432
epoch: 3
100
1415.2722053527832
200
1504.1017272472382
300
1593.5243203639984
400
1682.8647103309631
500
1771.4728388786316
600
1859.1861622333527
Epoch: 3 | Training Loss: 0.311586 | Train ACC: 0.8756
epoch: 4
100
2017.8697323799133
200
2106.3577756881714
300
2194.1937403678894
400
2282.7105674743652
500
2371.960697889328
600
2461.7327008247375
Epoch: 4 | Training Loss: 0.258973 | Train ACC: 0.8979
epoch: 5
100
2619.797532558441
200
2707.854653120041
300
2795.602543592453
400
2883.7012555599213
500
2971.714592218399
600
3058.3815100193024
Epoch: 5 | Training Loss: 0.229436 | Train ACC: 0.9104
epoch: 6
100
3215.4714121818542
200
3304.23762178421
300
3392.017990589142
400
3479.0059926509857
500
3566.8875408172607
600
3655.527311563492
Epoch: 6 | Training Loss: 0.204190 | Train ACC: 0.9216
epoch: 7
100
3814.7533259391785
200
3903.1746978759766
300
3990.2812128067017
400
4077.6808607578278
500
4165.9063630104065
600
4253.197360754013
Epoch: 7 | Training Loss: 0.181388 | Train ACC: 0.9304
epoch: 8
100
4409.746216058731
200
4498.568522691727
300
4587.6446125507355
400
4675.844204187393
500
4763.683370351791
600
4851.3206787109375
Epoch: 8 | Training Loss: 0.171067 | Train ACC: 0.9319
epoch: 9
100
5009.400113105774
200
5098.014396905899
300
5186.313588857651
400
5274.151089429855
500
5362.778155088425
600
5456.284693241119
Epoch: 9 | Training Loss: 0.150154 | Train ACC: 0.9406
epoch: 10
100
5624.192374944687
200
5716.549849748611
300
5809.576174020767
400
5902.142536640167
500
5995.194406032562
600
6086.889809131622
Epoch: 10 | Training Loss: 0.139816 | Train ACC: 0.9479
epoch: 11
100
6252.61963891983
200
6346.25920176506
300
6436.131455659866
400
6525.769910097122
500
6614.882438659668
600
6704.830055475235
Epoch: 11 | Training Loss: 0.119377 | Train ACC: 0.9523
epoch: 12
100
6866.2007801532745
200
6955.167275190353
300
7043.723448038101
400
7131.260108470917
500
7219.625842094421
600
7307.822079181671
Epoch: 12 | Training Loss: 0.097522 | Train ACC: 0.9636
epoch: 13
100
7467.589014530182
200
7556.841945171356
300
7645.908097743988
400
7734.214834451675
500
7822.924461603165
600
7910.906880378723
Epoch: 13 | Training Loss: 0.095587 | Train ACC: 0.9639
epoch: 14
100
8069.974025011063
200
8159.356459140778
300
8248.923104047775
400
8337.75082039833
500
8425.805428266525
600
8513.962986707687
Epoch: 14 | Training Loss: 0.091219 | Train ACC: 0.9665
epoch: 15
100
8672.472983837128
200
8761.04428768158
300
8848.69391965866
400
8936.916781902313
500
9024.99367260933
600
9112.468297719955
Epoch: 15 | Training Loss: 0.085311 | Train ACC: 0.9696
epoch: 16
100
9270.257204771042
200
9359.331730604172
300
9447.447211027145
400
9534.804515123367
500
9623.198765993118
600
9711.232912778854
Epoch: 16 | Training Loss: 0.076744 | Train ACC: 0.9752
epoch: 17
100
9868.592106819153
200
9956.710811376572
300
10046.41825723648
400
10134.384116888046
500
10222.549288511276
600
10309.519306898117
Epoch: 17 | Training Loss: 0.069694 | Train ACC: 0.9731
epoch: 18
100
10466.913993358612
200
10554.494030237198
300
10642.045031309128
400
10729.235664844513
500
10817.151404857635
600
10904.58538389206
Epoch: 18 | Training Loss: 0.067199 | Train ACC: 0.9744
epoch: 19
100
11062.393580913544
200
11150.194999456406
300
11237.906952381134
400
11325.117763280869
500
11413.348876476288
600
11500.786244869232
Epoch: 19 | Training Loss: 0.065697 | Train ACC: 0.9753
epoch: 20
100
11656.75843000412
200
11743.881078958511
300
11830.998753547668
400
11917.7767598629
500
12005.703133821487
600
12093.499524116516
Epoch: 20 | Training Loss: 0.044065 | Train ACC: 0.9840
Training complete in 202m 42s
Validation Loss: 3.723088 | Validation ACC: 0.6821
epoch: 1
100
88.16103196144104
200
175.581139087677
300
268.60258412361145
400
363.1270637512207
500
450.89028906822205
600
539.3205890655518
Epoch: 1 | Training Loss: 0.526890 | Train ACC: 0.7753
epoch: 2
100
695.7716107368469
200
783.6068336963654
300
871.36678647995
400
958.9154393672943
500
1046.5476820468903
600
1135.2865641117096
Epoch: 2 | Training Loss: 0.380923 | Train ACC: 0.8434
epoch: 3
100
1293.1951870918274
200
1381.4984800815582
300
1469.3799257278442
400
1557.4608755111694
500
1645.1527457237244
600
1733.4153409004211
Epoch: 3 | Training Loss: 0.310241 | Train ACC: 0.8799
epoch: 4
100
1891.9421033859253
200
1979.7694857120514
300
2067.8341398239136
400
2156.6138832569122
500
2244.5975620746613
600
2333.3980045318604
Epoch: 4 | Training Loss: 0.276096 | Train ACC: 0.8896
epoch: 5
100
2490.8562874794006
200
2577.7341527938843
300
2664.7255098819733
400
2751.817918777466
500
2838.5645594596863
600
2927.1721110343933
Epoch: 5 | Training Loss: 0.235787 | Train ACC: 0.9017
epoch: 6
100
3084.1349642276764
200
3171.685719013214
300
3259.2823309898376
400
3346.0524179935455
500
3432.5234355926514
600
3519.7366211414337
Epoch: 6 | Training Loss: 0.207498 | Train ACC: 0.9141
epoch: 7
100
3675.740638256073
200
3763.0100009441376
300
3850.585459947586
400
3937.6214451789856
500
4024.5919740200043
600
4112.338936805725
Epoch: 7 | Training Loss: 0.178778 | Train ACC: 0.9290
epoch: 8
100
4268.525236606598
200
4355.765187501907
300
4443.658568382263
400
4530.361499071121
500
4617.2341203689575
600
4704.347365617752
Epoch: 8 | Training Loss: 0.167777 | Train ACC: 0.9332
epoch: 9
100
4862.024358510971
200
4948.787035703659
300
5036.312211275101
400
5123.272203922272
500
5210.688442468643
600
5299.793761014938
Epoch: 9 | Training Loss: 0.150877 | Train ACC: 0.9413
epoch: 10
100
5457.63960313797
200
5547.341993570328
300
5635.660982608795
400
5723.291169881821
500
5810.570456027985
600
5898.1325488090515
Epoch: 10 | Training Loss: 0.138458 | Train ACC: 0.9490
epoch: 11
100
6055.235601186752
200
6142.70468044281
300
6230.795081853867
400
6317.722282409668
500
6405.236701011658
600
6491.91792011261
Epoch: 11 | Training Loss: 0.130660 | Train ACC: 0.9518
epoch: 12
100
6649.332816839218
200
6736.216180086136
300
6823.049157381058
400
6909.92046380043
500
6996.735636711121
600
7084.676997184753
Epoch: 12 | Training Loss: 0.109815 | Train ACC: 0.9582
epoch: 13
100
7241.273193359375
200
7328.246278524399
300
7415.1350429058075
400
7501.670357465744
500
7587.878218412399
600
7675.484603643417
Epoch: 13 | Training Loss: 0.111052 | Train ACC: 0.9582
epoch: 14
100
7834.074323177338
200
7920.838565587997
300
8008.083101511002
400
8094.82427573204
500
8182.429831981659
600
8269.875988721848
Epoch: 14 | Training Loss: 0.094033 | Train ACC: 0.9626
epoch: 15
100
8427.794243097305
200
8515.325176239014
300
8604.079294204712
400
8691.267984867096
500
8778.062131166458
600
8866.810990810394
Epoch: 15 | Training Loss: 0.101016 | Train ACC: 0.9586
epoch: 16
100
9022.490713119507
200
9109.076709985733
300
9196.222464323044
400
9283.242326974869
500
9369.837323188782
600
9460.850638628006
Epoch: 16 | Training Loss: 0.084633 | Train ACC: 0.9685
epoch: 17
100
9619.797907590866
200
9707.731313228607
300
9795.885009288788
400
9883.714150428772
500
9972.455213785172
600
10060.806771039963
Epoch: 17 | Training Loss: 0.072192 | Train ACC: 0.9731
epoch: 18
100
10217.74103474617
200
10305.555358171463
300
10393.587080001831
400
10481.246559858322
500
10569.35084271431
600
10657.700017929077
Epoch: 18 | Training Loss: 0.071613 | Train ACC: 0.9735
epoch: 19
100
10814.9515478611
200
10902.32455420494
300
10989.665710449219
400
11076.780987501144
500
11163.681360721588
600
11251.534117221832
Epoch: 19 | Training Loss: 0.069582 | Train ACC: 0.9737
epoch: 20
100
11408.21806383133
200
11495.981325149536
300
11582.778273582458
400
11670.64098238945
500
11756.87348151207
600
11844.861828804016
Epoch: 20 | Training Loss: 0.061699 | Train ACC: 0.9748
Training complete in 198m 35s
Validation Loss: 0.846770 | Validation ACC: 0.8366
epoch: 1
100
87.4564938545227
200
174.99604320526123
300
262.5329930782318
400
349.8038110733032
500
436.99507665634155
600
523.9390332698822
Epoch: 1 | Training Loss: 0.534978 | Train ACC: 0.7639
epoch: 2
100
679.5711343288422
200
766.7203168869019
300
853.4422607421875
400
940.4791927337646
500
1027.1000719070435
600
1113.9294307231903
Epoch: 2 | Training Loss: 0.366558 | Train ACC: 0.8471
epoch: 3
100
1269.5371661186218
200
1356.5308425426483
300
1444.056580066681
400
1532.1151194572449
500
1620.7522871494293
600
1710.915796995163
Epoch: 3 | Training Loss: 0.303706 | Train ACC: 0.8732
epoch: 4
100
1867.2165026664734
200
1955.2964067459106
300
2041.6404190063477
400
2130.4221806526184
500
2218.5687987804413
600
2306.2592997550964
Epoch: 4 | Training Loss: 0.247758 | Train ACC: 0.9040
epoch: 5
100
2463.3016579151154
200
2551.011538505554
300
2638.3223209381104
400
2726.274192094803
500
2814.1532707214355
600
2901.3943815231323
Epoch: 5 | Training Loss: 0.208911 | Train ACC: 0.9159
epoch: 6
100
3058.6412518024445
200
3146.393923997879
300
3233.6235740184784
400
3320.7505197525024
500
3407.673845052719
600
3495.1206233501434
Epoch: 6 | Training Loss: 0.194216 | Train ACC: 0.9264
epoch: 7
100
3652.000240802765
200
3739.520759820938
300
3826.5650475025177
400
3914.1452355384827
500
4001.3220794200897
600
4089.1121294498444
Epoch: 7 | Training Loss: 0.168592 | Train ACC: 0.9339
epoch: 8
100
4246.200365066528
200
4334.214747428894
300
4421.6594405174255
400
4508.951406240463
500
4595.523864030838
600
4682.793704509735
Epoch: 8 | Training Loss: 0.154611 | Train ACC: 0.9378
epoch: 9
100
4837.412999629974
200
4924.5211482048035
300
5012.109685659409
400
5100.77635884285
500
5188.1107223033905
600
5274.498528003693
Epoch: 9 | Training Loss: 0.131311 | Train ACC: 0.9483
epoch: 10
100
5429.96763253212
200
5517.708001375198
300
5605.709296703339
400
5693.315249443054
500
5779.901119709015
600
5866.1200251579285
Epoch: 10 | Training Loss: 0.124920 | Train ACC: 0.9496
epoch: 11
100
6022.632836341858
200
6109.722469806671
300
6196.742788553238
400
6284.5556128025055
500
6372.448316335678
600
6459.520873785019
Epoch: 11 | Training Loss: 0.113110 | Train ACC: 0.9569
epoch: 12
100
6615.148013591766
200
6702.104542255402
300
6789.408646583557
400
6876.622362375259
500
6962.568250179291
600
7049.795736074448
Epoch: 12 | Training Loss: 0.107916 | Train ACC: 0.9579
epoch: 13
100
7205.519787073135
200
7293.573578834534
300
7380.5112817287445
400
7467.304118156433
500
7553.734838008881
600
7641.576632022858
Epoch: 13 | Training Loss: 0.095263 | Train ACC: 0.9632
epoch: 14
100
7798.766672849655
200
7885.534296512604
300
7972.965512514114
400
8060.502028226852
500
8146.436720371246
600
8232.897237062454
Epoch: 14 | Training Loss: 0.088229 | Train ACC: 0.9658
epoch: 15
100
8388.718036413193
200
8477.750212669373
300
8565.68070602417
400
8653.74318933487
500
8741.519588470459
600
8829.89265036583
Epoch: 15 | Training Loss: 0.071097 | Train ACC: 0.9728
epoch: 16
100
8985.75224018097
200
9072.716906309128
300
9159.213747739792
400
9246.10520195961
500
9332.515079975128
600
9418.805778265
Epoch: 16 | Training Loss: 0.068590 | Train ACC: 0.9733
epoch: 17
100
9574.233335733414
200
9661.377120733261
300
9748.098784923553
400
9835.442321062088
500
9921.721716165543
600
10008.77302980423
Epoch: 17 | Training Loss: 0.067087 | Train ACC: 0.9763
epoch: 18
100
10164.637928724289
200
10251.371836900711
300
10338.654039859772
400
10427.143551111221
500
10514.12332034111
600
10600.944281578064
Epoch: 18 | Training Loss: 0.068905 | Train ACC: 0.9739
epoch: 19
100
10756.920767307281
200
10844.95461678505
300
10931.97374510765
400
11018.964413642883
500
11105.951508760452
600
11193.111988544464
Epoch: 19 | Training Loss: 0.056411 | Train ACC: 0.9798
epoch: 20
100
11350.15315914154
200
11437.636210680008
300
11524.927323818207
400
11613.16332244873
500
11701.661931753159
600
11788.257410287857
Epoch: 20 | Training Loss: 0.045481 | Train ACC: 0.9847
Training complete in 197m 37s
Validation Loss: 1.734592 | Validation ACC: 0.7935
kfold preds 0: [1, 2, 0, 0, 2, 0, 2, 1, 1, 0, 0, 0, 0, 1, 0, 1, 2, 1, 0, 2, 1, 0, 2, 1, 1, 2, 0, 0, 0, 0, 0, 1, 1, 0, 0, 0, 0, 1, 0, 0, 1, 0, 2, 1, 0, 2, 2, 0, 0, 0, 1, 1, 0, 0, 1, 0, 0, 2, 0, 0, 1, 1, 0, 0, 0, 0, 1, 0, 0, 0, 0, 2, 1, 0, 0, 0, 1, 2, 1, 0, 0, 0, 1, 0, 0, 0, 1, 0, 0, 0, 0, 0, 2, 1, 0, 0, 0, 0, 0, 1, 0, 0, 0, 1, 1, 0, 0, 1, 1, 0, 0, 0, 2, 0, 0, 1, 1, 0, 0, 1, 0, 0, 0, 0, 2, 0, 1, 0, 0, 1, 2, 2, 0, 1, 1, 0, 0, 2, 0, 0, 1, 0, 1, 1, 0, 1, 0, 1, 0, 1, 0, 2, 0, 0, 2, 0, 1, 0, 2, 1, 1, 0, 1, 0, 2, 0, 0, 2, 0, 0, 1, 0, 0, 0, 1, 1, 0, 1, 1, 0, 1, 1, 0, 2, 0, 1, 1, 0, 1, 0, 2, 1, 0, 0, 0, 1, 2, 0, 0, 2, 0, 2, 2, 2, 0, 1, 0, 0, 0, 0, 1, 0, 0, 0, 0, 1, 0, 2, 0, 1, 1, 1, 0, 1, 0, 2, 0, 0, 0, 0, 0, 0, 0, 0, 2, 1, 0, 1, 1, 0, 0, 1, 2, 1, 0, 0, 1, 0, 2, 0, 0, 0, 0, 2, 2, 1, 2, 0, 1, 0, 0, 1, 0, 2, 0, 0, 0, 0, 1, 0, 1, 1, 0, 0, 0, 2, 0, 0, 0, 2, 2, 0, 1, 1, 0, 1, 0, 0, 2, 0, 2, 1, 1, 0, 0, 0, 0, 0, 1, 2, 0, 0, 0, 1, 2, 0, 0, 0, 0, 0, 0, 2, 0, 0, 2, 0, 0, 2, 0, 0, 0, 0, 0, 0, 0, 0, 0, 1, 1, 0, 1, 0, 0, 1, 1, 0, 2, 0, 0, 2, 0, 0, 1, 0, 0, 0, 0, 0, 0, 0, 0, 1, 0, 2, 0, 0, 0, 2, 1, 1, 1, 1, 0, 1, 0, 1, 0, 1, 0, 1, 1, 1, 0, 1, 2, 0, 0, 0, 0, 0, 1, 0, 0, 0, 0, 0, 1, 2, 1, 0, 0, 0, 1, 1, 0, 0, 1, 0, 0, 0, 0, 2, 0, 1, 1, 1, 0, 0, 0, 0, 0, 0, 0, 0, 0, 1, 0, 1, 0, 0, 1, 0, 1, 0, 1, 1, 1, 1, 0, 1, 0, 1, 1, 0, 1, 0, 0, 1, 0, 0, 1, 0, 2, 0, 1, 0, 2, 2, 1, 0, 2, 2, 0, 0, 1, 2, 1, 1, 2, 0, 0, 0, 0, 1, 1, 0, 0, 0, 1, 1, 1, 1, 0, 0, 0, 2, 0, 0, 1, 0, 0, 1, 0, 1, 0, 0, 1, 0, 2, 0, 0, 1, 0, 0, 0, 2, 1, 0, 2, 1, 2, 0, 2, 0, 0, 2, 1, 2, 2, 1, 1, 1, 1, 1, 0, 1, 2, 1, 0, 1, 1, 1, 0, 0, 1, 1, 1, 0, 0, 0, 2, 0, 1, 0, 0, 2, 1, 1, 2, 2, 0, 1, 2, 0, 2, 1, 2, 0, 0, 2, 1, 0, 0, 2, 0, 0, 0, 2, 1, 1, 0, 0, 1, 0, 1, 1, 0, 0, 0, 0, 0, 0, 0, 0, 1, 0, 2, 1, 1, 1, 1, 1, 0, 0, 1, 0, 0, 2, 1, 2, 1, 2, 0, 2, 1, 0, 0, 0, 0, 0, 0, 0, 1, 2, 0, 0, 0, 2, 1, 0, 0, 0, 2, 0, 0, 2, 2, 1, 0, 0, 0, 1, 2, 0, 1, 0, 2, 0, 1, 0, 0, 2, 0, 0, 0, 1, 2, 0, 0, 1, 2, 1, 0, 1, 1, 0, 2, 0, 1, 0, 0, 0, 0, 0, 0, 0, 1, 0, 0, 0, 0, 2, 0, 2, 0, 0, 0, 0, 0, 1, 2, 0, 0, 0, 0, 2, 2, 0, 1, 2, 0, 1, 1, 0, 1, 0, 0, 1, 0, 0, 0, 0, 0, 1, 0, 0, 2, 1, 1, 0, 2, 0, 0, 0, 2, 0, 1, 0, 0, 0, 0, 0, 0, 0, 2, 0, 0, 2, 1, 0, 0, 0, 2, 0, 0, 1, 1, 0, 1, 0, 0, 0, 0, 0, 1, 1, 0, 2, 0, 2, 2, 1, 1, 2, 1, 2, 0, 1, 0, 1, 1, 2, 0, 2, 0, 0, 0, 0, 0, 0, 1, 1, 0, 0, 0, 0, 2, 1, 0, 2, 0, 0, 2, 0, 1, 0, 1, 1, 1, 0, 0, 0, 0, 2, 0, 1, 0, 0, 0, 2, 0, 1, 0, 0, 0, 1, 1, 1, 0, 1, 2, 0, 0, 0, 1, 2, 0, 0, 0, 1, 1, 2, 0, 1, 0, 1, 1, 1, 0, 0, 2, 1, 0, 2, 0, 1, 2, 0, 1, 0, 1, 2, 1, 0, 2, 0, 0, 0, 1, 0, 0, 2, 0, 2, 0, 0, 0, 2, 0, 2, 2, 0, 2, 1, 0, 0, 0, 0, 1, 0, 0, 2, 1, 1, 1, 2, 2, 2, 0, 1, 0, 0, 1, 0, 2, 0, 0, 0, 0, 2, 0, 0, 0, 0, 2, 0, 0, 2, 1, 0, 0, 0, 1, 2, 0, 0, 1, 1, 0, 0, 0, 0, 0, 1, 1, 1, 1, 1, 1, 0, 1, 1, 0, 0, 0, 0, 2, 0, 0, 0, 2, 0, 1, 0, 0, 0, 1, 1, 2, 0, 1, 0, 1, 1, 0, 0, 0, 1, 0, 0, 2, 0, 1, 1, 0, 0, 0, 0, 0, 1, 1, 0, 0, 0, 2, 0, 0, 2, 0, 0, 0, 0, 0, 0, 0, 1, 0, 1, 0, 2, 0, 2, 1, 1, 0, 0, 0, 0, 0, 1, 0, 0, 1, 0, 1, 0, 1, 0, 0, 1, 0, 1, 1, 0, 0, 0, 0, 1, 2, 0, 0, 1, 2, 0, 1, 0, 2, 2, 1, 0, 0, 0, 2, 0, 1, 0, 0, 0, 1, 2, 2, 1, 2, 0, 1, 1, 2, 0, 0, 0, 1, 2, 0, 0, 2, 0, 0, 0, 2, 2, 0, 0, 0, 0, 0, 0, 0, 0, 1, 0, 0, 1, 0, 0, 2, 0, 0, 0, 0, 2, 0, 0, 1, 0, 1, 0, 1, 1, 2, 0, 0, 2, 1, 0, 0, 0, 1, 2, 0, 0, 0, 1, 0, 1, 0, 0, 0, 1, 0, 0, 0, 0, 0, 0, 2, 1, 0, 0, 0, 0, 0, 0, 0, 2, 2, 2, 1, 0, 0, 2, 0, 1, 0, 2, 1, 0, 0, 0, 1, 1, 0, 2, 1, 0, 0, 0, 0, 0, 2, 1, 0, 1, 2, 2, 1, 0, 0, 0, 2, 0, 1, 2, 1, 1, 0, 2, 0, 0, 2, 1, 2, 0, 0, 0, 0, 2, 1, 0, 0, 0, 2, 0, 0, 0, 1, 0, 0, 0, 0, 0, 0, 0, 0, 0, 1, 0, 2, 1, 2, 1, 1, 1, 0, 2, 1, 2, 2, 0, 0, 1, 1, 0, 0, 1, 1, 0, 0, 0, 1, 0, 2, 2, 0, 1, 2, 1, 1, 0, 0, 0, 0, 1, 0, 0, 1, 0, 1, 2, 0, 0, 0, 0, 1, 1, 1, 2, 0, 2, 0, 0, 1, 1, 2, 0, 0, 1, 2, 0, 0, 1, 0, 0, 1, 0, 0, 0, 2, 0, 0, 1, 1, 0, 2, 2, 0, 0, 0, 2, 0, 0, 0, 1, 2, 2, 1, 1, 0, 0, 0, 0, 0, 1, 0, 0, 0, 0, 2, 0, 0, 1, 2, 0, 0, 0, 0, 0, 0, 0, 0, 0, 0, 2, 2, 0, 1, 1, 2, 0, 2, 0, 0, 2, 0, 0, 0, 1, 1, 1, 2, 2, 0, 2, 1, 0, 2, 0, 0, 0, 1, 0, 0, 0, 1, 0, 0, 0, 1, 0, 0, 2, 0, 2, 0, 1, 0, 1, 2, 0, 0, 2, 1, 1, 0, 1, 0, 0, 1, 1, 2, 2, 0, 0, 1, 1, 0, 0, 0, 1, 1, 0, 0, 1, 0, 0, 1, 0, 0, 1, 1, 0, 0, 2, 1, 1, 2, 0, 0, 0, 0, 2, 0, 1, 1, 0, 1, 1, 0, 2, 2, 1, 0, 0, 2, 1, 1, 0, 1, 0, 1, 0, 0, 0, 0, 2, 0, 0, 0, 0, 0, 0, 0, 1, 0, 0, 2, 2, 0, 2, 0, 0, 2, 0, 1, 2, 0, 2, 0, 0, 1, 0, 0, 2, 0, 0, 1, 2, 0, 0, 0, 2, 0, 0, 2, 2, 0, 1, 1, 2, 2, 1, 2, 0, 0, 2, 0, 0, 0, 0, 2, 0, 0, 0, 0, 0, 1, 1, 1, 0, 2, 0, 0, 0, 2, 0, 0, 0, 1, 1, 0, 2, 0, 2, 0, 1, 0, 1, 0, 0, 1, 0, 1, 2, 2, 0, 0, 2, 0, 0, 0, 0, 2, 0, 1, 1, 0, 1, 0, 0, 0, 0, 2, 2, 0, 0, 0, 1, 1, 0, 1, 0, 0, 0, 0, 1, 0, 0, 0, 2, 1, 0, 2, 1, 0, 0, 2, 0, 0, 0, 0, 0, 1, 0, 0, 0, 0, 1, 1, 1, 2, 1, 0, 0, 0, 0, 0, 0, 1, 1, 0, 0, 2, 0, 0, 0, 1, 1, 0, 0, 0, 0, 1, 0, 1, 2, 0, 2, 0, 2, 0, 0, 0, 1, 0, 2, 1, 1, 0, 0, 2, 0, 0, 0, 1, 2, 1, 1, 2, 0, 0, 0, 0, 0, 1, 0, 0, 1, 1, 2, 0, 0, 0, 2, 0, 2, 0, 0, 0, 0, 0, 2, 2, 1, 2, 0, 0, 1, 0, 1, 0, 0, 0, 0, 2, 0, 0, 1, 1, 0, 0, 0, 1, 0, 0, 1, 1, 2, 1, 0, 1, 1, 2, 1, 0, 2, 0, 1, 0, 1, 1, 0, 0, 2, 1, 2, 0, 0, 0, 1, 1, 1, 1, 0, 0, 0, 1, 1, 1, 0, 0, 0, 2, 1, 0, 2, 0, 0, 0, 0, 0, 0, 0, 0, 1, 2, 1, 2, 1, 0, 0, 1, 0, 2, 0, 1, 0, 1, 0, 1, 0, 1, 2, 1, 1, 0, 0, 1, 1, 1, 2, 1, 0, 0, 1, 2, 2, 1, 0, 0, 0, 0, 1, 0, 0, 1, 1, 0, 0, 0, 0, 2, 0, 1, 2, 2, 0, 0, 0, 1, 2, 0, 0, 0, 0, 1, 1, 0, 0, 1, 0, 1, 0, 0, 1, 0, 2, 0, 0, 0, 0, 0, 1, 0, 0, 1, 2, 0, 0, 0, 0, 0, 2, 0, 0, 0, 2, 0, 0, 0, 0, 0, 0, 0, 2, 2, 0, 0, 0, 0, 1, 0, 0, 0, 1, 1, 0, 0, 2, 2, 0, 1, 0, 0, 1, 0, 0, 0, 0, 0, 0, 0, 1, 0, 0, 0, 0, 0, 2, 0, 2, 2, 0, 1, 1, 1, 1, 0, 0, 0, 2, 0, 2, 2, 2, 0, 2, 2, 2, 1, 0, 0, 0, 0, 0, 0, 0, 0, 0, 0, 0, 0, 0, 0, 0, 1, 2, 2, 0, 0, 1, 0, 0, 1, 0, 1, 0, 1, 2, 0, 0, 0, 0, 2, 0, 1, 0, 0, 0, 2, 1, 0, 1, 1, 0, 1, 2, 0, 0, 1, 2, 1, 2, 1, 0, 2, 2, 0, 0, 2, 0, 0, 2, 0, 1, 2, 0, 2, 1, 2, 2, 0, 1, 0, 1, 0, 0, 0, 1, 2, 0, 2, 1, 2, 1, 0, 0, 1, 1, 0, 0, 1, 0, 0, 2, 2, 0, 0, 0, 2, 1, 0, 0, 0, 0, 1, 2, 1, 2, 1, 1, 0, 1, 2, 1, 0, 0, 1, 0, 1, 0, 0, 0, 1, 0, 0, 2, 1, 2, 0, 1, 2, 0, 0, 0, 0, 0, 2, 0, 1, 0, 0, 0, 1, 2, 0, 0, 1, 1, 1, 0, 0, 0, 0, 0, 0, 0, 0, 1, 0, 0, 2, 0, 0, 0, 0, 0, 1, 0, 2, 0, 0, 0, 1, 0, 0, 0, 0, 0, 0, 0, 0, 1, 0, 1, 1, 1, 2, 2, 1, 1, 2, 0, 2, 1, 1, 0, 2, 0, 1, 2, 1, 1, 0, 0, 0, 2, 0, 0, 2, 0, 2, 1, 0, 1, 1, 1, 0, 2, 2, 0, 0, 1, 0, 1, 1, 1, 0, 1, 0, 0, 1, 0, 0, 1, 2, 0, 1, 0, 0, 0, 0, 0, 1, 0, 0, 2, 2, 0, 2, 0, 0, 0, 2, 1, 2, 0, 2, 0, 0, 0, 1, 2, 1, 0, 1, 0, 1, 1, 2, 0, 0, 0, 1, 0, 0, 0, 0, 0, 1, 0, 1, 0, 0, 0, 0, 0, 0, 2, 1, 0, 0, 0, 1, 0, 0, 0, 2, 0, 1, 0, 1, 1, 0, 2, 0, 0, 1, 2, 0, 1, 1, 0, 0, 0, 1, 2, 0, 2, 1, 1, 1, 0, 0, 0, 2, 0, 0, 1, 0, 1, 0, 0, 1, 1, 0, 2, 1, 0, 1, 0, 1, 0, 1, 1, 1, 0, 0, 1, 0, 0, 2, 0, 1, 0, 1, 0, 0, 2, 0, 0, 1, 2, 0, 1, 1, 0, 0, 0, 0, 0, 0, 0, 0, 2, 0, 2, 0, 0, 2, 0, 2, 0, 0, 0, 0, 1, 0, 0, 1, 1, 0, 0, 0, 0, 2, 0, 0, 0, 0, 2, 0, 2, 2, 0, 0, 1, 0, 1, 2, 1, 1, 2, 0, 1, 0, 0, 0, 1, 0, 0, 0, 1, 1, 2, 0, 0, 0, 1, 0, 2, 0, 0, 0, 0, 0, 0, 0, 0, 0, 0, 2, 0, 2, 0, 1, 0, 0, 2, 1, 1, 0, 0, 1, 0, 2, 1, 2, 0, 0, 1, 0, 1, 0, 1, 0, 0, 0, 0, 0, 0, 2, 0, 2, 2, 0, 0, 2, 2, 0, 0, 1, 2, 0, 0, 0, 2, 0, 1, 2, 0, 0, 0, 2, 0, 0, 0, 0, 0, 2, 0, 2, 1, 0, 2, 0, 0, 0, 0, 1, 0, 0, 0, 2, 0, 2, 0, 0, 1, 0, 2, 0, 0, 1, 1, 1, 1, 1, 0, 2, 1, 2, 0, 0, 1, 0, 1, 0, 1, 2, 1, 0, 0, 0, 0, 0, 0, 1, 1, 1, 0, 2, 0, 0, 2, 1, 0, 1, 0, 0, 2, 2, 1, 2, 0, 0, 1, 0, 1, 2, 1, 0, 1, 1, 2, 2, 0, 1, 0, 2, 1, 1, 2, 0, 2, 1, 0, 0, 1, 0, 1, 1, 0, 0, 0, 0, 0, 2, 1, 0, 2, 0, 0, 0, 0, 2, 0, 0, 1, 0, 0, 2, 1, 0, 0, 0, 1, 0, 0, 2, 2, 0, 0, 2, 1, 0, 0, 0, 2, 1, 0, 0, 1, 0, 0, 0, 0, 0, 0, 0, 1, 1, 2, 0, 0, 0, 2, 1, 0, 1, 0, 2, 1, 1, 0, 0, 0, 0, 0, 0, 0, 0, 0, 2, 1, 2, 0, 2, 0, 0, 2, 0, 0, 2, 0, 1, 2, 0, 0, 0, 0, 0, 0, 2, 2, 1, 0, 1, 0, 1, 0, 1, 0, 1, 2, 0, 0, 0, 1, 1, 2, 0, 0, 0, 0, 2, 1, 0, 0, 1, 0, 1, 2, 1, 1, 0, 2, 1, 2, 2, 0, 0, 0, 0, 0, 1, 0, 1, 0, 0, 2, 0, 0, 0, 0, 0, 1, 1, 0, 1, 0, 2, 2, 1, 0, 0, 0, 0, 0, 1, 1, 0, 1, 1, 1, 0, 0, 0, 0, 0, 2, 1, 0, 1, 0, 2, 1, 1, 1, 1, 1, 0, 1, 2, 1, 0, 0, 2, 1, 0, 2, 0, 0, 2, 2, 0, 1, 1, 0, 1, 2, 1, 1, 0, 1, 0, 0, 0, 0, 0, 0, 0, 0, 2, 1, 0, 0, 1, 1, 1, 0, 0, 2, 1, 0, 0, 0, 0, 0, 0, 2, 0, 0, 0, 1, 1, 0, 0, 2, 1, 0, 0, 1, 0, 1, 1, 0, 0, 1, 1, 1, 1, 2, 0, 0, 1, 0, 1, 2, 0, 0, 2, 0, 1, 0, 2, 0, 0, 1, 0, 0, 0, 1, 1, 0, 1, 0, 0, 0, 0]
kfold targets 0: [1, 2, 0, 0, 2, 0, 1, 1, 1, 0, 0, 0, 0, 2, 0, 1, 2, 1, 1, 2, 1, 0, 2, 2, 1, 0, 2, 0, 0, 0, 0, 2, 2, 0, 0, 0, 0, 1, 1, 0, 2, 0, 1, 2, 0, 1, 1, 1, 0, 0, 2, 1, 0, 0, 2, 0, 0, 1, 0, 0, 1, 1, 2, 0, 0, 0, 1, 0, 0, 0, 0, 1, 1, 0, 0, 0, 2, 1, 1, 0, 0, 0, 2, 0, 0, 0, 1, 0, 0, 0, 1, 1, 2, 1, 0, 0, 0, 0, 0, 1, 0, 0, 0, 1, 1, 0, 0, 2, 2, 0, 0, 0, 2, 0, 2, 2, 2, 0, 2, 2, 0, 0, 0, 0, 1, 0, 1, 0, 0, 2, 2, 2, 1, 2, 2, 0, 0, 1, 0, 0, 1, 0, 1, 2, 0, 2, 2, 1, 0, 2, 1, 2, 0, 0, 1, 0, 1, 0, 1, 1, 2, 0, 2, 0, 1, 0, 0, 1, 0, 1, 2, 0, 0, 0, 2, 1, 0, 2, 2, 0, 1, 1, 0, 1, 0, 1, 2, 0, 2, 0, 2, 1, 0, 0, 2, 2, 2, 0, 0, 1, 0, 2, 2, 2, 0, 2, 2, 2, 0, 0, 2, 0, 0, 0, 0, 2, 0, 2, 0, 2, 1, 2, 0, 2, 2, 2, 0, 0, 1, 0, 0, 2, 0, 0, 2, 1, 0, 2, 1, 0, 0, 1, 2, 2, 0, 0, 1, 0, 1, 0, 0, 0, 0, 2, 1, 2, 1, 0, 2, 0, 0, 1, 0, 2, 0, 1, 0, 0, 2, 0, 2, 2, 1, 0, 0, 1, 0, 0, 0, 2, 1, 0, 1, 2, 0, 2, 0, 1, 1, 0, 1, 2, 1, 0, 0, 0, 0, 0, 2, 2, 0, 2, 0, 2, 2, 0, 0, 0, 0, 0, 0, 1, 0, 0, 2, 0, 0, 2, 0, 0, 0, 0, 0, 0, 0, 0, 0, 1, 1, 0, 1, 0, 0, 2, 1, 0, 2, 2, 0, 0, 1, 0, 1, 1, 0, 2, 0, 2, 0, 0, 0, 1, 0, 1, 0, 0, 0, 1, 2, 1, 1, 2, 0, 1, 0, 2, 0, 1, 0, 2, 1, 2, 0, 2, 2, 0, 1, 0, 0, 0, 2, 0, 2, 0, 0, 0, 1, 2, 1, 0, 0, 0, 1, 2, 0, 0, 0, 0, 0, 0, 1, 1, 0, 1, 2, 2, 0, 0, 2, 0, 1, 0, 0, 0, 1, 1, 0, 1, 0, 2, 2, 0, 2, 0, 1, 2, 2, 1, 0, 2, 0, 2, 1, 0, 2, 0, 0, 2, 0, 0, 2, 0, 1, 0, 1, 0, 2, 1, 1, 0, 1, 2, 0, 1, 1, 2, 2, 2, 2, 0, 0, 0, 0, 2, 0, 0, 0, 2, 1, 1, 1, 2, 0, 0, 0, 1, 0, 0, 1, 0, 0, 1, 0, 1, 0, 1, 1, 0, 2, 0, 0, 1, 0, 0, 0, 2, 2, 0, 1, 2, 2, 0, 2, 0, 0, 2, 2, 1, 1, 2, 2, 1, 2, 1, 0, 1, 2, 2, 0, 2, 2, 1, 2, 0, 2, 2, 2, 0, 0, 2, 2, 0, 1, 0, 0, 2, 1, 2, 1, 2, 0, 1, 1, 1, 1, 1, 1, 0, 1, 2, 1, 0, 1, 2, 2, 0, 0, 2, 2, 1, 0, 2, 1, 0, 2, 1, 0, 0, 2, 1, 0, 0, 0, 0, 2, 2, 2, 2, 1, 1, 1, 1, 0, 0, 2, 0, 0, 1, 2, 1, 1, 1, 0, 2, 2, 0, 0, 0, 0, 0, 0, 0, 1, 1, 0, 1, 0, 1, 1, 0, 2, 0, 2, 0, 0, 2, 2, 2, 0, 0, 0, 1, 2, 0, 2, 0, 1, 0, 2, 0, 0, 1, 1, 2, 0, 1, 1, 0, 0, 2, 1, 2, 0, 2, 2, 2, 1, 0, 2, 2, 0, 0, 0, 1, 2, 0, 2, 0, 0, 0, 2, 1, 0, 2, 0, 1, 0, 0, 0, 2, 2, 1, 0, 0, 0, 2, 1, 0, 2, 2, 1, 2, 1, 0, 2, 0, 0, 2, 0, 0, 0, 0, 0, 2, 0, 0, 2, 2, 2, 0, 2, 0, 0, 1, 1, 0, 2, 0, 0, 0, 0, 0, 0, 0, 2, 0, 0, 2, 1, 0, 0, 0, 2, 1, 0, 2, 2, 0, 1, 0, 0, 0, 1, 0, 1, 1, 2, 1, 0, 2, 2, 1, 1, 1, 1, 1, 0, 2, 0, 1, 2, 2, 0, 1, 0, 2, 0, 0, 0, 0, 2, 2, 0, 0, 0, 2, 1, 2, 0, 0, 0, 0, 2, 1, 1, 0, 1, 2, 1, 0, 0, 1, 0, 1, 0, 2, 0, 0, 0, 1, 0, 2, 0, 2, 0, 2, 1, 2, 0, 2, 2, 0, 0, 1, 2, 1, 0, 0, 2, 1, 1, 2, 2, 2, 0, 2, 1, 2, 0, 0, 2, 2, 0, 1, 0, 2, 1, 0, 2, 1, 1, 1, 1, 0, 1, 2, 0, 0, 1, 0, 0, 1, 2, 1, 0, 0, 0, 1, 0, 2, 2, 2, 2, 2, 0, 0, 0, 0, 2, 0, 0, 1, 1, 2, 1, 2, 1, 2, 0, 2, 0, 0, 1, 0, 2, 0, 0, 0, 0, 2, 0, 0, 0, 0, 1, 0, 0, 2, 1, 0, 0, 0, 1, 1, 2, 0, 2, 1, 0, 0, 0, 0, 0, 2, 1, 2, 2, 0, 2, 0, 2, 1, 0, 2, 0, 0, 2, 0, 1, 0, 2, 0, 2, 0, 0, 0, 2, 2, 1, 0, 2, 0, 2, 1, 0, 0, 0, 2, 0, 0, 0, 0, 2, 2, 0, 0, 0, 0, 0, 2, 2, 1, 0, 0, 2, 0, 0, 1, 0, 0, 0, 0, 0, 0, 0, 2, 0, 2, 0, 1, 0, 1, 1, 2, 2, 2, 0, 0, 0, 1, 0, 0, 1, 0, 2, 0, 0, 0, 0, 2, 0, 1, 2, 0, 0, 2, 0, 2, 2, 0, 0, 1, 1, 0, 2, 0, 1, 2, 2, 0, 0, 0, 1, 0, 1, 2, 0, 2, 1, 2, 2, 2, 2, 0, 2, 2, 2, 0, 0, 0, 1, 1, 2, 0, 2, 0, 0, 0, 2, 1, 0, 0, 2, 0, 1, 0, 0, 0, 2, 0, 0, 1, 0, 0, 1, 0, 0, 0, 0, 2, 0, 0, 1, 0, 1, 0, 2, 1, 2, 0, 0, 1, 2, 0, 1, 0, 1, 2, 0, 0, 0, 2, 0, 1, 0, 0, 0, 2, 0, 0, 2, 0, 0, 0, 1, 1, 0, 0, 1, 0, 0, 0, 0, 1, 2, 2, 1, 0, 0, 1, 0, 2, 0, 1, 1, 0, 0, 0, 2, 1, 2, 1, 2, 0, 0, 1, 0, 0, 2, 1, 0, 1, 1, 1, 1, 0, 0, 0, 1, 0, 1, 2, 2, 1, 0, 1, 2, 0, 2, 2, 2, 0, 0, 0, 2, 2, 2, 0, 1, 0, 1, 0, 0, 0, 1, 0, 0, 0, 0, 1, 2, 0, 0, 0, 2, 0, 2, 1, 2, 2, 1, 1, 0, 1, 1, 2, 0, 2, 0, 1, 2, 0, 0, 1, 1, 0, 0, 0, 1, 0, 2, 2, 0, 2, 1, 1, 2, 0, 0, 0, 0, 1, 0, 2, 2, 0, 1, 2, 0, 1, 0, 2, 1, 1, 1, 2, 0, 2, 0, 0, 2, 1, 2, 2, 0, 2, 1, 0, 2, 2, 0, 0, 1, 0, 0, 0, 2, 2, 0, 2, 2, 0, 1, 1, 0, 0, 0, 1, 0, 0, 2, 2, 2, 1, 1, 1, 0, 2, 0, 2, 2, 1, 0, 0, 2, 0, 1, 0, 0, 1, 1, 0, 0, 0, 0, 0, 1, 1, 0, 2, 0, 1, 2, 0, 2, 2, 2, 0, 1, 0, 2, 2, 0, 0, 0, 2, 2, 2, 2, 2, 0, 1, 1, 2, 2, 0, 0, 1, 1, 0, 0, 0, 2, 0, 2, 0, 1, 0, 1, 2, 0, 2, 0, 1, 0, 1, 1, 0, 0, 1, 1, 2, 0, 2, 0, 1, 1, 2, 2, 2, 2, 0, 2, 2, 0, 0, 0, 2, 2, 2, 0, 2, 0, 0, 2, 0, 0, 1, 2, 1, 0, 2, 1, 2, 1, 0, 0, 0, 0, 2, 0, 1, 2, 0, 1, 1, 0, 1, 1, 2, 0, 0, 1, 2, 1, 0, 1, 0, 1, 2, 2, 0, 1, 1, 0, 2, 0, 0, 0, 0, 0, 2, 0, 0, 2, 1, 0, 1, 0, 0, 2, 0, 2, 1, 0, 2, 0, 0, 1, 0, 0, 1, 2, 0, 1, 2, 0, 0, 0, 2, 0, 0, 1, 1, 0, 2, 1, 2, 2, 1, 2, 0, 0, 2, 0, 0, 1, 0, 1, 0, 0, 0, 0, 0, 2, 1, 2, 0, 2, 0, 0, 1, 1, 0, 0, 0, 2, 2, 0, 2, 0, 2, 0, 1, 0, 2, 0, 0, 2, 0, 1, 1, 1, 0, 0, 1, 0, 0, 0, 0, 2, 0, 2, 2, 0, 1, 0, 0, 2, 0, 2, 1, 0, 0, 0, 2, 2, 2, 1, 0, 0, 2, 0, 2, 0, 0, 2, 2, 1, 0, 1, 2, 2, 0, 2, 0, 0, 0, 0, 0, 2, 2, 0, 0, 0, 2, 1, 1, 1, 2, 0, 1, 2, 0, 0, 2, 1, 2, 0, 0, 2, 0, 0, 0, 2, 2, 0, 0, 0, 0, 2, 0, 2, 1, 0, 1, 2, 1, 0, 0, 0, 1, 0, 2, 2, 2, 0, 0, 2, 2, 0, 0, 1, 1, 1, 1, 1, 0, 0, 0, 0, 0, 2, 0, 0, 1, 1, 2, 0, 0, 0, 2, 0, 2, 0, 0, 0, 2, 0, 0, 1, 2, 1, 2, 0, 1, 1, 1, 0, 0, 0, 0, 1, 2, 2, 1, 1, 0, 0, 0, 2, 0, 1, 1, 2, 2, 1, 0, 1, 1, 2, 1, 0, 2, 0, 2, 0, 1, 1, 0, 0, 1, 1, 2, 0, 0, 0, 1, 1, 1, 1, 0, 1, 0, 2, 1, 2, 0, 0, 0, 1, 1, 0, 2, 0, 0, 2, 2, 0, 0, 0, 0, 2, 1, 2, 1, 2, 0, 0, 1, 0, 1, 0, 2, 0, 2, 0, 1, 0, 1, 0, 2, 2, 0, 0, 1, 1, 1, 1, 2, 0, 0, 1, 2, 0, 1, 2, 0, 0, 0, 2, 0, 0, 1, 1, 0, 0, 0, 0, 0, 0, 1, 1, 2, 0, 0, 1, 2, 1, 0, 0, 0, 0, 2, 1, 0, 0, 2, 0, 1, 0, 0, 1, 0, 1, 0, 0, 0, 0, 0, 1, 0, 0, 2, 1, 1, 0, 0, 0, 0, 2, 2, 0, 0, 0, 0, 0, 0, 0, 0, 0, 0, 1, 1, 0, 0, 1, 0, 2, 0, 0, 0, 1, 1, 0, 0, 1, 1, 0, 1, 0, 2, 2, 0, 2, 0, 0, 0, 2, 0, 2, 0, 1, 0, 0, 0, 2, 0, 1, 1, 0, 2, 2, 2, 1, 1, 0, 0, 2, 1, 1, 1, 1, 0, 1, 1, 0, 2, 0, 0, 0, 0, 0, 0, 0, 0, 2, 0, 2, 0, 1, 0, 0, 2, 1, 2, 2, 0, 1, 2, 0, 2, 0, 2, 0, 2, 1, 1, 0, 0, 2, 2, 1, 1, 0, 0, 0, 2, 2, 0, 1, 2, 0, 2, 2, 0, 0, 2, 1, 1, 1, 1, 0, 2, 2, 0, 0, 2, 1, 2, 1, 0, 2, 1, 2, 1, 2, 1, 2, 0, 1, 1, 1, 0, 1, 0, 1, 2, 2, 2, 1, 2, 2, 0, 0, 1, 2, 0, 1, 1, 0, 0, 1, 2, 0, 0, 0, 1, 1, 0, 0, 0, 2, 1, 2, 1, 2, 1, 2, 0, 2, 2, 2, 0, 0, 2, 0, 1, 0, 0, 0, 1, 0, 0, 1, 0, 1, 0, 1, 1, 0, 0, 1, 0, 0, 1, 0, 2, 0, 0, 0, 1, 2, 0, 0, 2, 1, 1, 0, 0, 2, 0, 0, 0, 0, 0, 1, 2, 0, 1, 0, 0, 0, 0, 0, 1, 0, 1, 0, 2, 1, 2, 0, 0, 0, 0, 2, 0, 0, 0, 1, 0, 1, 2, 2, 1, 2, 1, 1, 1, 0, 1, 1, 1, 0, 1, 0, 2, 2, 2, 2, 0, 0, 2, 2, 0, 0, 2, 0, 1, 2, 0, 0, 1, 1, 0, 1, 2, 0, 0, 2, 0, 2, 1, 2, 0, 2, 0, 0, 1, 0, 0, 2, 0, 0, 0, 0, 0, 0, 0, 1, 1, 0, 0, 1, 2, 0, 1, 0, 2, 0, 1, 2, 2, 0, 1, 0, 0, 0, 1, 1, 1, 0, 2, 0, 2, 1, 2, 0, 0, 1, 2, 0, 0, 0, 2, 0, 2, 0, 1, 0, 0, 0, 0, 0, 2, 1, 1, 0, 0, 2, 2, 0, 0, 0, 2, 0, 2, 0, 1, 2, 0, 1, 0, 0, 1, 1, 1, 1, 1, 0, 0, 0, 2, 1, 0, 1, 1, 2, 1, 0, 0, 0, 1, 0, 0, 1, 0, 0, 0, 2, 2, 1, 0, 2, 1, 0, 2, 2, 1, 1, 1, 2, 1, 2, 0, 1, 0, 0, 1, 0, 2, 0, 2, 0, 0, 2, 0, 0, 2, 1, 0, 2, 1, 2, 0, 0, 0, 0, 0, 0, 0, 2, 0, 2, 0, 0, 1, 0, 1, 0, 0, 0, 0, 1, 0, 0, 2, 1, 0, 0, 0, 2, 2, 0, 0, 0, 2, 2, 0, 2, 2, 1, 0, 2, 0, 2, 1, 2, 2, 1, 0, 2, 0, 0, 0, 1, 0, 0, 0, 2, 2, 2, 1, 0, 0, 2, 1, 2, 0, 0, 0, 0, 0, 0, 0, 0, 0, 0, 2, 0, 2, 0, 1, 0, 0, 2, 1, 2, 0, 0, 1, 1, 2, 1, 1, 0, 0, 1, 0, 2, 0, 2, 2, 0, 1, 0, 0, 2, 2, 0, 2, 1, 0, 0, 1, 2, 0, 0, 2, 0, 0, 0, 0, 2, 1, 2, 1, 1, 0, 2, 1, 0, 1, 1, 1, 0, 0, 2, 2, 1, 0, 1, 0, 0, 0, 1, 1, 0, 0, 0, 2, 0, 2, 0, 0, 2, 0, 1, 2, 0, 1, 1, 2, 1, 1, 0, 1, 1, 1, 0, 0, 1, 0, 1, 0, 2, 2, 2, 0, 0, 1, 0, 2, 2, 1, 1, 2, 0, 2, 0, 0, 1, 2, 0, 2, 2, 0, 2, 1, 2, 1, 2, 2, 1, 0, 2, 2, 1, 0, 1, 1, 1, 2, 1, 2, 0, 2, 1, 2, 2, 0, 1, 1, 0, 0, 2, 0, 1, 1, 0, 2, 0, 2, 0, 2, 1, 2, 1, 0, 0, 0, 0, 1, 0, 1, 2, 0, 0, 2, 1, 0, 0, 0, 1, 0, 0, 1, 1, 0, 0, 1, 2, 2, 0, 0, 1, 1, 0, 0, 2, 0, 0, 0, 0, 0, 0, 0, 2, 1, 2, 2, 0, 0, 2, 1, 0, 1, 0, 2, 1, 1, 2, 0, 0, 0, 0, 0, 0, 0, 0, 1, 2, 2, 1, 1, 0, 0, 2, 0, 2, 2, 0, 2, 1, 0, 2, 2, 1, 0, 2, 1, 1, 2, 0, 1, 0, 2, 0, 2, 0, 1, 1, 2, 0, 0, 1, 2, 2, 0, 2, 1, 0, 2, 1, 0, 0, 2, 0, 2, 1, 1, 2, 0, 2, 1, 1, 2, 0, 0, 0, 0, 0, 1, 0, 1, 2, 0, 2, 0, 0, 2, 0, 2, 2, 2, 0, 1, 0, 1, 2, 0, 0, 0, 0, 1, 0, 1, 1, 0, 1, 1, 2, 0, 0, 0, 0, 0, 2, 2, 0, 1, 0, 2, 2, 2, 1, 2, 1, 0, 1, 2, 2, 0, 0, 2, 2, 0, 2, 0, 1, 1, 2, 0, 1, 2, 0, 2, 1, 1, 1, 1, 1, 0, 0, 0, 2, 1, 0, 0, 0, 2, 1, 0, 0, 1, 2, 1, 0, 0, 2, 2, 0, 0, 0, 0, 0, 0, 1, 0, 0, 0, 2, 1, 0, 0, 1, 1, 0, 0, 2, 0, 1, 2, 0, 0, 2, 2, 2, 1, 1, 0, 0, 1, 0, 2, 1, 0, 0, 1, 0, 2, 0, 0, 2, 0, 2, 0, 0, 0, 2, 1, 1, 2, 0, 0, 0, 0]
0.6821192052980133
array([[1276,    9,   15],
       [ 100,  352,  227],
       [ 146,  367,  226]])
kfold preds 1: [2, 2, 0, 0, 1, 1, 2, 0, 2, 2, 0, 2, 2, 2, 0, 2, 2, 2, 0, 0, 0, 0, 2, 2, 0, 1, 0, 2, 1, 2, 0, 0, 0, 0, 2, 0, 1, 0, 0, 0, 2, 0, 2, 2, 0, 0, 2, 2, 2, 0, 0, 0, 2, 0, 1, 0, 2, 0, 2, 0, 1, 0, 2, 0, 0, 0, 0, 2, 0, 0, 0, 1, 0, 1, 2, 0, 2, 2, 2, 0, 2, 0, 2, 2, 2, 0, 2, 0, 2, 1, 1, 2, 2, 2, 0, 0, 2, 2, 0, 0, 0, 0, 1, 0, 2, 0, 1, 0, 0, 0, 2, 2, 2, 0, 0, 2, 0, 0, 2, 0, 2, 2, 0, 1, 2, 0, 0, 0, 0, 0, 2, 2, 1, 0, 2, 0, 0, 1, 0, 0, 0, 0, 2, 2, 2, 2, 1, 2, 0, 2, 1, 2, 0, 1, 0, 2, 0, 2, 0, 2, 0, 0, 2, 2, 2, 0, 0, 2, 0, 0, 2, 0, 0, 0, 1, 0, 0, 2, 2, 0, 0, 2, 1, 2, 0, 2, 2, 0, 0, 0, 2, 1, 2, 2, 1, 0, 2, 0, 0, 2, 1, 2, 1, 2, 2, 2, 2, 1, 0, 0, 1, 1, 2, 0, 0, 0, 2, 2, 1, 1, 0, 0, 0, 1, 2, 1, 2, 2, 0, 2, 0, 2, 1, 0, 1, 2, 0, 0, 2, 2, 0, 2, 2, 0, 0, 0, 0, 0, 2, 0, 2, 2, 0, 0, 2, 2, 0, 2, 2, 0, 0, 0, 1, 2, 0, 0, 0, 2, 2, 0, 1, 2, 2, 0, 0, 1, 0, 2, 0, 0, 2, 1, 0, 1, 2, 0, 0, 2, 2, 0, 2, 0, 2, 0, 2, 0, 1, 0, 0, 1, 0, 2, 0, 0, 1, 0, 0, 2, 0, 0, 2, 0, 0, 0, 2, 0, 0, 2, 2, 0, 1, 0, 0, 0, 0, 2, 0, 0, 2, 1, 0, 1, 0, 0, 0, 0, 2, 2, 0, 2, 1, 0, 1, 2, 0, 0, 0, 2, 1, 1, 0, 0, 2, 2, 2, 0, 2, 2, 2, 2, 0, 1, 0, 2, 1, 1, 2, 1, 0, 2, 0, 2, 2, 0, 1, 0, 2, 0, 2, 2, 0, 0, 2, 1, 0, 0, 0, 2, 2, 2, 0, 2, 0, 2, 0, 0, 1, 0, 1, 2, 0, 0, 1, 0, 2, 2, 0, 0, 0, 2, 2, 0, 2, 1, 2, 0, 0, 2, 0, 0, 2, 0, 2, 0, 0, 1, 0, 2, 0, 1, 0, 1, 0, 0, 1, 0, 0, 0, 0, 0, 2, 0, 2, 1, 0, 2, 2, 1, 2, 0, 0, 1, 1, 0, 1, 2, 2, 1, 1, 0, 2, 0, 0, 0, 1, 0, 2, 2, 2, 0, 1, 0, 0, 1, 2, 0, 0, 1, 1, 2, 1, 0, 0, 1, 1, 0, 0, 0, 2, 1, 2, 1, 2, 1, 0, 2, 0, 0, 0, 0, 0, 1, 1, 0, 0, 2, 2, 1, 2, 2, 2, 0, 1, 0, 1, 2, 0, 1, 2, 0, 0, 0, 2, 0, 1, 0, 2, 2, 0, 0, 2, 0, 0, 0, 1, 2, 1, 2, 2, 1, 2, 1, 2, 0, 2, 0, 1, 0, 2, 2, 0, 0, 1, 1, 1, 0, 0, 2, 0, 1, 0, 1, 0, 0, 2, 0, 0, 2, 0, 0, 0, 2, 2, 0, 2, 0, 0, 2, 0, 1, 0, 2, 0, 0, 0, 2, 0, 2, 2, 0, 0, 2, 2, 2, 0, 1, 2, 0, 1, 0, 2, 1, 2, 2, 0, 0, 0, 1, 0, 0, 2, 0, 0, 2, 2, 0, 0, 2, 0, 0, 0, 0, 1, 0, 0, 0, 2, 0, 0, 2, 0, 2, 2, 2, 2, 1, 2, 2, 2, 2, 2, 2, 0, 1, 1, 2, 2, 2, 1, 0, 2, 2, 0, 0, 2, 0, 0, 2, 0, 0, 2, 2, 2, 1, 0, 1, 0, 2, 0, 0, 1, 2, 2, 0, 0, 1, 2, 2, 0, 1, 2, 1, 2, 0, 2, 2, 0, 2, 0, 0, 0, 2, 2, 0, 1, 2, 1, 0, 2, 0, 1, 0, 2, 1, 2, 2, 0, 0, 0, 0, 0, 0, 1, 0, 2, 2, 0, 2, 0, 2, 0, 0, 2, 2, 1, 2, 1, 1, 0, 1, 0, 2, 0, 2, 0, 0, 2, 0, 2, 2, 2, 0, 0, 0, 2, 2, 0, 1, 2, 2, 0, 1, 0, 0, 2, 2, 0, 2, 0, 0, 1, 0, 1, 0, 0, 0, 2, 2, 0, 1, 2, 2, 1, 0, 0, 2, 1, 0, 2, 1, 0, 0, 0, 2, 1, 2, 0, 0, 0, 2, 0, 2, 0, 2, 0, 0, 1, 0, 0, 2, 2, 0, 0, 1, 0, 2, 2, 1, 0, 2, 0, 0, 1, 1, 0, 0, 2, 2, 0, 2, 0, 2, 0, 2, 0, 2, 2, 0, 1, 1, 0, 2, 0, 0, 0, 0, 2, 0, 1, 2, 1, 1, 0, 1, 0, 0, 0, 2, 0, 2, 1, 2, 2, 2, 0, 1, 0, 1, 0, 0, 0, 1, 0, 1, 1, 2, 1, 2, 0, 2, 1, 0, 0, 0, 2, 0, 2, 2, 0, 0, 0, 0, 0, 1, 0, 0, 0, 1, 2, 2, 2, 0, 0, 0, 2, 0, 0, 0, 0, 0, 0, 0, 0, 1, 2, 0, 1, 2, 2, 2, 0, 2, 0, 0, 0, 1, 2, 0, 2, 1, 1, 0, 0, 0, 0, 2, 2, 1, 0, 0, 0, 2, 2, 0, 0, 0, 1, 2, 0, 0, 0, 0, 2, 1, 1, 1, 0, 2, 0, 0, 2, 1, 1, 0, 1, 1, 2, 2, 2, 2, 0, 2, 1, 2, 0, 2, 0, 1, 0, 2, 0, 2, 0, 2, 2, 1, 2, 2, 2, 0, 0, 2, 2, 2, 2, 0, 2, 0, 0, 2, 0, 1, 0, 2, 2, 2, 2, 2, 2, 0, 1, 1, 1, 0, 0, 1, 1, 0, 1, 0, 0, 0, 2, 2, 0, 2, 0, 2, 0, 2, 2, 0, 2, 0, 2, 0, 1, 1, 0, 0, 2, 0, 0, 0, 1, 0, 2, 2, 2, 1, 1, 1, 0, 0, 0, 0, 0, 0, 2, 0, 0, 2, 2, 0, 0, 2, 2, 1, 0, 1, 2, 1, 2, 0, 0, 2, 0, 2, 0, 2, 0, 2, 1, 0, 1, 0, 0, 2, 2, 1, 2, 0, 0, 1, 0, 0, 0, 0, 0, 1, 2, 0, 2, 0, 1, 0, 0, 2, 0, 0, 0, 0, 1, 2, 2, 2, 2, 0, 2, 0, 0, 2, 0, 1, 0, 2, 1, 0, 2, 0, 2, 1, 0, 0, 0, 2, 0, 0, 1, 0, 2, 0, 1, 2, 0, 1, 2, 1, 0, 2, 2, 0, 0, 1, 2, 2, 0, 2, 1, 0, 0, 0, 0, 2, 0, 2, 0, 0, 2, 2, 1, 2, 0, 0, 2, 0, 0, 0, 1, 1, 0, 2, 2, 0, 2, 0, 0, 0, 0, 0, 0, 1, 0, 2, 2, 2, 0, 0, 0, 1, 2, 2, 0, 2, 2, 0, 0, 2, 0, 0, 2, 2, 2, 2, 2, 1, 0, 0, 2, 1, 0, 0, 1, 2, 1, 2, 2, 1, 2, 2, 0, 1, 0, 0, 2, 2, 0, 2, 0, 0, 1, 1, 1, 2, 0, 2, 2, 0, 0, 0, 0, 0, 0, 0, 2, 0, 2, 2, 2, 2, 2, 0, 2, 1, 2, 1, 1, 2, 2, 1, 1, 0, 2, 2, 0, 2, 0, 0, 0, 1, 0, 0, 1, 0, 0, 0, 2, 0, 2, 2, 2, 1, 0, 0, 2, 2, 2, 0, 0, 2, 0, 2, 2, 0, 2, 2, 0, 0, 2, 2, 2, 2, 0, 2, 0, 2, 1, 0, 2, 2, 0, 2, 2, 2, 1, 0, 0, 2, 0, 0, 0, 0, 2, 1, 0, 2, 0, 0, 0, 2, 0, 2, 1, 0, 2, 0, 2, 0, 0, 1, 2, 0, 0, 2, 2, 0, 2, 0, 1, 2, 2, 1, 0, 2, 2, 0, 2, 0, 2, 0, 0, 2, 2, 0, 1, 2, 0, 1, 2, 2, 1, 2, 2, 2, 1, 0, 2, 0, 1, 2, 2, 0, 2, 0, 0, 1, 1, 0, 2, 1, 0, 0, 2, 2, 0, 0, 1, 0, 0, 0, 2, 0, 2, 2, 2, 2, 2, 0, 2, 0, 0, 0, 0, 2, 1, 2, 0, 2, 0, 2, 2, 0, 2, 1, 1, 2, 2, 1, 2, 0, 2, 2, 0, 1, 2, 2, 2, 0, 0, 1, 1, 0, 0, 2, 0, 0, 0, 0, 0, 1, 1, 0, 2, 1, 0, 0, 0, 2, 2, 2, 0, 0, 0, 1, 2, 0, 0, 0, 2, 1, 0, 2, 2, 1, 0, 0, 2, 1, 0, 2, 0, 1, 0, 2, 2, 2, 0, 0, 0, 0, 2, 0, 2, 2, 0, 2, 2, 2, 0, 0, 2, 0, 0, 0, 0, 2, 0, 2, 0, 0, 2, 2, 0, 0, 0, 1, 1, 0, 2, 0, 0, 0, 2, 0, 2, 2, 0, 0, 0, 2, 1, 0, 2, 2, 2, 0, 0, 0, 0, 0, 2, 0, 2, 0, 1, 2, 1, 0, 0, 0, 0, 1, 2, 0, 2, 0, 0, 2, 1, 0, 1, 1, 0, 0, 0, 2, 0, 0, 0, 0, 0, 0, 2, 2, 0, 2, 2, 0, 2, 0, 1, 2, 0, 2, 1, 0, 1, 0, 1, 0, 2, 0, 0, 2, 1, 0, 0, 0, 0, 2, 0, 0, 1, 0, 2, 2, 2, 0, 0, 0, 0, 0, 0, 2, 0, 0, 0, 2, 1, 1, 2, 0, 2, 0, 0, 0, 1, 1, 0, 1, 1, 1, 2, 2, 2, 2, 0, 0, 0, 2, 0, 2, 0, 2, 0, 1, 0, 0, 2, 2, 2, 0, 2, 1, 0, 2, 2, 2, 2, 1, 0, 2, 1, 2, 0, 0, 2, 2, 1, 1, 0, 1, 2, 0, 2, 1, 0, 1, 0, 0, 2, 0, 2, 0, 0, 0, 2, 2, 0, 0, 1, 2, 0, 2, 1, 2, 0, 2, 2, 1, 0, 2, 0, 2, 2, 2, 0, 1, 0, 0, 0, 0, 0, 0, 0, 2, 0, 0, 1, 1, 0, 0, 1, 0, 0, 1, 2, 0, 1, 2, 0, 2, 0, 1, 2, 1, 1, 2, 0, 0, 2, 0, 2, 2, 2, 0, 1, 2, 2, 0, 0, 1, 0, 1, 2, 0, 0, 2, 1, 2, 1, 2, 2, 0, 2, 0, 1, 1, 0, 0, 0, 0, 0, 0, 2, 1, 0, 0, 0, 2, 1, 1, 0, 0, 1, 0, 0, 0, 2, 0, 0, 0, 1, 2, 0, 0, 1, 0, 2, 0, 0, 0, 1, 1, 0, 0, 1, 2, 0, 1, 2, 2, 0, 0, 2, 2, 2, 0, 2, 2, 0, 2, 0, 0, 0, 0, 2, 2, 1, 2, 0, 2, 2, 0, 2, 1, 0, 0, 0, 1, 2, 1, 2, 0, 0, 2, 0, 2, 0, 0, 2, 2, 0, 2, 0, 0, 2, 0, 2, 0, 0, 0, 0, 2, 0, 0, 0, 0, 2, 2, 1, 1, 0, 1, 0, 2, 0, 0, 0, 2, 2, 2, 2, 0, 1, 0, 0, 0, 2, 0, 0, 1, 2, 0, 2, 0, 2, 1, 0, 0, 2, 2, 0, 0, 2, 2, 2, 2, 1, 2, 2, 2, 0, 0, 2, 2, 2, 1, 1, 0, 1, 1, 1, 1, 0, 2, 2, 1, 0, 2, 0, 2, 2, 0, 0, 0, 0, 1, 2, 2, 2, 0, 2, 0, 0, 2, 0, 1, 0, 1, 0, 0, 0, 2, 1, 1, 0, 0, 2, 0, 1, 2, 0, 2, 0, 2, 0, 0, 0, 0, 0, 1, 0, 0, 2, 0, 2, 0, 1, 0, 0, 0, 1, 2, 0, 2, 0, 1, 0, 2, 2, 2, 0, 0, 0, 1, 0, 2, 0, 0, 2, 0, 2, 0, 0, 2, 1, 0, 0, 2, 0, 0, 2, 2, 0, 1, 0, 2, 0, 1, 2, 2, 2, 0, 0, 0, 0, 0, 0, 0, 0, 1, 0, 1, 0, 0, 2, 0, 0, 2, 1, 2, 0, 0, 0, 1, 2, 0, 1, 0, 0, 0, 1, 2, 2, 0, 0, 2, 1, 1, 0, 1, 0, 0, 1, 2, 1, 0, 2, 0, 0, 0, 2, 2, 0, 2, 0, 2, 0, 2, 0, 2, 2, 2, 2, 0, 0, 0, 0, 2, 2, 0, 2, 0, 2, 0, 0, 2, 1, 0, 1, 2, 2, 0, 2, 2, 0, 0, 2, 1, 2, 0, 0, 2, 1, 1, 2, 2, 2, 0, 0, 2, 0, 1, 0, 1, 0, 1, 0, 0, 2, 0, 0, 0, 0, 2, 1, 2, 0, 2, 2, 0, 0, 0, 1, 2, 2, 2, 2, 2, 1, 0, 2, 1, 2, 2, 2, 0, 1, 0, 0, 0, 0, 0, 2, 2, 2, 2, 1, 2, 0, 2, 0, 2, 0, 2, 2, 0, 2, 0, 0, 0, 0, 2, 2, 1, 0, 2, 2, 0, 2, 2, 0, 2, 1, 0, 2, 0, 0, 2, 1, 2, 0, 2, 0, 0, 1, 2, 0, 2, 2, 2, 2, 2, 2, 2, 0, 1, 0, 0, 0, 2, 1, 0, 2, 2, 0, 2, 0, 2, 2, 0, 0, 0, 2, 0, 0, 2, 0, 0, 0, 1, 2, 2, 0, 0, 2, 2, 2, 2, 1, 0, 2, 0, 0, 2, 2, 1, 2, 0, 2, 2, 0, 0, 0, 0, 0, 2, 0, 2, 0, 2, 2, 0, 2, 0, 2, 1, 2, 0, 0, 2, 0, 2, 1, 0, 0, 2, 0, 1, 0, 2, 2, 1, 2, 0, 2, 0, 1, 0, 2, 2, 1, 1, 2, 2, 1, 2, 2, 2, 0, 1, 2, 0, 2, 0, 2, 0, 1, 0, 1, 1, 0, 0, 2, 2, 0, 0, 0, 0, 2, 0, 0, 0, 2, 0, 2, 0, 0, 2, 1, 0, 1, 1, 2, 2, 0, 0, 0, 2, 2, 2, 2, 1, 0, 2, 0, 0, 0, 0, 2, 0, 2, 0, 2, 0, 1, 2, 2, 2, 2, 2, 0, 2, 0, 1, 2, 1, 2, 0, 0, 0, 0, 2, 2, 0, 1, 2, 0, 0, 0, 0, 0, 0, 1, 1, 2, 1, 1, 0, 2, 2, 2, 0, 2, 2, 0, 2, 0, 2, 1, 2, 0, 2, 2, 0, 0, 2, 2, 2, 1, 1, 2, 2, 1, 0, 2, 1, 1, 2, 0, 0, 0, 2, 0, 2, 0, 1, 0, 0, 2, 0, 0, 0, 0, 0, 0, 2, 1, 0, 2, 0, 1, 0, 0, 1, 0, 2, 0, 0, 0, 2, 0, 0, 0, 0, 1, 1, 2, 0, 2, 0, 2, 0, 0, 1, 0, 2, 0, 2, 0, 0, 0, 1, 2, 0, 2, 0, 0, 0, 0, 0, 0, 1, 0, 0, 1, 0, 0, 1, 1, 0, 0, 0, 2, 0, 0, 0, 0, 0, 0, 1, 0, 1, 2, 1, 1, 2, 2, 2, 2, 0, 2, 2, 0, 2, 2, 2, 1, 2, 2, 2, 0, 2, 2, 1, 1, 0, 1, 0, 2, 2, 0, 0, 0, 2, 2, 0, 0, 2, 0, 1, 2, 2, 2, 0, 1, 2, 2, 2, 0, 2, 2, 1, 0, 2, 1, 0, 2, 2, 0, 1, 2, 0, 2, 0, 0, 0, 0, 0, 2, 1, 2, 2, 1, 2, 2, 2, 0, 2, 0, 0, 0, 2, 0, 0, 2, 2, 0, 1, 0, 1, 0, 0, 2, 0, 0, 0, 2, 0, 2, 2, 2, 0, 2, 0, 2, 0, 2, 2, 1, 1, 0, 2, 2, 2, 1, 1, 2, 2, 0, 2, 0, 0, 1, 0, 0, 1, 0, 0, 1, 0, 2, 0, 0, 0, 2, 0, 0, 2, 2, 0, 2, 1, 0, 0, 2, 2, 0, 1, 2, 2, 0, 0, 0, 0, 1, 2, 0, 2, 0, 2, 2, 0, 0, 2, 0, 0, 0, 0, 0, 0, 2, 0, 2, 0, 2, 2, 0, 2, 2, 0, 0, 0, 0, 2, 0, 1, 2, 0, 2, 0, 0, 1, 2, 0, 1, 2, 0, 2, 2, 1, 2, 0, 2, 0, 0]
kfold targets 1: [2, 2, 0, 0, 1, 1, 2, 0, 1, 2, 0, 1, 0, 1, 0, 2, 2, 2, 0, 0, 0, 0, 2, 2, 0, 1, 0, 2, 2, 2, 0, 2, 0, 0, 2, 0, 1, 0, 0, 0, 1, 0, 1, 1, 0, 0, 2, 2, 0, 0, 0, 0, 0, 0, 1, 0, 1, 0, 2, 0, 1, 0, 2, 0, 0, 0, 0, 2, 0, 0, 0, 1, 0, 1, 2, 0, 2, 2, 1, 0, 1, 0, 1, 0, 2, 0, 2, 0, 1, 1, 1, 1, 1, 1, 0, 0, 2, 2, 0, 0, 0, 0, 1, 0, 1, 0, 1, 0, 0, 0, 1, 1, 2, 0, 0, 1, 0, 0, 1, 0, 2, 2, 0, 2, 2, 0, 0, 0, 0, 0, 2, 2, 1, 0, 1, 0, 0, 1, 0, 0, 2, 0, 2, 2, 2, 1, 0, 1, 0, 2, 1, 2, 0, 2, 0, 2, 0, 2, 0, 2, 0, 0, 2, 0, 2, 0, 0, 2, 0, 0, 2, 0, 0, 0, 1, 0, 0, 2, 2, 0, 0, 1, 1, 2, 0, 2, 2, 0, 0, 0, 2, 1, 2, 2, 1, 0, 1, 0, 0, 0, 1, 1, 2, 2, 2, 2, 2, 1, 0, 0, 1, 2, 0, 0, 0, 0, 1, 2, 1, 1, 0, 0, 0, 1, 2, 1, 2, 2, 0, 2, 0, 2, 1, 0, 1, 2, 0, 0, 2, 2, 0, 2, 2, 2, 0, 0, 0, 0, 2, 2, 1, 0, 0, 0, 2, 2, 0, 1, 2, 0, 0, 0, 1, 2, 0, 0, 0, 1, 2, 0, 1, 1, 1, 0, 0, 1, 0, 2, 0, 0, 2, 1, 0, 1, 1, 2, 0, 2, 1, 2, 1, 0, 2, 0, 1, 0, 1, 0, 0, 1, 0, 2, 0, 0, 1, 0, 0, 2, 0, 0, 2, 0, 0, 0, 2, 0, 0, 2, 2, 0, 1, 0, 0, 0, 0, 2, 0, 0, 2, 1, 0, 1, 0, 0, 0, 0, 2, 2, 0, 2, 2, 0, 1, 2, 0, 0, 0, 2, 1, 1, 0, 0, 2, 2, 2, 0, 1, 2, 2, 1, 0, 1, 0, 2, 1, 1, 2, 1, 0, 1, 0, 2, 2, 0, 1, 0, 2, 0, 2, 0, 0, 0, 2, 1, 0, 0, 0, 2, 1, 2, 0, 2, 0, 2, 2, 0, 2, 0, 1, 2, 0, 0, 2, 0, 2, 2, 0, 0, 0, 0, 2, 0, 2, 1, 1, 0, 0, 2, 0, 0, 2, 0, 2, 0, 0, 1, 0, 2, 0, 1, 0, 1, 0, 0, 1, 0, 1, 0, 0, 0, 2, 0, 1, 1, 0, 2, 2, 1, 2, 0, 1, 2, 1, 0, 1, 2, 2, 1, 2, 0, 2, 0, 0, 0, 2, 0, 2, 2, 2, 0, 1, 0, 0, 1, 2, 0, 0, 1, 1, 1, 1, 0, 0, 1, 1, 0, 0, 0, 2, 1, 2, 1, 0, 2, 0, 2, 0, 0, 0, 0, 0, 2, 1, 0, 0, 1, 2, 1, 2, 2, 2, 0, 1, 0, 1, 2, 0, 1, 0, 0, 0, 0, 1, 0, 1, 0, 2, 1, 2, 0, 2, 0, 0, 0, 2, 2, 1, 2, 2, 2, 0, 1, 2, 0, 1, 0, 1, 0, 2, 2, 0, 0, 1, 1, 1, 0, 0, 2, 0, 1, 0, 1, 0, 0, 2, 0, 0, 2, 0, 0, 0, 2, 1, 0, 1, 0, 2, 2, 0, 1, 0, 1, 0, 0, 0, 1, 0, 1, 2, 0, 0, 1, 1, 2, 0, 1, 1, 0, 1, 0, 2, 1, 1, 2, 0, 0, 0, 2, 0, 0, 1, 0, 0, 1, 2, 1, 0, 2, 0, 0, 0, 0, 1, 0, 0, 0, 2, 2, 0, 1, 0, 1, 2, 2, 2, 1, 0, 1, 2, 2, 1, 2, 0, 1, 1, 0, 2, 2, 1, 2, 2, 2, 0, 0, 2, 2, 0, 2, 0, 0, 2, 1, 1, 1, 0, 1, 0, 2, 0, 0, 1, 1, 2, 0, 0, 1, 1, 1, 0, 1, 0, 1, 0, 0, 1, 2, 0, 2, 0, 0, 0, 2, 1, 2, 1, 0, 1, 0, 2, 0, 1, 0, 2, 1, 1, 2, 0, 0, 0, 0, 0, 0, 1, 0, 2, 2, 0, 2, 0, 1, 0, 0, 2, 2, 1, 1, 2, 2, 0, 1, 0, 2, 0, 0, 0, 0, 2, 0, 1, 2, 1, 0, 0, 2, 1, 1, 0, 1, 0, 2, 0, 1, 0, 0, 2, 2, 0, 0, 0, 0, 1, 0, 2, 0, 0, 0, 2, 2, 0, 1, 1, 2, 1, 0, 0, 1, 1, 0, 1, 1, 0, 1, 0, 2, 1, 1, 0, 0, 0, 1, 0, 2, 0, 1, 0, 2, 1, 0, 0, 1, 1, 0, 0, 1, 0, 2, 1, 1, 0, 2, 0, 0, 2, 1, 0, 0, 2, 2, 0, 0, 0, 2, 0, 1, 0, 2, 2, 0, 1, 1, 0, 1, 0, 0, 1, 0, 2, 0, 1, 2, 1, 1, 0, 1, 0, 0, 0, 2, 0, 2, 1, 2, 2, 2, 0, 1, 0, 2, 0, 0, 0, 1, 0, 1, 1, 1, 1, 2, 0, 2, 1, 0, 0, 0, 2, 0, 2, 2, 0, 0, 0, 0, 0, 1, 1, 0, 0, 1, 1, 2, 0, 0, 0, 0, 2, 0, 0, 0, 0, 0, 0, 0, 0, 1, 2, 0, 1, 2, 2, 1, 1, 2, 0, 0, 2, 1, 2, 0, 1, 1, 1, 0, 0, 0, 0, 2, 2, 1, 0, 0, 2, 1, 2, 0, 0, 0, 1, 1, 0, 0, 0, 0, 2, 1, 1, 1, 0, 2, 0, 2, 2, 1, 1, 0, 1, 1, 1, 2, 2, 1, 0, 2, 2, 2, 0, 1, 0, 1, 0, 2, 0, 1, 0, 2, 2, 2, 1, 2, 2, 0, 0, 1, 2, 0, 1, 0, 2, 0, 0, 1, 0, 1, 0, 0, 2, 2, 0, 0, 2, 0, 1, 1, 1, 0, 0, 1, 1, 0, 1, 0, 0, 0, 2, 2, 0, 2, 0, 2, 0, 2, 1, 2, 2, 0, 2, 0, 1, 1, 0, 0, 2, 0, 0, 0, 1, 0, 1, 1, 1, 1, 1, 1, 0, 0, 0, 0, 0, 0, 2, 0, 0, 1, 0, 0, 0, 2, 2, 1, 0, 1, 2, 1, 0, 0, 0, 2, 0, 2, 0, 2, 0, 2, 1, 0, 1, 0, 0, 2, 2, 1, 2, 0, 0, 1, 0, 0, 0, 0, 0, 1, 2, 0, 2, 0, 1, 0, 0, 2, 0, 0, 0, 0, 1, 2, 1, 2, 2, 0, 2, 0, 0, 2, 0, 1, 0, 2, 1, 0, 2, 0, 2, 1, 0, 0, 0, 1, 0, 0, 1, 0, 2, 0, 1, 1, 0, 1, 1, 1, 0, 1, 2, 0, 0, 1, 1, 2, 0, 2, 2, 0, 0, 0, 0, 2, 0, 2, 0, 0, 2, 2, 2, 2, 0, 0, 2, 0, 0, 0, 1, 1, 0, 2, 2, 0, 1, 0, 0, 0, 0, 0, 0, 1, 0, 2, 0, 2, 0, 0, 0, 1, 1, 2, 0, 1, 2, 0, 0, 1, 0, 0, 2, 1, 2, 1, 2, 1, 0, 0, 2, 1, 0, 0, 1, 2, 1, 2, 1, 1, 1, 2, 0, 1, 0, 0, 0, 2, 0, 2, 0, 0, 1, 1, 1, 2, 0, 2, 2, 0, 0, 0, 0, 0, 0, 0, 0, 0, 2, 2, 2, 1, 1, 0, 1, 1, 2, 1, 1, 2, 2, 1, 1, 0, 1, 1, 0, 1, 0, 0, 0, 1, 0, 0, 2, 0, 0, 0, 1, 0, 2, 1, 1, 1, 0, 0, 0, 2, 1, 0, 0, 1, 0, 2, 2, 0, 2, 2, 0, 0, 2, 2, 2, 1, 0, 2, 0, 0, 1, 1, 2, 1, 0, 1, 2, 2, 2, 0, 0, 2, 0, 0, 0, 0, 2, 1, 2, 2, 0, 1, 0, 1, 0, 2, 1, 0, 2, 0, 2, 0, 0, 1, 2, 0, 0, 2, 2, 0, 2, 0, 1, 2, 1, 1, 0, 1, 2, 0, 2, 0, 2, 0, 0, 2, 2, 0, 1, 2, 0, 1, 2, 1, 1, 2, 2, 1, 1, 0, 2, 0, 1, 2, 2, 0, 2, 0, 0, 1, 1, 0, 2, 1, 0, 0, 2, 2, 0, 0, 1, 0, 0, 0, 2, 0, 2, 2, 2, 2, 0, 0, 1, 0, 0, 2, 0, 0, 1, 1, 0, 1, 0, 2, 2, 0, 1, 1, 1, 2, 0, 1, 2, 0, 1, 2, 0, 1, 1, 2, 2, 0, 1, 1, 1, 0, 0, 2, 0, 0, 0, 0, 0, 1, 1, 0, 0, 1, 0, 0, 0, 0, 1, 0, 0, 0, 0, 1, 2, 0, 0, 0, 2, 1, 0, 2, 2, 1, 0, 0, 2, 1, 0, 1, 0, 1, 0, 1, 2, 2, 0, 0, 0, 0, 2, 0, 2, 2, 0, 2, 2, 2, 0, 0, 1, 0, 0, 0, 0, 2, 0, 1, 2, 0, 2, 2, 0, 0, 0, 1, 1, 0, 0, 0, 0, 0, 1, 0, 2, 2, 0, 0, 0, 2, 1, 0, 2, 0, 2, 0, 0, 0, 0, 0, 2, 0, 2, 0, 1, 1, 1, 0, 0, 0, 0, 1, 2, 0, 2, 0, 2, 2, 1, 0, 1, 1, 0, 0, 0, 2, 2, 0, 0, 2, 0, 0, 1, 1, 0, 1, 2, 0, 0, 0, 1, 2, 0, 2, 1, 0, 1, 0, 1, 0, 1, 0, 0, 1, 1, 0, 0, 0, 0, 2, 0, 0, 2, 0, 2, 2, 2, 0, 0, 0, 2, 0, 0, 2, 0, 0, 0, 2, 1, 1, 1, 0, 1, 0, 0, 0, 1, 1, 0, 1, 2, 1, 1, 2, 2, 2, 0, 0, 0, 2, 0, 2, 0, 1, 0, 1, 0, 0, 1, 1, 2, 0, 2, 1, 0, 2, 2, 2, 0, 1, 0, 2, 1, 2, 0, 0, 2, 1, 1, 1, 0, 2, 1, 0, 1, 1, 1, 1, 0, 0, 2, 0, 2, 1, 0, 0, 2, 2, 0, 0, 2, 2, 0, 1, 1, 1, 0, 2, 2, 1, 0, 2, 0, 2, 0, 2, 0, 1, 0, 0, 0, 0, 0, 0, 0, 2, 0, 0, 1, 1, 0, 0, 1, 0, 0, 1, 2, 0, 1, 2, 2, 0, 2, 1, 2, 1, 1, 1, 0, 0, 2, 1, 1, 1, 1, 0, 1, 1, 2, 0, 0, 1, 0, 1, 1, 0, 0, 1, 0, 0, 1, 1, 1, 0, 2, 0, 1, 1, 0, 0, 0, 0, 0, 0, 1, 1, 0, 0, 0, 1, 1, 2, 0, 0, 1, 0, 0, 0, 1, 0, 2, 0, 1, 2, 0, 0, 1, 0, 0, 0, 0, 0, 1, 1, 0, 0, 1, 2, 0, 1, 2, 2, 0, 0, 2, 2, 2, 0, 2, 2, 0, 2, 0, 0, 0, 0, 2, 1, 1, 2, 0, 2, 2, 0, 1, 1, 0, 0, 0, 1, 2, 1, 2, 0, 0, 2, 0, 2, 0, 0, 2, 1, 0, 2, 0, 0, 2, 0, 1, 0, 0, 0, 0, 2, 2, 0, 0, 0, 2, 2, 1, 1, 0, 1, 0, 2, 0, 0, 0, 2, 2, 2, 2, 0, 1, 0, 0, 0, 2, 0, 0, 1, 2, 0, 1, 0, 1, 1, 0, 0, 1, 0, 0, 0, 2, 0, 2, 2, 1, 1, 2, 2, 0, 0, 2, 1, 1, 1, 1, 0, 1, 2, 1, 1, 0, 1, 2, 1, 0, 2, 0, 2, 2, 0, 0, 0, 0, 2, 2, 2, 2, 0, 2, 0, 0, 2, 1, 1, 0, 1, 0, 0, 0, 1, 1, 1, 1, 0, 2, 0, 1, 2, 0, 2, 0, 2, 0, 0, 0, 0, 0, 1, 0, 0, 2, 0, 1, 0, 1, 0, 0, 0, 1, 1, 0, 1, 0, 1, 0, 0, 0, 1, 0, 0, 0, 1, 0, 2, 0, 0, 2, 0, 1, 0, 0, 2, 1, 0, 0, 2, 0, 0, 0, 0, 0, 1, 0, 2, 0, 1, 2, 2, 2, 0, 0, 0, 0, 0, 0, 0, 0, 2, 0, 1, 0, 0, 2, 0, 0, 2, 1, 2, 2, 0, 0, 1, 1, 0, 1, 2, 0, 0, 1, 2, 2, 0, 0, 2, 1, 1, 0, 1, 0, 0, 2, 2, 1, 0, 2, 0, 0, 0, 2, 1, 0, 2, 0, 2, 0, 1, 0, 2, 2, 0, 1, 0, 0, 0, 0, 2, 2, 0, 2, 0, 1, 0, 0, 1, 2, 0, 2, 2, 2, 2, 2, 2, 2, 0, 2, 1, 2, 0, 0, 2, 2, 1, 2, 2, 0, 2, 0, 1, 0, 1, 0, 2, 0, 1, 0, 0, 2, 0, 0, 0, 0, 2, 1, 2, 0, 2, 2, 0, 0, 0, 1, 2, 1, 2, 2, 1, 1, 0, 2, 1, 2, 2, 2, 0, 1, 2, 0, 0, 0, 0, 2, 2, 2, 2, 0, 1, 0, 2, 0, 2, 0, 1, 1, 0, 2, 0, 2, 0, 0, 2, 2, 1, 0, 2, 2, 0, 2, 1, 0, 1, 1, 0, 1, 0, 0, 1, 2, 2, 1, 2, 0, 0, 1, 1, 0, 2, 2, 2, 1, 2, 2, 2, 0, 1, 0, 0, 1, 1, 1, 0, 2, 2, 0, 2, 0, 2, 0, 0, 0, 0, 2, 0, 0, 1, 0, 0, 0, 1, 2, 2, 0, 0, 2, 2, 2, 1, 1, 0, 1, 0, 0, 1, 0, 1, 2, 0, 2, 1, 0, 0, 0, 0, 1, 2, 0, 2, 0, 2, 2, 0, 2, 0, 2, 1, 2, 0, 0, 2, 0, 2, 1, 0, 0, 2, 0, 1, 0, 2, 2, 1, 1, 0, 2, 0, 1, 0, 1, 2, 2, 1, 2, 2, 2, 1, 0, 2, 0, 1, 2, 0, 2, 0, 0, 0, 1, 0, 1, 1, 0, 0, 2, 2, 0, 0, 0, 0, 2, 0, 0, 0, 2, 0, 2, 0, 0, 2, 1, 0, 2, 1, 2, 2, 0, 0, 0, 2, 1, 2, 2, 1, 0, 1, 2, 0, 0, 0, 2, 0, 2, 0, 2, 0, 1, 2, 1, 2, 2, 2, 0, 1, 0, 2, 1, 1, 2, 0, 0, 0, 0, 0, 2, 0, 1, 2, 0, 0, 0, 0, 2, 0, 1, 1, 2, 1, 1, 0, 0, 1, 2, 0, 2, 1, 0, 2, 2, 2, 1, 2, 0, 1, 1, 0, 0, 2, 2, 2, 1, 2, 2, 2, 1, 0, 2, 1, 1, 2, 0, 0, 0, 2, 0, 2, 0, 1, 0, 0, 2, 0, 0, 0, 0, 0, 0, 1, 1, 0, 0, 0, 1, 0, 0, 1, 0, 2, 0, 0, 0, 1, 0, 0, 0, 0, 1, 1, 0, 0, 2, 0, 1, 0, 0, 1, 0, 2, 0, 2, 0, 0, 0, 2, 2, 0, 1, 0, 0, 0, 0, 0, 0, 2, 0, 0, 1, 0, 0, 1, 1, 0, 0, 0, 0, 0, 0, 0, 0, 0, 0, 1, 0, 1, 1, 1, 1, 2, 1, 0, 2, 1, 2, 2, 0, 2, 2, 1, 1, 2, 1, 2, 0, 1, 2, 1, 1, 0, 1, 0, 2, 2, 0, 0, 0, 2, 1, 0, 0, 2, 0, 1, 1, 1, 1, 0, 1, 2, 1, 2, 0, 2, 2, 2, 0, 1, 1, 0, 2, 2, 0, 1, 1, 0, 2, 0, 0, 0, 0, 0, 2, 1, 2, 2, 1, 2, 2, 1, 2, 1, 0, 0, 0, 2, 0, 0, 2, 2, 0, 1, 0, 1, 0, 0, 2, 0, 0, 0, 2, 0, 2, 2, 2, 0, 2, 0, 2, 0, 2, 2, 1, 1, 0, 1, 1, 1, 1, 2, 1, 2, 1, 2, 0, 0, 1, 0, 0, 1, 0, 0, 1, 0, 1, 0, 0, 0, 2, 0, 0, 0, 2, 0, 2, 1, 0, 0, 2, 2, 0, 2, 2, 1, 0, 0, 0, 0, 1, 1, 0, 2, 0, 2, 2, 0, 0, 2, 0, 0, 0, 0, 0, 0, 2, 0, 1, 0, 2, 2, 0, 2, 2, 0, 0, 0, 0, 2, 0, 1, 1, 0, 1, 0, 0, 1, 0, 0, 1, 2, 0, 1, 2, 1, 2, 0, 2, 0, 0]
0.8365844681634156
array([[1207,    3,   68],
       [  20,  400,  261],
       [  41,   51,  666]])
kfold preds 2: [1, 1, 0, 0, 0, 0, 1, 1, 2, 0, 0, 0, 0, 0, 0, 2, 0, 2, 1, 1, 1, 0, 2, 1, 1, 1, 0, 0, 0, 0, 0, 2, 1, 0, 1, 0, 1, 0, 0, 0, 2, 0, 2, 0, 0, 2, 1, 0, 0, 0, 0, 1, 0, 0, 2, 0, 2, 0, 0, 0, 2, 0, 0, 0, 0, 0, 1, 2, 0, 0, 0, 1, 1, 0, 1, 0, 2, 1, 0, 0, 0, 0, 1, 0, 1, 0, 2, 0, 0, 2, 2, 1, 1, 0, 0, 0, 0, 0, 0, 1, 0, 0, 1, 0, 0, 0, 0, 1, 2, 1, 0, 2, 0, 1, 0, 2, 2, 0, 0, 0, 2, 0, 0, 0, 2, 0, 1, 0, 0, 0, 1, 2, 0, 2, 2, 0, 0, 0, 0, 0, 1, 0, 2, 0, 0, 1, 1, 1, 1, 0, 2, 0, 0, 0, 0, 1, 0, 0, 0, 1, 0, 0, 0, 1, 2, 0, 0, 2, 0, 2, 2, 0, 0, 0, 2, 1, 0, 0, 1, 0, 1, 2, 0, 0, 0, 1, 0, 0, 0, 0, 2, 0, 0, 0, 2, 0, 2, 0, 0, 0, 0, 2, 0, 1, 2, 2, 1, 0, 0, 0, 1, 2, 1, 0, 1, 0, 0, 1, 0, 2, 1, 0, 0, 1, 0, 2, 1, 1, 2, 2, 0, 1, 0, 0, 1, 2, 0, 0, 1, 0, 0, 0, 2, 0, 0, 0, 0, 0, 0, 1, 2, 0, 0, 1, 2, 2, 0, 0, 2, 0, 0, 2, 0, 1, 0, 1, 0, 0, 2, 0, 0, 2, 0, 0, 0, 0, 0, 2, 0, 2, 1, 2, 1, 2, 0, 0, 0, 2, 1, 0, 1, 0, 0, 0, 0, 0, 0, 0, 0, 0, 0, 0, 0, 2, 2, 0, 0, 2, 0, 0, 0, 0, 0, 0, 0, 0, 1, 1, 1, 0, 0, 0, 1, 0, 0, 0, 0, 0, 1, 0, 0, 0, 1, 2, 0, 0, 2, 2, 0, 1, 1, 1, 2, 1, 0, 1, 0, 0, 0, 1, 0, 0, 0, 1, 0, 0, 0, 0, 1, 1, 1, 2, 0, 0, 1, 1, 0, 1, 1, 2, 1, 0, 2, 1, 2, 0, 1, 0, 1, 0, 0, 1, 1, 2, 0, 0, 0, 0, 1, 1, 0, 0, 1, 2, 0, 0, 0, 0, 0, 2, 1, 2, 0, 1, 2, 0, 0, 1, 2, 2, 2, 0, 0, 0, 2, 1, 1, 2, 0, 1, 1, 0, 1, 0, 2, 0, 2, 2, 0, 0, 0, 0, 2, 1, 2, 0, 1, 0, 0, 0, 2, 0, 2, 1, 0, 2, 2, 2, 0, 0, 2, 1, 0, 1, 2, 2, 2, 2, 2, 0, 0, 0, 0, 0, 0, 0, 2, 0, 2, 2, 1, 2, 0, 0, 1, 2, 0, 0, 2, 0, 0, 2, 0, 0, 0, 0, 1, 0, 2, 2, 2, 1, 0, 0, 1, 0, 2, 0, 0, 1, 1, 0, 1, 0, 0, 0, 2, 1, 2, 2, 2, 0, 2, 1, 2, 2, 0, 1, 0, 2, 0, 1, 2, 0, 0, 0, 0, 0, 0, 2, 2, 0, 2, 0, 0, 0, 1, 0, 0, 0, 0, 1, 0, 0, 0, 1, 0, 0, 1, 2, 1, 2, 1, 1, 0, 0, 0, 2, 0, 2, 0, 2, 1, 0, 0, 0, 0, 0, 0, 1, 0, 0, 0, 0, 1, 0, 1, 2, 0, 0, 2, 2, 0, 0, 2, 0, 0, 1, 2, 0, 2, 1, 0, 1, 2, 0, 2, 0, 2, 0, 0, 1, 0, 0, 0, 1, 0, 2, 1, 0, 2, 0, 2, 0, 0, 2, 0, 0, 0, 0, 0, 2, 1, 0, 0, 1, 2, 1, 1, 0, 0, 2, 2, 0, 1, 2, 0, 1, 0, 2, 1, 2, 0, 1, 2, 0, 0, 0, 2, 0, 1, 2, 0, 2, 2, 0, 2, 0, 0, 0, 2, 1, 0, 0, 0, 2, 0, 2, 0, 0, 1, 2, 2, 0, 0, 1, 1, 0, 1, 0, 0, 2, 0, 0, 2, 0, 0, 2, 0, 0, 0, 0, 0, 2, 0, 0, 2, 2, 1, 0, 2, 0, 0, 2, 2, 0, 0, 0, 0, 1, 0, 0, 0, 0, 2, 2, 1, 1, 1, 2, 0, 0, 2, 2, 1, 2, 0, 2, 1, 0, 0, 0, 1, 0, 0, 0, 2, 1, 0, 2, 2, 1, 1, 1, 1, 2, 0, 0, 0, 0, 2, 2, 0, 0, 0, 1, 0, 0, 0, 0, 0, 2, 0, 0, 0, 1, 1, 2, 0, 1, 1, 0, 0, 1, 1, 1, 1, 0, 1, 0, 0, 0, 0, 1, 0, 1, 2, 0, 0, 1, 1, 0, 0, 1, 0, 2, 1, 0, 0, 2, 1, 0, 1, 0, 0, 2, 0, 0, 2, 1, 2, 2, 0, 1, 0, 0, 2, 0, 0, 0, 0, 0, 0, 0, 0, 2, 2, 0, 0, 0, 1, 2, 1, 0, 2, 0, 1, 0, 2, 0, 1, 0, 0, 0, 0, 0, 0, 2, 0, 1, 2, 0, 1, 2, 0, 0, 0, 0, 0, 0, 0, 1, 1, 0, 2, 0, 0, 0, 0, 2, 0, 0, 2, 0, 0, 0, 2, 0, 0, 0, 0, 0, 0, 2, 2, 0, 0, 0, 2, 1, 0, 0, 1, 0, 0, 0, 1, 1, 0, 0, 0, 0, 0, 2, 2, 1, 2, 0, 2, 0, 0, 0, 0, 2, 0, 2, 2, 0, 1, 1, 2, 1, 1, 0, 0, 2, 2, 0, 2, 0, 1, 0, 2, 1, 0, 0, 0, 2, 0, 0, 0, 0, 2, 2, 2, 0, 0, 1, 0, 2, 2, 0, 0, 0, 0, 0, 0, 2, 1, 1, 0, 0, 0, 0, 0, 2, 0, 2, 0, 0, 1, 2, 0, 2, 2, 1, 2, 0, 2, 1, 0, 0, 2, 2, 1, 0, 0, 0, 0, 0, 0, 2, 1, 0, 0, 2, 0, 0, 2, 0, 0, 0, 2, 0, 0, 2, 2, 0, 1, 0, 0, 0, 1, 0, 0, 1, 1, 0, 0, 2, 1, 1, 1, 0, 1, 2, 0, 1, 0, 0, 0, 0, 0, 0, 2, 0, 0, 0, 2, 0, 0, 1, 0, 0, 2, 0, 0, 0, 2, 0, 0, 1, 0, 0, 1, 1, 1, 0, 0, 0, 2, 0, 0, 0, 2, 0, 0, 0, 0, 2, 0, 1, 0, 0, 1, 0, 1, 0, 0, 0, 2, 2, 0, 1, 0, 0, 0, 2, 0, 0, 2, 0, 0, 0, 2, 1, 0, 0, 1, 0, 0, 0, 1, 1, 1, 2, 2, 0, 2, 2, 0, 2, 1, 0, 0, 0, 0, 0, 1, 0, 0, 0, 1, 0, 2, 1, 0, 0, 1, 1, 0, 1, 1, 0, 1, 0, 0, 1, 2, 0, 0, 1, 2, 2, 0, 0, 1, 0, 1, 1, 0, 0, 0, 0, 0, 0, 1, 0, 2, 0, 0, 0, 0, 2, 0, 0, 0, 0, 0, 0, 1, 2, 2, 1, 0, 0, 2, 2, 1, 2, 0, 0, 0, 0, 1, 2, 0, 0, 0, 1, 1, 1, 0, 1, 1, 0, 0, 0, 0, 0, 2, 2, 0, 1, 2, 1, 1, 0, 1, 0, 0, 1, 0, 2, 2, 0, 1, 2, 0, 2, 0, 0, 2, 1, 2, 0, 0, 1, 0, 0, 2, 1, 2, 1, 0, 1, 2, 1, 2, 0, 0, 0, 2, 0, 0, 0, 2, 0, 0, 1, 2, 0, 0, 1, 0, 0, 2, 0, 1, 1, 0, 0, 2, 2, 1, 1, 0, 2, 0, 2, 0, 2, 0, 1, 2, 0, 0, 0, 1, 0, 0, 2, 0, 0, 0, 1, 2, 2, 0, 0, 0, 0, 1, 0, 0, 0, 2, 0, 2, 0, 2, 0, 0, 0, 0, 0, 2, 2, 2, 1, 0, 0, 2, 0, 0, 0, 0, 1, 0, 0, 0, 0, 0, 0, 0, 1, 2, 0, 1, 0, 0, 0, 0, 0, 1, 1, 2, 0, 0, 0, 2, 2, 0, 2, 1, 1, 1, 0, 1, 1, 0, 0, 2, 2, 0, 0, 0, 0, 2, 0, 0, 0, 2, 0, 1, 0, 0, 1, 2, 1, 0, 2, 1, 0, 1, 0, 0, 0, 1, 2, 0, 0, 0, 1, 1, 1, 0, 0, 1, 0, 0, 0, 1, 2, 2, 0, 1, 0, 1, 1, 1, 0, 0, 2, 2, 2, 0, 0, 0, 0, 0, 2, 0, 0, 2, 1, 0, 0, 0, 2, 2, 0, 1, 0, 2, 2, 0, 0, 1, 0, 0, 1, 2, 0, 0, 1, 1, 0, 2, 0, 2, 0, 0, 0, 0, 0, 0, 1, 2, 1, 2, 0, 0, 2, 0, 0, 1, 0, 0, 0, 0, 1, 0, 0, 0, 1, 0, 1, 2, 0, 0, 0, 0, 0, 0, 0, 1, 2, 0, 1, 0, 2, 0, 1, 0, 0, 0, 0, 0, 0, 0, 0, 0, 2, 1, 2, 0, 0, 0, 1, 2, 1, 0, 0, 0, 1, 0, 0, 2, 0, 1, 0, 0, 0, 0, 2, 0, 0, 1, 0, 0, 2, 0, 0, 1, 2, 1, 2, 1, 2, 2, 2, 2, 0, 2, 0, 2, 0, 0, 0, 2, 1, 1, 0, 1, 2, 1, 1, 0, 2, 0, 2, 0, 0, 0, 2, 1, 2, 1, 0, 2, 2, 0, 2, 1, 0, 0, 1, 0, 1, 0, 0, 0, 1, 0, 2, 0, 2, 0, 0, 1, 2, 0, 2, 2, 0, 0, 0, 1, 1, 1, 0, 1, 2, 1, 2, 0, 0, 0, 2, 1, 0, 2, 0, 1, 0, 2, 0, 0, 1, 0, 1, 0, 2, 0, 0, 0, 1, 0, 1, 2, 0, 0, 0, 0, 0, 2, 1, 0, 0, 0, 0, 1, 0, 0, 1, 0, 0, 0, 0, 0, 0, 1, 2, 1, 2, 1, 0, 1, 2, 1, 0, 0, 1, 0, 0, 0, 0, 1, 0, 0, 0, 1, 2, 0, 0, 2, 1, 1, 1, 1, 0, 0, 0, 2, 1, 2, 0, 1, 0, 0, 1, 2, 0, 0, 0, 2, 0, 0, 1, 0, 0, 0, 1, 2, 1, 0, 1, 1, 1, 1, 0, 0, 0, 0, 1, 1, 1, 0, 0, 0, 0, 0, 0, 1, 1, 0, 1, 0, 2, 0, 0, 1, 2, 0, 2, 1, 2, 0, 1, 2, 0, 2, 1, 2, 2, 0, 0, 0, 0, 2, 1, 1, 2, 0, 0, 1, 0, 2, 0, 0, 1, 0, 0, 1, 0, 0, 1, 2, 1, 0, 0, 2, 0, 2, 0, 0, 0, 0, 0, 1, 0, 0, 2, 2, 1, 0, 0, 1, 0, 2, 0, 0, 0, 1, 0, 0, 0, 0, 0, 1, 0, 1, 0, 0, 0, 0, 0, 0, 1, 1, 0, 0, 2, 0, 0, 2, 1, 0, 1, 2, 0, 0, 0, 2, 0, 0, 0, 0, 2, 0, 0, 0, 0, 0, 0, 0, 0, 1, 1, 0, 1, 1, 2, 1, 0, 0, 0, 0, 0, 2, 1, 2, 0, 0, 0, 0, 2, 0, 1, 0, 1, 1, 2, 0, 0, 0, 0, 1, 0, 1, 0, 0, 2, 2, 0, 2, 0, 0, 2, 0, 0, 0, 1, 0, 0, 0, 1, 0, 1, 0, 0, 1, 1, 0, 0, 0, 1, 2, 0, 1, 0, 0, 0, 1, 0, 0, 1, 0, 0, 2, 1, 0, 2, 2, 0, 2, 1, 1, 0, 1, 0, 1, 1, 0, 1, 2, 0, 1, 0, 1, 1, 1, 1, 0, 0, 0, 1, 2, 0, 1, 1, 1, 0, 0, 1, 0, 0, 2, 2, 2, 0, 0, 0, 0, 0, 0, 0, 1, 1, 0, 0, 2, 1, 2, 1, 1, 0, 2, 0, 2, 0, 2, 0, 0, 2, 0, 1, 0, 0, 0, 2, 0, 0, 2, 0, 0, 0, 0, 0, 0, 0, 1, 2, 0, 1, 0, 2, 0, 1, 0, 1, 0, 0, 2, 0, 1, 2, 0, 0, 0, 0, 0, 0, 0, 0, 2, 0, 0, 2, 0, 0, 1, 0, 0, 2, 0, 0, 0, 2, 2, 2, 1, 1, 0, 0, 1, 1, 0, 0, 0, 0, 1, 0, 2, 0, 2, 1, 1, 1, 0, 0, 0, 1, 1, 1, 0, 0, 2, 0, 2, 0, 1, 0, 1, 0, 2, 2, 0, 1, 0, 0, 0, 1, 2, 2, 2, 2, 2, 0, 1, 0, 1, 0, 2, 1, 2, 0, 0, 0, 0, 0, 1, 0, 0, 1, 0, 0, 0, 0, 2, 2, 0, 0, 0, 1, 0, 2, 0, 0, 0, 2, 2, 2, 1, 2, 0, 0, 1, 1, 0, 0, 0, 2, 0, 2, 1, 1, 0, 0, 2, 2, 0, 0, 0, 2, 0, 2, 0, 1, 2, 0, 0, 0, 0, 2, 1, 2, 0, 0, 2, 0, 0, 0, 1, 2, 0, 2, 2, 2, 1, 0, 2, 0, 0, 1, 2, 1, 1, 1, 0, 0, 0, 0, 0, 0, 1, 2, 2, 0, 0, 2, 0, 0, 0, 0, 0, 1, 0, 0, 1, 1, 1, 0, 2, 1, 0, 0, 0, 1, 2, 0, 0, 1, 0, 0, 1, 0, 0, 2, 1, 2, 0, 2, 0, 0, 1, 0, 0, 2, 1, 0, 2, 0, 1, 0, 0, 2, 0, 0, 2, 1, 2, 0, 2, 1, 0, 0, 0, 2, 0, 0, 0, 0, 0, 0, 0, 2, 2, 0, 0, 0, 0, 2, 0, 0, 1, 1, 0, 2, 0, 0, 1, 0, 1, 0, 0, 2, 2, 2, 2, 2, 0, 0, 0, 0, 0, 0, 0, 0, 2, 0, 1, 2, 0, 0, 0, 0, 0, 0, 0, 0, 0, 0, 0, 0, 0, 0, 1, 2, 0, 1, 2, 1, 0, 0, 0, 0, 2, 0, 0, 2, 2, 2, 0, 2, 0, 0, 0, 2, 0, 1, 1, 1, 1, 0, 0, 1, 1, 0, 2, 2, 0, 0, 0, 0, 0, 0, 2, 0, 0, 0, 1, 2, 0, 1, 0, 1, 0, 1, 2, 0, 0, 2, 0, 0, 0, 0, 0, 0, 1, 2, 0, 2, 0, 2, 2, 0, 0, 0, 0, 0, 0, 0, 0, 2, 0, 0, 2, 1, 2, 0, 2, 1, 1, 0, 2, 0, 1, 0, 0, 1, 1, 0, 0, 0, 2, 1, 0, 0, 2, 0, 1, 0, 1, 1, 2, 2, 1, 0, 1, 1, 0, 0, 0, 0, 0, 2, 0, 1, 0, 1, 0, 2, 0, 1, 0, 0, 0, 2, 1, 1, 2, 1, 2, 0, 0, 2, 0, 2, 0, 0, 1, 2, 0, 2, 0, 2, 1, 0, 2, 0, 0, 1, 2, 0, 2, 0, 0, 0, 0, 1, 2, 1, 1, 2, 0, 2, 2, 0, 0, 1, 0, 1, 0, 0, 1, 0, 0, 0, 2, 2, 0, 0, 0, 0, 0, 0, 0, 2, 0, 0, 0, 0, 0, 0, 1, 2, 0, 2, 1, 0, 0, 1, 2, 0, 1, 1, 2, 1, 0, 0, 0, 0, 0, 0, 0, 1, 0, 0, 1, 2, 0, 0, 2, 0, 1, 0, 0, 2, 0, 0, 0, 0, 0, 0, 0, 0, 0, 2, 2, 1, 0, 0, 2, 2, 2, 0, 1, 0, 2, 2, 0, 0, 0, 0, 2, 2, 0, 0, 0, 0, 1, 1, 2, 0, 1, 0, 1, 1, 0, 2, 0, 2, 1, 2, 2, 0, 0, 0, 0, 0, 1, 0, 0, 0, 0, 1, 0, 0, 1, 1, 0, 2, 2, 0, 2, 1, 2, 2, 0, 0, 0, 0, 0, 0, 2, 2, 0, 1, 1, 1, 0, 0, 0, 0, 0, 2, 2, 0, 0, 0, 2, 0, 0, 1, 2, 1, 2, 0, 1, 0, 0, 0, 0, 0, 0, 2, 2, 1, 2, 2, 0, 0, 2, 0, 2, 1, 2, 1, 0, 2, 0, 0, 0, 0, 2, 0, 0, 0, 2, 0, 0, 0, 1, 1, 0, 0, 1, 1, 2, 1, 0, 0, 0, 0, 0, 1, 0, 2, 2, 0, 1, 0, 0, 2, 1, 0, 0, 1, 0, 1, 1, 1, 1, 1, 0, 1, 1, 2, 1, 0, 1, 0, 0, 0, 0, 1, 0, 0, 2, 0, 0, 0, 1, 0, 1, 1, 0, 0, 1, 0, 2, 0, 0, 0, 0]
kfold targets 2: [1, 1, 0, 0, 0, 0, 1, 1, 2, 0, 0, 2, 0, 0, 0, 1, 0, 2, 1, 1, 1, 0, 2, 2, 1, 1, 0, 2, 0, 0, 0, 2, 1, 0, 1, 0, 1, 0, 0, 0, 2, 0, 1, 1, 0, 2, 1, 2, 0, 0, 0, 1, 0, 0, 1, 0, 1, 2, 0, 1, 1, 0, 2, 0, 0, 0, 1, 2, 0, 0, 0, 1, 1, 0, 2, 0, 1, 1, 0, 0, 0, 0, 1, 0, 1, 0, 2, 0, 0, 0, 2, 1, 2, 0, 0, 0, 0, 0, 0, 1, 0, 0, 2, 1, 0, 0, 0, 1, 2, 1, 0, 1, 2, 1, 2, 1, 2, 0, 2, 0, 2, 0, 0, 0, 1, 0, 1, 0, 0, 0, 1, 1, 2, 2, 1, 0, 0, 0, 0, 0, 1, 0, 1, 2, 0, 2, 2, 1, 1, 2, 2, 2, 0, 0, 0, 1, 1, 0, 0, 1, 0, 0, 0, 1, 2, 0, 0, 1, 0, 2, 2, 0, 0, 0, 2, 1, 0, 2, 2, 0, 1, 1, 0, 2, 0, 2, 2, 0, 0, 0, 2, 1, 0, 0, 2, 0, 2, 0, 0, 2, 0, 2, 2, 1, 2, 2, 2, 0, 0, 0, 1, 2, 1, 0, 1, 0, 0, 2, 0, 2, 1, 0, 0, 1, 2, 2, 2, 1, 2, 2, 0, 2, 0, 0, 1, 2, 0, 0, 1, 0, 0, 2, 2, 2, 0, 0, 0, 0, 0, 1, 2, 0, 0, 2, 2, 2, 2, 0, 1, 0, 0, 2, 0, 1, 0, 1, 1, 2, 2, 0, 0, 2, 0, 0, 0, 0, 0, 2, 0, 2, 1, 1, 1, 2, 0, 0, 0, 2, 1, 0, 1, 0, 0, 0, 0, 0, 0, 0, 0, 2, 0, 0, 0, 2, 2, 0, 0, 2, 0, 0, 1, 0, 0, 1, 2, 0, 1, 1, 1, 0, 0, 0, 1, 0, 0, 0, 0, 2, 1, 0, 1, 0, 2, 2, 1, 0, 1, 2, 2, 1, 2, 1, 2, 1, 0, 2, 0, 0, 0, 1, 0, 0, 2, 1, 0, 0, 0, 2, 2, 1, 1, 2, 0, 0, 1, 2, 0, 1, 1, 1, 1, 0, 2, 1, 2, 0, 1, 0, 1, 0, 0, 1, 2, 1, 0, 0, 0, 2, 1, 1, 0, 2, 1, 2, 0, 0, 0, 0, 0, 2, 1, 1, 0, 1, 2, 0, 0, 1, 2, 1, 2, 0, 0, 0, 2, 1, 1, 1, 0, 2, 2, 0, 1, 0, 2, 0, 2, 2, 0, 2, 0, 0, 2, 1, 2, 0, 1, 0, 0, 0, 1, 0, 1, 1, 0, 2, 1, 1, 2, 0, 1, 2, 2, 2, 2, 2, 2, 2, 1, 0, 0, 0, 0, 0, 0, 0, 2, 0, 2, 2, 1, 2, 0, 0, 2, 2, 0, 0, 2, 0, 0, 2, 0, 0, 0, 1, 1, 0, 2, 1, 2, 1, 1, 0, 1, 2, 2, 0, 0, 1, 2, 0, 2, 0, 2, 1, 1, 1, 2, 2, 2, 0, 2, 2, 2, 2, 0, 1, 0, 1, 0, 1, 2, 0, 0, 2, 2, 0, 0, 2, 2, 0, 2, 0, 0, 0, 1, 0, 2, 2, 0, 1, 2, 0, 2, 1, 0, 0, 1, 1, 1, 2, 1, 1, 0, 0, 0, 2, 0, 2, 0, 2, 1, 0, 2, 0, 0, 0, 2, 1, 0, 0, 0, 0, 1, 0, 1, 1, 0, 1, 2, 1, 0, 0, 2, 0, 0, 1, 2, 0, 2, 1, 0, 2, 2, 0, 1, 0, 2, 0, 2, 2, 2, 0, 0, 1, 0, 1, 1, 0, 2, 0, 2, 0, 0, 2, 0, 0, 0, 0, 0, 2, 1, 0, 0, 1, 2, 1, 2, 0, 0, 1, 1, 2, 1, 2, 0, 2, 0, 2, 2, 2, 0, 1, 1, 0, 2, 2, 2, 0, 2, 2, 0, 2, 2, 2, 1, 1, 0, 0, 2, 2, 0, 2, 0, 2, 0, 2, 0, 0, 1, 2, 2, 0, 0, 1, 1, 0, 2, 2, 0, 1, 0, 0, 2, 0, 0, 2, 0, 0, 0, 0, 1, 2, 0, 0, 2, 2, 1, 0, 1, 0, 0, 2, 1, 0, 0, 0, 0, 1, 0, 0, 0, 0, 2, 2, 1, 1, 2, 2, 0, 0, 2, 1, 2, 2, 0, 1, 1, 0, 0, 0, 1, 0, 0, 0, 2, 2, 0, 2, 2, 1, 1, 1, 1, 1, 0, 2, 0, 0, 2, 2, 0, 2, 0, 2, 0, 0, 0, 0, 0, 1, 0, 0, 0, 1, 2, 2, 0, 1, 1, 0, 0, 1, 1, 1, 1, 0, 1, 0, 0, 0, 0, 1, 0, 1, 2, 0, 0, 2, 2, 0, 0, 2, 0, 2, 1, 0, 0, 2, 1, 0, 1, 0, 0, 1, 0, 0, 2, 1, 2, 2, 0, 2, 0, 0, 2, 2, 0, 0, 0, 0, 0, 0, 0, 2, 2, 0, 0, 2, 1, 1, 1, 0, 2, 0, 2, 0, 1, 0, 1, 2, 2, 1, 0, 0, 0, 2, 0, 2, 1, 0, 2, 2, 0, 0, 0, 0, 0, 0, 0, 1, 1, 2, 1, 2, 0, 0, 0, 2, 0, 0, 2, 0, 2, 0, 1, 0, 0, 2, 0, 0, 0, 1, 1, 0, 0, 2, 1, 2, 0, 0, 1, 0, 2, 0, 2, 1, 0, 0, 0, 0, 0, 2, 2, 1, 2, 0, 2, 0, 0, 0, 0, 2, 0, 2, 2, 0, 2, 2, 2, 2, 2, 0, 0, 2, 2, 0, 1, 0, 2, 0, 2, 1, 0, 0, 0, 2, 0, 0, 0, 0, 2, 2, 1, 0, 0, 1, 0, 2, 2, 2, 0, 0, 0, 0, 0, 1, 1, 1, 0, 0, 0, 0, 0, 2, 0, 2, 0, 0, 1, 1, 0, 2, 2, 0, 1, 0, 1, 1, 0, 0, 2, 1, 2, 0, 0, 0, 0, 0, 0, 1, 2, 0, 0, 2, 0, 0, 2, 0, 0, 1, 1, 0, 0, 2, 1, 0, 1, 0, 0, 0, 1, 0, 1, 2, 2, 0, 2, 1, 1, 2, 1, 0, 2, 2, 2, 1, 0, 0, 0, 0, 0, 0, 2, 0, 0, 0, 2, 2, 0, 1, 0, 0, 2, 0, 0, 0, 2, 0, 0, 2, 0, 0, 2, 1, 1, 0, 0, 2, 2, 0, 1, 0, 2, 0, 0, 0, 0, 2, 0, 1, 2, 0, 1, 0, 1, 0, 0, 0, 2, 2, 0, 1, 0, 0, 0, 2, 0, 0, 2, 0, 2, 0, 1, 1, 0, 0, 1, 0, 0, 0, 1, 1, 1, 1, 1, 0, 2, 1, 0, 2, 2, 0, 0, 0, 0, 0, 2, 0, 2, 0, 1, 0, 1, 1, 0, 0, 1, 1, 0, 1, 1, 0, 1, 0, 0, 1, 1, 0, 0, 2, 2, 1, 0, 0, 1, 0, 2, 1, 0, 0, 0, 0, 0, 2, 2, 0, 2, 0, 0, 0, 0, 2, 2, 0, 0, 0, 0, 2, 2, 2, 2, 1, 0, 0, 2, 2, 2, 2, 0, 0, 0, 1, 1, 2, 0, 0, 0, 1, 1, 1, 0, 1, 2, 0, 0, 0, 0, 0, 2, 2, 2, 1, 2, 1, 2, 0, 1, 0, 0, 1, 0, 2, 2, 0, 1, 2, 0, 2, 0, 0, 2, 1, 2, 2, 0, 2, 0, 0, 2, 1, 2, 2, 0, 2, 1, 2, 2, 0, 0, 0, 2, 0, 0, 0, 2, 1, 0, 1, 2, 0, 0, 1, 0, 0, 2, 1, 1, 1, 0, 0, 2, 1, 1, 1, 0, 1, 0, 1, 0, 2, 0, 1, 2, 0, 2, 0, 1, 0, 0, 1, 0, 0, 0, 1, 1, 2, 0, 0, 0, 2, 1, 0, 2, 0, 2, 0, 1, 0, 2, 2, 0, 0, 0, 0, 2, 2, 2, 1, 2, 1, 2, 2, 2, 0, 0, 1, 0, 0, 0, 0, 0, 0, 0, 2, 2, 0, 1, 1, 0, 0, 0, 0, 1, 1, 2, 0, 0, 2, 1, 1, 0, 2, 2, 1, 1, 0, 2, 1, 2, 0, 2, 2, 0, 0, 0, 0, 2, 0, 0, 0, 2, 0, 2, 0, 0, 1, 2, 1, 0, 1, 2, 2, 1, 0, 0, 0, 1, 2, 2, 0, 2, 0, 1, 1, 0, 0, 1, 2, 0, 0, 1, 2, 2, 0, 1, 0, 1, 1, 2, 0, 2, 2, 2, 2, 0, 0, 0, 0, 0, 1, 0, 0, 2, 1, 0, 0, 0, 2, 2, 0, 1, 0, 2, 2, 0, 0, 1, 0, 0, 2, 2, 0, 1, 1, 1, 0, 2, 2, 2, 0, 0, 0, 0, 0, 0, 2, 2, 1, 2, 0, 0, 2, 0, 0, 1, 0, 0, 0, 0, 1, 0, 0, 2, 1, 0, 2, 2, 0, 0, 0, 0, 1, 0, 0, 2, 1, 0, 1, 0, 2, 0, 1, 0, 0, 0, 0, 0, 0, 0, 2, 2, 2, 1, 2, 0, 0, 0, 1, 1, 1, 0, 0, 0, 1, 0, 0, 2, 0, 1, 2, 0, 0, 0, 2, 2, 2, 1, 0, 0, 1, 0, 2, 1, 2, 1, 2, 2, 2, 1, 2, 2, 1, 1, 0, 1, 0, 0, 0, 2, 1, 1, 0, 1, 2, 1, 1, 0, 2, 0, 2, 1, 0, 0, 2, 1, 2, 1, 0, 2, 1, 0, 0, 2, 0, 0, 1, 0, 1, 0, 0, 0, 1, 0, 1, 2, 1, 0, 0, 2, 1, 0, 1, 2, 0, 0, 0, 1, 2, 1, 0, 1, 1, 1, 2, 0, 0, 0, 2, 1, 0, 2, 0, 1, 0, 2, 2, 0, 1, 0, 2, 0, 2, 0, 0, 0, 1, 0, 1, 1, 0, 0, 0, 0, 2, 2, 1, 0, 0, 0, 0, 1, 2, 2, 1, 0, 0, 0, 0, 2, 0, 1, 1, 2, 2, 1, 0, 2, 2, 2, 0, 0, 2, 0, 2, 0, 2, 1, 0, 0, 2, 1, 2, 0, 0, 2, 1, 1, 1, 2, 0, 0, 0, 2, 1, 2, 0, 1, 0, 2, 1, 2, 0, 0, 0, 1, 2, 0, 1, 0, 0, 2, 1, 2, 1, 0, 1, 1, 1, 1, 1, 0, 0, 0, 2, 1, 1, 0, 2, 0, 0, 0, 0, 1, 1, 0, 1, 0, 2, 0, 0, 1, 2, 0, 1, 2, 1, 0, 1, 2, 0, 2, 1, 1, 1, 0, 0, 0, 0, 2, 1, 1, 1, 0, 0, 1, 0, 2, 0, 0, 1, 0, 1, 2, 0, 0, 1, 1, 1, 0, 0, 1, 0, 1, 0, 0, 0, 0, 0, 1, 2, 0, 2, 1, 1, 0, 0, 1, 0, 2, 0, 0, 0, 2, 0, 0, 0, 0, 0, 2, 0, 1, 1, 0, 0, 2, 0, 2, 2, 1, 0, 2, 2, 0, 0, 1, 1, 0, 1, 2, 2, 2, 0, 2, 1, 0, 0, 2, 1, 0, 0, 1, 0, 0, 0, 2, 0, 1, 1, 0, 2, 1, 2, 1, 0, 0, 0, 0, 0, 1, 1, 1, 0, 2, 0, 0, 2, 0, 2, 0, 1, 2, 2, 0, 0, 2, 0, 2, 0, 1, 0, 0, 2, 1, 2, 2, 0, 0, 2, 0, 0, 0, 1, 0, 2, 2, 1, 0, 1, 2, 2, 1, 1, 0, 0, 0, 1, 1, 0, 1, 2, 2, 0, 2, 2, 0, 1, 2, 2, 1, 1, 0, 2, 1, 0, 2, 2, 1, 0, 1, 0, 1, 1, 0, 1, 2, 0, 1, 0, 1, 1, 1, 1, 2, 0, 0, 2, 1, 2, 1, 1, 1, 0, 0, 2, 0, 0, 2, 2, 2, 0, 2, 0, 0, 0, 0, 0, 1, 1, 0, 0, 1, 1, 2, 2, 1, 0, 2, 0, 2, 0, 0, 0, 0, 2, 0, 2, 0, 0, 0, 2, 0, 0, 2, 0, 2, 0, 0, 0, 0, 0, 1, 1, 0, 1, 0, 2, 0, 1, 0, 1, 0, 0, 2, 2, 1, 2, 0, 0, 0, 0, 0, 0, 0, 0, 2, 0, 0, 1, 0, 0, 1, 0, 0, 2, 0, 1, 0, 2, 2, 2, 1, 2, 0, 0, 1, 1, 0, 0, 0, 0, 1, 0, 2, 0, 2, 1, 1, 1, 0, 0, 0, 1, 1, 1, 0, 0, 2, 2, 0, 0, 2, 0, 2, 0, 1, 2, 0, 1, 0, 2, 0, 1, 2, 2, 1, 2, 2, 0, 2, 0, 1, 2, 2, 2, 1, 0, 0, 0, 0, 0, 2, 0, 0, 2, 0, 0, 0, 0, 2, 2, 0, 0, 2, 2, 0, 1, 0, 0, 0, 2, 1, 2, 1, 2, 0, 0, 1, 1, 0, 0, 0, 2, 0, 2, 1, 1, 1, 2, 2, 2, 0, 0, 0, 2, 0, 2, 0, 1, 0, 0, 0, 0, 0, 1, 1, 1, 0, 0, 1, 0, 0, 0, 1, 2, 0, 1, 2, 1, 1, 0, 2, 0, 0, 1, 1, 1, 1, 2, 0, 0, 0, 2, 0, 0, 1, 2, 2, 0, 0, 2, 0, 0, 0, 0, 2, 1, 0, 0, 2, 1, 2, 0, 1, 1, 1, 0, 2, 1, 2, 2, 0, 1, 0, 0, 1, 0, 0, 1, 2, 2, 0, 2, 0, 0, 2, 0, 2, 2, 1, 0, 1, 1, 2, 0, 0, 0, 0, 0, 2, 1, 2, 0, 2, 2, 0, 0, 0, 1, 0, 0, 0, 2, 0, 0, 0, 1, 1, 0, 0, 0, 2, 2, 0, 0, 1, 1, 0, 2, 2, 2, 1, 0, 2, 0, 1, 1, 2, 2, 2, 2, 0, 0, 0, 0, 0, 0, 0, 0, 2, 0, 1, 2, 0, 0, 0, 0, 0, 0, 0, 0, 0, 0, 0, 0, 0, 0, 1, 2, 0, 2, 2, 1, 0, 0, 2, 0, 2, 0, 0, 1, 1, 2, 2, 2, 0, 0, 0, 2, 0, 2, 2, 1, 1, 0, 0, 2, 1, 0, 2, 1, 0, 0, 0, 2, 0, 0, 2, 0, 0, 0, 1, 2, 0, 1, 2, 1, 0, 2, 2, 0, 0, 2, 2, 2, 0, 2, 2, 1, 1, 2, 2, 2, 0, 2, 2, 0, 0, 0, 2, 0, 2, 0, 0, 1, 0, 2, 2, 1, 2, 2, 2, 1, 1, 0, 1, 0, 1, 0, 0, 1, 1, 1, 0, 1, 2, 2, 0, 0, 2, 0, 1, 0, 1, 1, 2, 2, 1, 0, 1, 1, 2, 0, 0, 1, 0, 2, 1, 1, 0, 1, 0, 2, 0, 2, 2, 0, 0, 1, 1, 2, 2, 1, 2, 0, 2, 1, 2, 2, 0, 0, 1, 2, 0, 2, 0, 1, 1, 0, 2, 0, 0, 2, 2, 0, 2, 0, 0, 0, 0, 2, 1, 1, 1, 2, 0, 2, 1, 0, 0, 1, 0, 1, 0, 2, 1, 0, 0, 0, 2, 2, 2, 0, 0, 0, 0, 0, 0, 2, 0, 0, 0, 0, 0, 0, 1, 2, 0, 2, 2, 0, 0, 2, 1, 0, 1, 2, 2, 1, 1, 0, 0, 0, 0, 0, 0, 1, 0, 0, 2, 2, 0, 0, 1, 0, 2, 0, 0, 1, 1, 0, 2, 0, 0, 2, 1, 0, 0, 2, 1, 1, 2, 0, 2, 1, 1, 0, 1, 0, 2, 2, 0, 0, 2, 2, 2, 2, 2, 2, 1, 0, 1, 1, 1, 0, 1, 1, 2, 1, 0, 2, 2, 2, 1, 1, 2, 0, 0, 0, 0, 0, 1, 0, 0, 0, 0, 2, 0, 0, 1, 1, 2, 2, 2, 0, 2, 2, 1, 1, 0, 0, 0, 0, 0, 0, 2, 2, 0, 1, 1, 1, 0, 0, 0, 0, 0, 2, 1, 0, 1, 0, 2, 2, 2, 1, 2, 1, 2, 2, 2, 2, 0, 0, 1, 0, 0, 2, 1, 1, 1, 2, 0, 0, 2, 0, 1, 1, 2, 1, 0, 2, 0, 0, 0, 0, 2, 0, 0, 0, 2, 0, 2, 0, 1, 1, 0, 0, 1, 2, 1, 1, 0, 0, 0, 0, 0, 2, 0, 2, 0, 0, 1, 0, 0, 2, 1, 0, 0, 1, 0, 1, 2, 1, 2, 1, 0, 2, 1, 1, 1, 0, 1, 0, 0, 0, 0, 1, 0, 0, 2, 0, 0, 0, 1, 0, 1, 1, 0, 0, 2, 0, 2, 0, 2, 0, 0]
0.7935222672064778
array([[1285,    2,    7],
       [  51,  448,  165],
       [ 184,  152,  423]])
