epoch: 1
100
97.17271709442139
200
185.2936224937439
300
270.1208894252777
400
354.17342877388
500
438.74686336517334
600
523.9791276454926
Epoch: 1 | Training Loss: 0.629678 | Train ACC: 0.7289
epoch: 2
100
673.7592785358429
200
756.2015280723572
300
838.5704338550568
400
921.3930203914642
500
1008.9192497730255
600
1092.828463792801
Epoch: 2 | Training Loss: 0.473067 | Train ACC: 0.7992
epoch: 3
100
1235.79328250885
200
1325.9804289340973
300
1414.9153504371643
400
1501.58642244339
500
1588.121976852417
600
1676.8664078712463
Epoch: 3 | Training Loss: 0.412432 | Train ACC: 0.8222
epoch: 4
100
1830.6053993701935
200
1916.7019062042236
300
2001.6052045822144
400
2089.9177980422974
500
2178.975018978119
600
2262.4828979969025
Epoch: 4 | Training Loss: 0.366175 | Train ACC: 0.8428
epoch: 5
100
2404.2586686611176
200
2488.685528278351
300
2576.086688518524
400
2664.792065858841
500
2752.690626859665
600
2830.0001759529114
Epoch: 5 | Training Loss: 0.339071 | Train ACC: 0.8598
epoch: 6
100
2972.4220435619354
200
3060.090051651001
300
3147.3195917606354
400
3233.9160521030426
500
3319.3829724788666
600
3406.0895166397095
Epoch: 6 | Training Loss: 0.295436 | Train ACC: 0.8769
epoch: 7
100
3560.1370203495026
200
3644.996290206909
300
3733.3822734355927
400
3816.1484348773956
500
3901.6085307598114
600
3987.782459497452
Epoch: 7 | Training Loss: 0.280277 | Train ACC: 0.8881
epoch: 8
100
4140.383425951004
200
4226.403165817261
300
4305.475811243057
400
4379.129256486893
500
4455.827237844467
600
4529.002980232239
Epoch: 8 | Training Loss: 0.249928 | Train ACC: 0.9004
epoch: 9
100
4665.430382490158
200
4738.487777709961
300
4812.852550029755
400
4893.67200422287
500
4977.071050643921
600
5059.088978052139
Epoch: 9 | Training Loss: 0.226978 | Train ACC: 0.9058
epoch: 10
100
5206.152054309845
200
5279.375042915344
300
5351.086887836456
400
5420.7864718437195
500
5498.782228708267
600
5573.917001247406
Epoch: 10 | Training Loss: 0.210087 | Train ACC: 0.9157
epoch: 11
100
5701.405169010162
200
5774.529806137085
300
5847.534589290619
400
5919.038286447525
500
5989.852915763855
600
6062.508272409439
Epoch: 11 | Training Loss: 0.211392 | Train ACC: 0.9142
epoch: 12
100
6187.118913888931
200
6265.078862190247
300
6346.740320682526
400
6420.712759017944
500
6503.908430814743
600
6575.621547937393
Epoch: 12 | Training Loss: 0.174839 | Train ACC: 0.9299
epoch: 13
100
6705.8147666454315
200
6776.98101234436
300
6852.313361406326
400
6926.250600576401
500
6998.6685383319855
600
7071.589290857315
Epoch: 13 | Training Loss: 0.163938 | Train ACC: 0.9376
epoch: 14
100
7197.144341468811
200
7266.6649470329285
300
7337.576495885849
400
7410.851212501526
500
7484.053504228592
600
7555.203588247299
Epoch: 14 | Training Loss: 0.140134 | Train ACC: 0.9474
epoch: 15
100
7686.910519838333
200
7756.88134598732
300
7827.841265678406
400
7897.7147533893585
500
7967.475135803223
600
8043.852716684341
Epoch: 15 | Training Loss: 0.140157 | Train ACC: 0.9470
epoch: 16
100
8179.245952606201
200
8250.394413948059
300
8325.254235506058
400
8399.282106637955
500
8468.201689481735
600
8542.867182016373
Epoch: 16 | Training Loss: 0.143443 | Train ACC: 0.9457
epoch: 17
100
8677.456765651703
200
8751.604172945023
300
8822.25830078125
400
8901.978835582733
500
8973.552133083344
600
9044.918510437012
Epoch: 17 | Training Loss: 0.128657 | Train ACC: 0.9518
epoch: 18
100
9171.028188467026
200
9243.441468000412
300
9312.42819595337
400
9378.867614746094
500
9450.857513666153
600
9520.271735429764
Epoch: 18 | Training Loss: 0.118271 | Train ACC: 0.9536
epoch: 19
100
9650.113379478455
200
9722.144973993301
300
9794.850920677185
400
9866.615786790848
500
9937.782512426376
600
10012.196012735367
Epoch: 19 | Training Loss: 0.108586 | Train ACC: 0.9580
epoch: 20
100
10143.583054304123
200
10216.365357160568
300
10290.227231740952
400
10360.651559591293
500
10433.60976266861
600
10506.980205059052
Epoch: 20 | Training Loss: 0.088087 | Train ACC: 0.9687
Training complete in 176m 6s
Validation Loss: 0.736654 | Validation ACC: 0.8392
epoch: 1
100
72.10255098342896
200
143.05908703804016
300
214.52914810180664
400
285.57627868652344
500
358.758581161499
600
430.02969884872437
Epoch: 1 | Training Loss: 0.623218 | Train ACC: 0.7290
epoch: 2
100
557.8084623813629
200
630.6511061191559
300
704.313493013382
400
777.9013409614563
500
850.9219391345978
600
923.9917271137238
Epoch: 2 | Training Loss: 0.462805 | Train ACC: 0.8098
epoch: 3
100
1053.2615962028503
200
1124.9061110019684
300
1196.2874438762665
400
1267.557742357254
500
1339.8640100955963
600
1412.8202407360077
Epoch: 3 | Training Loss: 0.409407 | Train ACC: 0.8305
epoch: 4
100
1543.0640079975128
200
1617.0179669857025
300
1690.1603782176971
400
1764.3265149593353
500
1837.5667176246643
600
1910.3549647331238
Epoch: 4 | Training Loss: 0.361497 | Train ACC: 0.8524
epoch: 5
100
2041.6181058883667
200
2117.138796567917
300
2189.109443664551
400
2262.9284772872925
500
2335.4775924682617
600
2407.692451238632
Epoch: 5 | Training Loss: 0.324948 | Train ACC: 0.8718
epoch: 6
100
2537.6324672698975
200
2610.704689979553
300
2684.188939809799
400
2757.2649409770966
500
2829.6272673606873
600
2902.9611654281616
Epoch: 6 | Training Loss: 0.301450 | Train ACC: 0.8765
epoch: 7
100
3033.2663667201996
200
3107.6593873500824
300
3182.369668006897
400
3258.397360563278
500
3333.25883936882
600
3409.237720489502
Epoch: 7 | Training Loss: 0.270754 | Train ACC: 0.8876
epoch: 8
100
3538.145025730133
200
3609.3892843723297
300
3682.1430768966675
400
3753.8432371616364
500
3824.8447937965393
600
3897.664139986038
Epoch: 8 | Training Loss: 0.251517 | Train ACC: 0.8970
epoch: 9
100
4028.687605857849
200
4103.1000020504
300
4177.315315008163
400
4250.783245563507
500
4325.175301790237
600
4401.692882299423
Epoch: 9 | Training Loss: 0.229622 | Train ACC: 0.9091
epoch: 10
100
4534.287747859955
200
4608.9926545619965
300
4682.516889095306
400
4755.748380899429
500
4828.018422842026
600
4904.033663034439
Epoch: 10 | Training Loss: 0.206630 | Train ACC: 0.9141
epoch: 11
100
5035.276223182678
200
5108.034103870392
300
5180.946595668793
400
5254.216232061386
500
5326.696474313736
600
5401.753093004227
Epoch: 11 | Training Loss: 0.198302 | Train ACC: 0.9196
epoch: 12
100
5533.214330434799
200
5606.289001226425
300
5680.419358253479
400
5754.2738745212555
500
5828.997370958328
600
5900.142395973206
Epoch: 12 | Training Loss: 0.178040 | Train ACC: 0.9264
epoch: 13
100
6027.130709886551
200
6100.266304016113
300
6174.091736078262
400
6248.465645313263
500
6318.219228744507
600
6390.019122362137
Epoch: 13 | Training Loss: 0.176118 | Train ACC: 0.9303
epoch: 14
100
6526.70148730278
200
6597.111110448837
300
6668.163715600967
400
6737.342507362366
500
6807.592185974121
600
6882.158936738968
Epoch: 14 | Training Loss: 0.175651 | Train ACC: 0.9316
epoch: 15
100
7014.714475870132
200
7096.7158262729645
300
7171.65266084671
400
7239.915729045868
500
7310.63213300705
600
7379.691672325134
Epoch: 15 | Training Loss: 0.146774 | Train ACC: 0.9419
epoch: 16
100
7508.247139453888
200
7586.011178970337
300
7655.776253700256
400
7725.42045211792
500
7809.763539791107
600
7893.019417524338
Epoch: 16 | Training Loss: 0.126416 | Train ACC: 0.9527
epoch: 17
100
8041.02468752861
200
8111.68528676033
300
8182.800245761871
400
8253.328225135803
500
8323.843456029892
600
8394.292112827301
Epoch: 17 | Training Loss: 0.129344 | Train ACC: 0.9487
epoch: 18
100
8522.553881645203
200
8591.870680332184
300
8662.531987905502
400
8733.621449232101
500
8812.265431404114
600
8887.661239862442
Epoch: 18 | Training Loss: 0.120589 | Train ACC: 0.9568
epoch: 19
100
9014.473773002625
200
9086.372288703918
300
9157.795440912247
400
9228.698915481567
500
9298.462507486343
600
9366.8468811512
Epoch: 19 | Training Loss: 0.105254 | Train ACC: 0.9590
epoch: 20
100
9493.592036247253
200
9564.053117990494
300
9645.190269947052
400
9722.091366767883
500
9802.167571306229
600
9872.743640899658
Epoch: 20 | Training Loss: 0.103688 | Train ACC: 0.9636
Training complete in 165m 32s
Validation Loss: 2.852927 | Validation ACC: 0.5819
epoch: 1
100
70.34008359909058
200
139.4394567012787
300
209.34456157684326
400
278.53835582733154
500
351.43391370773315
600
421.1312804222107
Epoch: 1 | Training Loss: 0.619981 | Train ACC: 0.7354
epoch: 2
100
545.9450674057007
200
620.7230188846588
300
692.050329208374
400
764.3405013084412
500
836.9817667007446
600
906.4339203834534
Epoch: 2 | Training Loss: 0.467365 | Train ACC: 0.8024
epoch: 3
100
1034.958431005478
200
1103.0361683368683
300
1173.6431279182434
400
1244.4724433422089
500
1313.5408165454865
600
1385.279382944107
Epoch: 3 | Training Loss: 0.404216 | Train ACC: 0.8307
epoch: 4
100
1518.5163805484772
200
1589.488795042038
300
1659.795821428299
400
1730.9607121944427
500
1802.415295124054
600
1874.3597116470337
Epoch: 4 | Training Loss: 0.346431 | Train ACC: 0.8565
epoch: 5
100
2006.1829268932343
200
2076.8455102443695
300
2146.107335805893
400
2219.2810299396515
500
2292.7689735889435
600
2364.9274055957794
Epoch: 5 | Training Loss: 0.318534 | Train ACC: 0.8648
epoch: 6
100
2492.204556465149
200
2564.4775462150574
300
2639.584008216858
400
2714.465606689453
500
2789.705099105835
600
2862.865332365036
Epoch: 6 | Training Loss: 0.292350 | Train ACC: 0.8756
epoch: 7
100
2990.2234919071198
200
3061.4840095043182
300
3130.550856113434
400
3200.570576429367
500
3271.6475777626038
600
3346.4225902557373
Epoch: 7 | Training Loss: 0.262184 | Train ACC: 0.8940
epoch: 8
100
3476.530766248703
200
3551.0590176582336
300
3625.2404239177704
400
3697.6531631946564
500
3767.9523878097534
600
3839.259536266327
Epoch: 8 | Training Loss: 0.237683 | Train ACC: 0.9029
epoch: 9
100
3973.1462802886963
200
4048.8417978286743
300
4123.722503185272
400
4196.979586362839
500
4271.534842252731
600
4346.398246765137
Epoch: 9 | Training Loss: 0.209595 | Train ACC: 0.9170
epoch: 10
100
4476.308830022812
200
4547.2428143024445
300
4618.703022003174
400
4692.264084100723
500
4764.5574333667755
600
4836.609016180038
Epoch: 10 | Training Loss: 0.209654 | Train ACC: 0.9168
epoch: 11
100
4968.867616653442
200
5040.620529651642
300
5113.27987909317
400
5187.321151256561
500
5262.5480926036835
600
5337.147836923599
Epoch: 11 | Training Loss: 0.172338 | Train ACC: 0.9299
epoch: 12
100
5470.820930242538
200
5545.335424661636
300
5616.197427988052
400
5689.141832590103
500
5761.535122871399
600
5833.819038152695
Epoch: 12 | Training Loss: 0.175490 | Train ACC: 0.9295
epoch: 13
100
5963.826902627945
200
6035.185399770737
300
6109.595935583115
400
6184.734410762787
500
6259.491969347
600
6333.4762988090515
Epoch: 13 | Training Loss: 0.165735 | Train ACC: 0.9351
epoch: 14
100
6467.35996222496
200
6542.301457643509
300
6614.853768825531
400
6688.278064966202
500
6760.82740187645
600
6833.070702791214
Epoch: 14 | Training Loss: 0.145838 | Train ACC: 0.9420
epoch: 15
100
6964.203117847443
200
7034.577145814896
300
7104.488942146301
400
7176.920999288559
500
7252.937433719635
600
7326.094393253326
Epoch: 15 | Training Loss: 0.126715 | Train ACC: 0.9477
epoch: 16
100
7458.156223297119
200
7531.59649014473
300
7606.524482965469
400
7682.040682792664
500
7756.296367645264
600
7831.549327373505
Epoch: 16 | Training Loss: 0.132370 | Train ACC: 0.9494
epoch: 17
100
7960.63702583313
200
8031.872759103775
300
8105.172458648682
400
8177.372108221054
500
8248.412679672241
600
8321.758251428604
Epoch: 17 | Training Loss: 0.109138 | Train ACC: 0.9579
epoch: 18
100
8451.723648786545
200
8524.182937383652
300
8596.46610546112
400
8669.150558948517
500
8742.501319646835
600
8816.559207201004
Epoch: 18 | Training Loss: 0.114296 | Train ACC: 0.9553
epoch: 19
100
8946.01646065712
200
9018.945402860641
300
9093.197642803192
400
9166.22425031662
500
9240.464476585388
600
9310.775344371796
Epoch: 19 | Training Loss: 0.101989 | Train ACC: 0.9628
epoch: 20
100
9440.948249578476
200
9512.383053541183
300
9589.016168355942
400
9662.060678005219
500
9735.615181922913
600
9805.554260015488
Epoch: 20 | Training Loss: 0.093541 | Train ACC: 0.9639
Training complete in 164m 24s
Validation Loss: 0.730909 | Validation ACC: 0.8450
kfold preds 0: [0, 2, 0, 0, 2, 0, 1, 1, 2, 0, 0, 0, 0, 0, 0, 1, 2, 1, 1, 0, 2, 0, 2, 2, 1, 0, 0, 0, 0, 0, 0, 2, 0, 0, 0, 0, 0, 1, 1, 0, 2, 0, 1, 2, 0, 2, 1, 1, 0, 1, 1, 2, 0, 0, 2, 0, 0, 1, 0, 0, 1, 1, 0, 0, 0, 0, 1, 0, 0, 0, 0, 1, 0, 0, 0, 0, 2, 1, 1, 0, 0, 0, 0, 0, 0, 0, 1, 0, 0, 0, 1, 1, 1, 1, 0, 0, 0, 0, 0, 2, 0, 0, 0, 1, 1, 0, 0, 2, 2, 0, 0, 0, 2, 0, 2, 2, 1, 0, 2, 2, 0, 0, 0, 0, 1, 0, 0, 0, 0, 2, 2, 2, 1, 2, 0, 0, 0, 1, 0, 0, 1, 0, 1, 2, 0, 1, 2, 1, 0, 0, 2, 0, 0, 0, 1, 0, 2, 0, 1, 1, 2, 0, 2, 0, 1, 0, 0, 1, 0, 1, 2, 0, 0, 0, 2, 1, 0, 2, 2, 0, 2, 0, 0, 1, 0, 1, 2, 0, 2, 0, 1, 1, 0, 0, 0, 1, 2, 0, 0, 1, 0, 2, 2, 0, 0, 2, 2, 0, 0, 0, 2, 0, 0, 0, 0, 1, 0, 2, 0, 2, 1, 1, 0, 1, 2, 2, 0, 0, 1, 0, 0, 0, 0, 0, 2, 2, 0, 2, 2, 0, 0, 1, 2, 0, 0, 0, 1, 0, 1, 0, 0, 0, 0, 1, 0, 0, 1, 0, 2, 0, 0, 1, 0, 2, 0, 1, 0, 0, 2, 0, 2, 2, 1, 0, 0, 2, 0, 0, 0, 2, 1, 0, 1, 2, 0, 1, 0, 1, 1, 2, 1, 2, 1, 0, 0, 0, 0, 0, 2, 2, 0, 0, 0, 2, 2, 0, 0, 0, 0, 0, 0, 1, 0, 0, 2, 0, 0, 1, 0, 0, 0, 0, 0, 0, 0, 0, 0, 1, 1, 0, 1, 0, 0, 2, 2, 0, 2, 0, 0, 0, 1, 0, 1, 1, 0, 0, 0, 1, 0, 0, 0, 1, 0, 1, 0, 0, 0, 1, 1, 1, 1, 2, 0, 1, 0, 0, 0, 1, 0, 0, 1, 2, 0, 1, 2, 0, 1, 0, 0, 0, 0, 0, 1, 0, 0, 0, 1, 2, 1, 0, 0, 0, 1, 0, 0, 0, 2, 0, 0, 0, 2, 2, 0, 1, 2, 1, 0, 0, 2, 0, 2, 0, 0, 0, 2, 1, 0, 1, 0, 2, 0, 0, 2, 0, 1, 2, 0, 2, 0, 2, 0, 0, 1, 0, 2, 0, 0, 1, 0, 0, 2, 0, 1, 0, 1, 0, 2, 2, 1, 0, 1, 2, 0, 1, 1, 2, 2, 2, 2, 0, 0, 0, 0, 0, 1, 0, 0, 0, 1, 2, 2, 1, 0, 0, 0, 1, 0, 0, 1, 0, 0, 1, 0, 1, 0, 2, 1, 0, 0, 0, 0, 1, 1, 0, 0, 2, 2, 0, 1, 2, 1, 0, 2, 0, 0, 2, 0, 1, 1, 0, 2, 2, 2, 1, 0, 2, 0, 2, 0, 0, 2, 1, 0, 0, 2, 2, 2, 0, 0, 0, 2, 0, 1, 0, 0, 0, 1, 0, 1, 2, 0, 1, 1, 0, 1, 1, 1, 0, 1, 2, 1, 0, 2, 2, 0, 0, 0, 2, 2, 1, 0, 0, 1, 0, 2, 0, 0, 0, 0, 1, 0, 0, 0, 0, 0, 0, 1, 2, 1, 1, 1, 1, 0, 0, 0, 0, 0, 1, 2, 1, 2, 1, 0, 2, 2, 0, 0, 0, 0, 0, 0, 0, 1, 1, 0, 1, 0, 1, 1, 0, 1, 0, 1, 0, 0, 2, 2, 0, 0, 0, 0, 1, 1, 0, 0, 0, 1, 0, 2, 0, 0, 1, 1, 0, 0, 2, 1, 0, 0, 2, 1, 2, 0, 2, 2, 1, 2, 0, 2, 2, 0, 0, 0, 2, 0, 0, 0, 0, 0, 0, 0, 1, 0, 2, 0, 1, 0, 0, 0, 1, 2, 0, 0, 0, 0, 2, 1, 0, 1, 2, 1, 0, 1, 0, 2, 0, 0, 2, 0, 0, 0, 0, 0, 0, 0, 0, 2, 0, 2, 0, 2, 0, 0, 1, 1, 0, 2, 0, 0, 0, 0, 0, 0, 0, 0, 0, 0, 2, 1, 0, 0, 0, 2, 1, 0, 2, 0, 0, 1, 0, 0, 0, 2, 0, 1, 1, 0, 1, 0, 2, 2, 1, 1, 1, 1, 1, 0, 2, 0, 1, 2, 0, 0, 0, 2, 2, 0, 0, 0, 0, 2, 2, 0, 0, 0, 0, 1, 1, 0, 0, 0, 0, 2, 0, 1, 0, 2, 0, 1, 0, 0, 1, 0, 1, 0, 2, 0, 0, 0, 0, 0, 0, 0, 1, 0, 2, 1, 1, 0, 2, 2, 0, 1, 2, 2, 1, 0, 0, 2, 1, 1, 2, 2, 2, 0, 2, 1, 2, 0, 0, 2, 1, 0, 1, 0, 2, 1, 0, 0, 2, 1, 1, 2, 0, 1, 1, 0, 0, 1, 0, 0, 1, 1, 1, 0, 0, 0, 1, 0, 2, 2, 0, 1, 2, 0, 0, 0, 0, 1, 0, 0, 1, 1, 2, 1, 2, 1, 0, 0, 0, 0, 0, 1, 0, 0, 0, 0, 0, 0, 1, 0, 0, 0, 0, 1, 0, 0, 0, 2, 0, 0, 0, 1, 1, 2, 0, 2, 1, 0, 0, 0, 0, 0, 2, 2, 2, 1, 1, 2, 0, 2, 0, 0, 2, 0, 0, 0, 0, 1, 0, 1, 0, 2, 0, 0, 0, 0, 1, 1, 0, 2, 0, 2, 1, 0, 0, 0, 2, 0, 0, 0, 0, 2, 2, 0, 0, 0, 0, 0, 2, 1, 1, 0, 0, 2, 0, 0, 1, 0, 0, 0, 0, 0, 0, 0, 2, 0, 2, 0, 1, 0, 1, 1, 2, 0, 0, 0, 0, 0, 1, 0, 0, 2, 0, 2, 0, 1, 0, 0, 2, 0, 1, 2, 0, 0, 2, 0, 2, 0, 0, 0, 1, 1, 0, 2, 0, 1, 0, 2, 0, 0, 0, 1, 0, 1, 0, 0, 2, 1, 2, 2, 2, 2, 0, 2, 2, 2, 0, 0, 0, 1, 1, 2, 0, 1, 0, 0, 0, 1, 1, 0, 0, 1, 0, 1, 0, 0, 0, 2, 0, 0, 1, 0, 0, 1, 0, 0, 0, 0, 2, 0, 0, 0, 0, 2, 0, 2, 1, 2, 0, 0, 1, 2, 0, 0, 0, 1, 0, 0, 0, 0, 2, 0, 1, 0, 0, 0, 0, 0, 0, 1, 0, 0, 0, 1, 1, 0, 0, 0, 0, 0, 0, 0, 1, 2, 2, 1, 0, 0, 2, 0, 2, 0, 1, 1, 0, 0, 0, 1, 1, 0, 1, 2, 0, 0, 2, 0, 0, 2, 1, 0, 1, 1, 1, 1, 0, 0, 0, 1, 0, 1, 2, 2, 2, 0, 1, 0, 0, 2, 2, 2, 0, 0, 0, 2, 1, 1, 0, 1, 0, 1, 0, 0, 0, 2, 0, 0, 0, 0, 1, 1, 0, 0, 0, 0, 0, 1, 2, 1, 0, 1, 1, 0, 1, 2, 1, 0, 1, 0, 1, 2, 0, 0, 1, 1, 0, 0, 0, 1, 0, 0, 2, 0, 0, 1, 1, 2, 0, 0, 0, 0, 1, 0, 1, 2, 0, 2, 2, 0, 1, 0, 2, 2, 1, 1, 2, 0, 2, 0, 0, 2, 2, 2, 0, 0, 2, 1, 0, 0, 2, 0, 0, 1, 0, 0, 0, 2, 2, 0, 2, 2, 0, 1, 1, 0, 0, 0, 1, 0, 0, 0, 1, 2, 2, 1, 1, 0, 0, 0, 0, 0, 1, 0, 0, 0, 0, 1, 0, 0, 1, 1, 0, 0, 0, 0, 0, 1, 1, 0, 2, 0, 1, 0, 0, 2, 0, 2, 0, 1, 0, 1, 2, 0, 0, 0, 1, 2, 2, 1, 2, 0, 2, 1, 2, 2, 0, 0, 1, 1, 0, 0, 0, 1, 0, 0, 0, 2, 0, 0, 2, 0, 1, 0, 2, 0, 1, 1, 0, 0, 1, 1, 2, 0, 2, 0, 2, 2, 2, 1, 2, 0, 0, 2, 2, 0, 0, 2, 0, 2, 2, 0, 2, 0, 0, 2, 0, 0, 1, 2, 2, 0, 1, 2, 1, 1, 0, 2, 0, 0, 2, 0, 1, 2, 0, 1, 2, 0, 1, 1, 2, 0, 0, 1, 2, 1, 0, 2, 0, 1, 1, 0, 0, 1, 1, 0, 0, 0, 0, 0, 0, 0, 2, 0, 0, 2, 1, 0, 1, 0, 0, 2, 0, 2, 1, 0, 2, 0, 0, 1, 0, 0, 2, 0, 0, 1, 2, 0, 0, 0, 2, 0, 0, 1, 1, 0, 0, 1, 2, 1, 1, 2, 0, 0, 1, 0, 0, 0, 0, 1, 0, 0, 0, 0, 0, 1, 1, 1, 0, 0, 0, 0, 1, 1, 0, 0, 0, 2, 2, 0, 2, 0, 2, 0, 1, 0, 2, 0, 0, 2, 0, 2, 1, 1, 0, 0, 1, 0, 0, 0, 0, 1, 0, 1, 0, 0, 1, 0, 0, 2, 0, 2, 2, 0, 0, 0, 2, 1, 1, 1, 0, 0, 2, 0, 1, 0, 0, 2, 1, 2, 0, 1, 2, 0, 0, 2, 0, 0, 0, 0, 0, 2, 2, 0, 0, 0, 1, 1, 2, 1, 0, 0, 1, 0, 0, 0, 0, 2, 2, 0, 0, 2, 0, 0, 0, 1, 2, 0, 0, 0, 0, 2, 0, 0, 1, 0, 1, 1, 1, 0, 0, 0, 1, 0, 2, 2, 0, 0, 0, 2, 2, 0, 0, 1, 1, 1, 1, 1, 0, 0, 0, 0, 0, 2, 0, 0, 1, 1, 2, 0, 0, 0, 2, 0, 2, 0, 0, 0, 0, 0, 0, 1, 2, 1, 2, 0, 1, 2, 1, 0, 0, 0, 0, 1, 0, 1, 1, 1, 0, 0, 0, 2, 0, 2, 1, 2, 0, 1, 0, 2, 1, 2, 1, 0, 2, 0, 2, 0, 1, 1, 0, 0, 1, 1, 2, 0, 0, 0, 0, 1, 1, 1, 0, 0, 0, 2, 1, 2, 0, 0, 0, 1, 1, 0, 2, 0, 0, 2, 1, 0, 0, 0, 0, 2, 1, 1, 1, 2, 1, 0, 2, 0, 1, 0, 1, 0, 2, 0, 1, 0, 1, 0, 0, 0, 0, 0, 1, 1, 1, 1, 2, 0, 0, 1, 1, 0, 1, 2, 0, 0, 0, 0, 0, 0, 1, 1, 0, 0, 0, 0, 0, 0, 1, 1, 1, 0, 0, 1, 2, 1, 0, 0, 0, 0, 1, 1, 0, 0, 2, 1, 1, 0, 0, 1, 0, 1, 0, 0, 0, 0, 0, 1, 0, 0, 2, 1, 2, 0, 0, 0, 0, 0, 0, 0, 0, 0, 0, 0, 0, 0, 0, 0, 0, 1, 1, 0, 0, 2, 0, 2, 0, 0, 0, 0, 1, 0, 0, 1, 1, 0, 1, 0, 2, 2, 0, 2, 0, 0, 0, 2, 0, 2, 0, 1, 0, 0, 0, 2, 0, 1, 1, 0, 2, 2, 2, 1, 1, 0, 0, 1, 1, 1, 1, 1, 0, 1, 1, 1, 1, 0, 0, 0, 0, 0, 0, 0, 0, 1, 0, 1, 0, 2, 0, 0, 2, 1, 0, 2, 0, 0, 0, 0, 0, 0, 2, 0, 2, 1, 0, 0, 0, 0, 2, 1, 1, 0, 0, 0, 1, 2, 0, 1, 2, 0, 2, 1, 0, 0, 0, 1, 2, 1, 1, 0, 2, 2, 0, 0, 2, 1, 2, 0, 0, 2, 1, 0, 1, 2, 1, 2, 0, 1, 1, 1, 0, 1, 0, 1, 2, 0, 0, 1, 2, 0, 0, 0, 1, 2, 0, 1, 1, 0, 0, 1, 2, 0, 0, 0, 1, 1, 0, 0, 0, 0, 1, 0, 1, 1, 1, 2, 0, 2, 1, 2, 0, 0, 2, 0, 1, 0, 0, 0, 1, 0, 0, 1, 0, 1, 0, 2, 2, 0, 0, 2, 0, 0, 1, 0, 2, 0, 0, 0, 1, 2, 0, 0, 2, 1, 2, 0, 0, 2, 0, 0, 0, 0, 0, 1, 1, 0, 1, 0, 0, 0, 0, 0, 1, 0, 1, 0, 2, 1, 2, 0, 0, 0, 0, 1, 0, 0, 0, 1, 2, 1, 2, 2, 1, 2, 0, 1, 1, 0, 1, 1, 1, 0, 1, 0, 2, 1, 0, 1, 0, 0, 2, 1, 0, 0, 2, 0, 1, 2, 0, 0, 1, 1, 0, 1, 2, 0, 0, 2, 0, 2, 2, 2, 0, 0, 0, 0, 1, 0, 0, 2, 0, 0, 0, 0, 0, 0, 0, 2, 1, 0, 0, 1, 1, 0, 1, 2, 1, 0, 1, 2, 1, 0, 1, 0, 0, 0, 1, 1, 1, 0, 2, 0, 2, 1, 2, 0, 0, 1, 2, 0, 0, 0, 1, 0, 2, 0, 1, 0, 0, 0, 0, 0, 0, 1, 1, 0, 0, 0, 1, 0, 0, 0, 2, 0, 2, 0, 1, 2, 0, 1, 0, 0, 1, 1, 1, 1, 1, 0, 0, 0, 2, 2, 0, 1, 1, 2, 1, 0, 0, 0, 1, 0, 2, 1, 0, 2, 0, 0, 1, 2, 1, 2, 2, 0, 2, 0, 1, 0, 1, 1, 2, 2, 0, 1, 0, 0, 2, 0, 2, 0, 2, 0, 0, 0, 0, 0, 1, 1, 0, 0, 2, 0, 2, 1, 0, 0, 0, 0, 0, 2, 0, 2, 0, 0, 1, 0, 1, 0, 0, 0, 0, 1, 0, 0, 0, 1, 0, 0, 0, 0, 2, 0, 0, 0, 1, 1, 0, 2, 2, 1, 0, 2, 0, 2, 2, 2, 2, 2, 0, 1, 0, 0, 0, 1, 0, 0, 0, 0, 2, 2, 1, 0, 0, 2, 1, 2, 0, 0, 0, 0, 0, 1, 0, 0, 0, 0, 2, 0, 1, 0, 2, 0, 0, 2, 1, 2, 0, 0, 1, 1, 2, 1, 2, 0, 0, 1, 0, 2, 0, 2, 0, 0, 1, 0, 0, 2, 2, 0, 2, 1, 0, 0, 1, 2, 0, 0, 2, 0, 0, 0, 0, 2, 1, 2, 1, 2, 0, 0, 1, 0, 1, 0, 1, 0, 0, 2, 2, 2, 0, 1, 0, 0, 0, 1, 1, 0, 0, 0, 0, 0, 2, 0, 0, 2, 0, 2, 0, 0, 1, 1, 1, 2, 1, 0, 1, 1, 1, 0, 0, 1, 0, 1, 0, 1, 2, 2, 0, 0, 2, 0, 0, 0, 2, 1, 2, 0, 0, 0, 0, 1, 0, 0, 2, 0, 0, 2, 1, 2, 1, 0, 0, 1, 0, 2, 0, 1, 0, 1, 1, 1, 2, 1, 2, 0, 2, 1, 2, 2, 0, 1, 1, 0, 0, 2, 0, 1, 1, 0, 0, 0, 1, 0, 2, 1, 0, 2, 0, 0, 0, 0, 1, 0, 1, 2, 0, 0, 2, 1, 0, 0, 0, 1, 0, 0, 2, 1, 0, 0, 1, 2, 2, 0, 0, 1, 1, 0, 0, 2, 0, 0, 0, 0, 0, 0, 0, 2, 1, 2, 1, 0, 0, 1, 1, 0, 2, 0, 2, 2, 1, 2, 0, 0, 0, 0, 0, 0, 0, 0, 1, 2, 2, 1, 1, 0, 0, 0, 0, 1, 2, 0, 2, 1, 0, 2, 0, 0, 0, 0, 1, 1, 1, 0, 1, 0, 2, 0, 2, 0, 1, 1, 2, 0, 0, 0, 2, 1, 0, 2, 1, 0, 1, 1, 0, 0, 2, 0, 2, 1, 1, 2, 0, 2, 1, 1, 1, 0, 0, 0, 0, 0, 1, 0, 1, 1, 0, 2, 0, 0, 0, 0, 0, 2, 2, 0, 1, 0, 1, 2, 0, 0, 0, 0, 1, 0, 1, 1, 0, 2, 1, 2, 0, 0, 0, 0, 0, 2, 0, 0, 1, 0, 1, 2, 2, 1, 2, 1, 0, 1, 2, 2, 0, 0, 2, 0, 0, 2, 0, 1, 1, 0, 0, 1, 2, 0, 2, 1, 1, 2, 1, 1, 0, 0, 0, 1, 1, 0, 0, 0, 2, 1, 0, 0, 2, 2, 1, 0, 0, 1, 2, 0, 0, 0, 0, 0, 0, 1, 0, 0, 0, 2, 1, 0, 0, 1, 2, 0, 0, 2, 0, 1, 0, 0, 2, 1, 2, 0, 1, 1, 0, 0, 1, 0, 0, 2, 0, 0, 0, 0, 2, 0, 0, 1, 0, 2, 0, 0, 0, 0, 1, 1, 2, 0, 0, 0, 0]
kfold targets 0: [1, 2, 0, 0, 2, 0, 1, 1, 1, 0, 0, 0, 0, 2, 0, 1, 2, 1, 1, 2, 1, 0, 2, 2, 1, 0, 2, 0, 0, 0, 0, 2, 2, 0, 0, 0, 0, 1, 1, 0, 2, 0, 1, 2, 0, 1, 1, 1, 0, 0, 2, 1, 0, 0, 2, 0, 0, 1, 0, 0, 1, 1, 2, 0, 0, 0, 1, 0, 0, 0, 0, 1, 1, 0, 0, 0, 2, 1, 1, 0, 0, 0, 2, 0, 0, 0, 1, 0, 0, 0, 1, 1, 2, 1, 0, 0, 0, 0, 0, 1, 0, 0, 0, 1, 1, 0, 0, 2, 2, 0, 0, 0, 2, 0, 2, 2, 2, 0, 2, 2, 0, 0, 0, 0, 1, 0, 1, 0, 0, 2, 2, 2, 1, 2, 2, 0, 0, 1, 0, 0, 1, 0, 1, 2, 0, 2, 2, 1, 0, 2, 1, 2, 0, 0, 1, 0, 1, 0, 1, 1, 2, 0, 2, 0, 1, 0, 0, 1, 0, 1, 2, 0, 0, 0, 2, 1, 0, 2, 2, 0, 1, 1, 0, 1, 0, 1, 2, 0, 2, 0, 2, 1, 0, 0, 2, 2, 2, 0, 0, 1, 0, 2, 2, 2, 0, 2, 2, 2, 0, 0, 2, 0, 0, 0, 0, 2, 0, 2, 0, 2, 1, 2, 0, 2, 2, 2, 0, 0, 1, 0, 0, 2, 0, 0, 2, 1, 0, 2, 1, 0, 0, 1, 2, 2, 0, 0, 1, 0, 1, 0, 0, 0, 0, 2, 1, 2, 1, 0, 2, 0, 0, 1, 0, 2, 0, 1, 0, 0, 2, 0, 2, 2, 1, 0, 0, 1, 0, 0, 0, 2, 1, 0, 1, 2, 0, 2, 0, 1, 1, 0, 1, 2, 1, 0, 0, 0, 0, 0, 2, 2, 0, 2, 0, 2, 2, 0, 0, 0, 0, 0, 0, 1, 0, 0, 2, 0, 0, 2, 0, 0, 0, 0, 0, 0, 0, 0, 0, 1, 1, 0, 1, 0, 0, 2, 1, 0, 2, 2, 0, 0, 1, 0, 1, 1, 0, 2, 0, 2, 0, 0, 0, 1, 0, 1, 0, 0, 0, 1, 2, 1, 1, 2, 0, 1, 0, 2, 0, 1, 0, 2, 1, 2, 0, 2, 2, 0, 1, 0, 0, 0, 2, 0, 2, 0, 0, 0, 1, 2, 1, 0, 0, 0, 1, 2, 0, 0, 0, 0, 0, 0, 1, 1, 0, 1, 2, 2, 0, 0, 2, 0, 1, 0, 0, 0, 1, 1, 0, 1, 0, 2, 2, 0, 2, 0, 1, 2, 2, 1, 0, 2, 0, 2, 1, 0, 2, 0, 0, 2, 0, 0, 2, 0, 1, 0, 1, 0, 2, 1, 1, 0, 1, 2, 0, 1, 1, 2, 2, 2, 2, 0, 0, 0, 0, 2, 0, 0, 0, 2, 1, 1, 1, 2, 0, 0, 0, 1, 0, 0, 1, 0, 0, 1, 0, 1, 0, 1, 1, 0, 2, 0, 0, 1, 0, 0, 0, 2, 2, 0, 1, 2, 2, 0, 2, 0, 0, 2, 2, 1, 1, 2, 2, 1, 2, 1, 0, 1, 2, 2, 0, 2, 2, 1, 2, 0, 2, 2, 2, 0, 0, 2, 2, 0, 1, 0, 0, 2, 1, 2, 1, 2, 0, 1, 1, 1, 1, 1, 1, 0, 1, 2, 1, 0, 1, 2, 2, 0, 0, 2, 2, 1, 0, 2, 1, 0, 2, 1, 0, 0, 2, 1, 0, 0, 0, 0, 2, 2, 2, 2, 1, 1, 1, 1, 0, 0, 2, 0, 0, 1, 2, 1, 1, 1, 0, 2, 2, 0, 0, 0, 0, 0, 0, 0, 1, 1, 0, 1, 0, 1, 1, 0, 2, 0, 2, 0, 0, 2, 2, 2, 0, 0, 0, 1, 2, 0, 2, 0, 1, 0, 2, 0, 0, 1, 1, 2, 0, 1, 1, 0, 0, 2, 1, 2, 0, 2, 2, 2, 1, 0, 2, 2, 0, 0, 0, 1, 2, 0, 2, 0, 0, 0, 2, 1, 0, 2, 0, 1, 0, 0, 0, 2, 2, 1, 0, 0, 0, 2, 1, 0, 2, 2, 1, 2, 1, 0, 2, 0, 0, 2, 0, 0, 0, 0, 0, 2, 0, 0, 2, 2, 2, 0, 2, 0, 0, 1, 1, 0, 2, 0, 0, 0, 0, 0, 0, 0, 2, 0, 0, 2, 1, 0, 0, 0, 2, 1, 0, 2, 2, 0, 1, 0, 0, 0, 1, 0, 1, 1, 2, 1, 0, 2, 2, 1, 1, 1, 1, 1, 0, 2, 0, 1, 2, 2, 0, 1, 0, 2, 0, 0, 0, 0, 2, 2, 0, 0, 0, 2, 1, 2, 0, 0, 0, 0, 2, 1, 1, 0, 1, 2, 1, 0, 0, 1, 0, 1, 0, 2, 0, 0, 0, 1, 0, 2, 0, 2, 0, 2, 1, 2, 0, 2, 2, 0, 0, 1, 2, 1, 0, 0, 2, 1, 1, 2, 2, 2, 0, 2, 1, 2, 0, 0, 2, 2, 0, 1, 0, 2, 1, 0, 2, 1, 1, 1, 1, 0, 1, 2, 0, 0, 1, 0, 0, 1, 2, 1, 0, 0, 0, 1, 0, 2, 2, 2, 2, 2, 0, 0, 0, 0, 2, 0, 0, 1, 1, 2, 1, 2, 1, 2, 0, 2, 0, 0, 1, 0, 2, 0, 0, 0, 0, 2, 0, 0, 0, 0, 1, 0, 0, 2, 1, 0, 0, 0, 1, 1, 2, 0, 2, 1, 0, 0, 0, 0, 0, 2, 1, 2, 2, 0, 2, 0, 2, 1, 0, 2, 0, 0, 2, 0, 1, 0, 2, 0, 2, 0, 0, 0, 2, 2, 1, 0, 2, 0, 2, 1, 0, 0, 0, 2, 0, 0, 0, 0, 2, 2, 0, 0, 0, 0, 0, 2, 2, 1, 0, 0, 2, 0, 0, 1, 0, 0, 0, 0, 0, 0, 0, 2, 0, 2, 0, 1, 0, 1, 1, 2, 2, 2, 0, 0, 0, 1, 0, 0, 1, 0, 2, 0, 0, 0, 0, 2, 0, 1, 2, 0, 0, 2, 0, 2, 2, 0, 0, 1, 1, 0, 2, 0, 1, 2, 2, 0, 0, 0, 1, 0, 1, 2, 0, 2, 1, 2, 2, 2, 2, 0, 2, 2, 2, 0, 0, 0, 1, 1, 2, 0, 2, 0, 0, 0, 2, 1, 0, 0, 2, 0, 1, 0, 0, 0, 2, 0, 0, 1, 0, 0, 1, 0, 0, 0, 0, 2, 0, 0, 1, 0, 1, 0, 2, 1, 2, 0, 0, 1, 2, 0, 1, 0, 1, 2, 0, 0, 0, 2, 0, 1, 0, 0, 0, 2, 0, 0, 2, 0, 0, 0, 1, 1, 0, 0, 1, 0, 0, 0, 0, 1, 2, 2, 1, 0, 0, 1, 0, 2, 0, 1, 1, 0, 0, 0, 2, 1, 2, 1, 2, 0, 0, 1, 0, 0, 2, 1, 0, 1, 1, 1, 1, 0, 0, 0, 1, 0, 1, 2, 2, 1, 0, 1, 2, 0, 2, 2, 2, 0, 0, 0, 2, 2, 2, 0, 1, 0, 1, 0, 0, 0, 1, 0, 0, 0, 0, 1, 2, 0, 0, 0, 2, 0, 2, 1, 2, 2, 1, 1, 0, 1, 1, 2, 0, 2, 0, 1, 2, 0, 0, 1, 1, 0, 0, 0, 1, 0, 2, 2, 0, 2, 1, 1, 2, 0, 0, 0, 0, 1, 0, 2, 2, 0, 1, 2, 0, 1, 0, 2, 1, 1, 1, 2, 0, 2, 0, 0, 2, 1, 2, 2, 0, 2, 1, 0, 2, 2, 0, 0, 1, 0, 0, 0, 2, 2, 0, 2, 2, 0, 1, 1, 0, 0, 0, 1, 0, 0, 2, 2, 2, 1, 1, 1, 0, 2, 0, 2, 2, 1, 0, 0, 2, 0, 1, 0, 0, 1, 1, 0, 0, 0, 0, 0, 1, 1, 0, 2, 0, 1, 2, 0, 2, 2, 2, 0, 1, 0, 2, 2, 0, 0, 0, 2, 2, 2, 2, 2, 0, 1, 1, 2, 2, 0, 0, 1, 1, 0, 0, 0, 2, 0, 2, 0, 1, 0, 1, 2, 0, 2, 0, 1, 0, 1, 1, 0, 0, 1, 1, 2, 0, 2, 0, 1, 1, 2, 2, 2, 2, 0, 2, 2, 0, 0, 0, 2, 2, 2, 0, 2, 0, 0, 2, 0, 0, 1, 2, 1, 0, 2, 1, 2, 1, 0, 0, 0, 0, 2, 0, 1, 2, 0, 1, 1, 0, 1, 1, 2, 0, 0, 1, 2, 1, 0, 1, 0, 1, 2, 2, 0, 1, 1, 0, 2, 0, 0, 0, 0, 0, 2, 0, 0, 2, 1, 0, 1, 0, 0, 2, 0, 2, 1, 0, 2, 0, 0, 1, 0, 0, 1, 2, 0, 1, 2, 0, 0, 0, 2, 0, 0, 1, 1, 0, 2, 1, 2, 2, 1, 2, 0, 0, 2, 0, 0, 1, 0, 1, 0, 0, 0, 0, 0, 2, 1, 2, 0, 2, 0, 0, 1, 1, 0, 0, 0, 2, 2, 0, 2, 0, 2, 0, 1, 0, 2, 0, 0, 2, 0, 1, 1, 1, 0, 0, 1, 0, 0, 0, 0, 2, 0, 2, 2, 0, 1, 0, 0, 2, 0, 2, 1, 0, 0, 0, 2, 2, 2, 1, 0, 0, 2, 0, 2, 0, 0, 2, 2, 1, 0, 1, 2, 2, 0, 2, 0, 0, 0, 0, 0, 2, 2, 0, 0, 0, 2, 1, 1, 1, 2, 0, 1, 2, 0, 0, 2, 1, 2, 0, 0, 2, 0, 0, 0, 2, 2, 0, 0, 0, 0, 2, 0, 2, 1, 0, 1, 2, 1, 0, 0, 0, 1, 0, 2, 2, 2, 0, 0, 2, 2, 0, 0, 1, 1, 1, 1, 1, 0, 0, 0, 0, 0, 2, 0, 0, 1, 1, 2, 0, 0, 0, 2, 0, 2, 0, 0, 0, 2, 0, 0, 1, 2, 1, 2, 0, 1, 1, 1, 0, 0, 0, 0, 1, 2, 2, 1, 1, 0, 0, 0, 2, 0, 1, 1, 2, 2, 1, 0, 1, 1, 2, 1, 0, 2, 0, 2, 0, 1, 1, 0, 0, 1, 1, 2, 0, 0, 0, 1, 1, 1, 1, 0, 1, 0, 2, 1, 2, 0, 0, 0, 1, 1, 0, 2, 0, 0, 2, 2, 0, 0, 0, 0, 2, 1, 2, 1, 2, 0, 0, 1, 0, 1, 0, 2, 0, 2, 0, 1, 0, 1, 0, 2, 2, 0, 0, 1, 1, 1, 1, 2, 0, 0, 1, 2, 0, 1, 2, 0, 0, 0, 2, 0, 0, 1, 1, 0, 0, 0, 0, 0, 0, 1, 1, 2, 0, 0, 1, 2, 1, 0, 0, 0, 0, 2, 1, 0, 0, 2, 0, 1, 0, 0, 1, 0, 1, 0, 0, 0, 0, 0, 1, 0, 0, 2, 1, 1, 0, 0, 0, 0, 2, 2, 0, 0, 0, 0, 0, 0, 0, 0, 0, 0, 1, 1, 0, 0, 1, 0, 2, 0, 0, 0, 1, 1, 0, 0, 1, 1, 0, 1, 0, 2, 2, 0, 2, 0, 0, 0, 2, 0, 2, 0, 1, 0, 0, 0, 2, 0, 1, 1, 0, 2, 2, 2, 1, 1, 0, 0, 2, 1, 1, 1, 1, 0, 1, 1, 0, 2, 0, 0, 0, 0, 0, 0, 0, 0, 2, 0, 2, 0, 1, 0, 0, 2, 1, 2, 2, 0, 1, 2, 0, 2, 0, 2, 0, 2, 1, 1, 0, 0, 2, 2, 1, 1, 0, 0, 0, 2, 2, 0, 1, 2, 0, 2, 2, 0, 0, 2, 1, 1, 1, 1, 0, 2, 2, 0, 0, 2, 1, 2, 1, 0, 2, 1, 2, 1, 2, 1, 2, 0, 1, 1, 1, 0, 1, 0, 1, 2, 2, 2, 1, 2, 2, 0, 0, 1, 2, 0, 1, 1, 0, 0, 1, 2, 0, 0, 0, 1, 1, 0, 0, 0, 2, 1, 2, 1, 2, 1, 2, 0, 2, 2, 2, 0, 0, 2, 0, 1, 0, 0, 0, 1, 0, 0, 1, 0, 1, 0, 1, 1, 0, 0, 1, 0, 0, 1, 0, 2, 0, 0, 0, 1, 2, 0, 0, 2, 1, 1, 0, 0, 2, 0, 0, 0, 0, 0, 1, 2, 0, 1, 0, 0, 0, 0, 0, 1, 0, 1, 0, 2, 1, 2, 0, 0, 0, 0, 2, 0, 0, 0, 1, 0, 1, 2, 2, 1, 2, 1, 1, 1, 0, 1, 1, 1, 0, 1, 0, 2, 2, 2, 2, 0, 0, 2, 2, 0, 0, 2, 0, 1, 2, 0, 0, 1, 1, 0, 1, 2, 0, 0, 2, 0, 2, 1, 2, 0, 2, 0, 0, 1, 0, 0, 2, 0, 0, 0, 0, 0, 0, 0, 1, 1, 0, 0, 1, 2, 0, 1, 0, 2, 0, 1, 2, 2, 0, 1, 0, 0, 0, 1, 1, 1, 0, 2, 0, 2, 1, 2, 0, 0, 1, 2, 0, 0, 0, 2, 0, 2, 0, 1, 0, 0, 0, 0, 0, 2, 1, 1, 0, 0, 2, 2, 0, 0, 0, 2, 0, 2, 0, 1, 2, 0, 1, 0, 0, 1, 1, 1, 1, 1, 0, 0, 0, 2, 1, 0, 1, 1, 2, 1, 0, 0, 0, 1, 0, 0, 1, 0, 0, 0, 2, 2, 1, 0, 2, 1, 0, 2, 2, 1, 1, 1, 2, 1, 2, 0, 1, 0, 0, 1, 0, 2, 0, 2, 0, 0, 2, 0, 0, 2, 1, 0, 2, 1, 2, 0, 0, 0, 0, 0, 0, 0, 2, 0, 2, 0, 0, 1, 0, 1, 0, 0, 0, 0, 1, 0, 0, 2, 1, 0, 0, 0, 2, 2, 0, 0, 0, 2, 2, 0, 2, 2, 1, 0, 2, 0, 2, 1, 2, 2, 1, 0, 2, 0, 0, 0, 1, 0, 0, 0, 2, 2, 2, 1, 0, 0, 2, 1, 2, 0, 0, 0, 0, 0, 0, 0, 0, 0, 0, 2, 0, 2, 0, 1, 0, 0, 2, 1, 2, 0, 0, 1, 1, 2, 1, 1, 0, 0, 1, 0, 2, 0, 2, 2, 0, 1, 0, 0, 2, 2, 0, 2, 1, 0, 0, 1, 2, 0, 0, 2, 0, 0, 0, 0, 2, 1, 2, 1, 1, 0, 2, 1, 0, 1, 1, 1, 0, 0, 2, 2, 1, 0, 1, 0, 0, 0, 1, 1, 0, 0, 0, 2, 0, 2, 0, 0, 2, 0, 1, 2, 0, 1, 1, 2, 1, 1, 0, 1, 1, 1, 0, 0, 1, 0, 1, 0, 2, 2, 2, 0, 0, 1, 0, 2, 2, 1, 1, 2, 0, 2, 0, 0, 1, 2, 0, 2, 2, 0, 2, 1, 2, 1, 2, 2, 1, 0, 2, 2, 1, 0, 1, 1, 1, 2, 1, 2, 0, 2, 1, 2, 2, 0, 1, 1, 0, 0, 2, 0, 1, 1, 0, 2, 0, 2, 0, 2, 1, 2, 1, 0, 0, 0, 0, 1, 0, 1, 2, 0, 0, 2, 1, 0, 0, 0, 1, 0, 0, 1, 1, 0, 0, 1, 2, 2, 0, 0, 1, 1, 0, 0, 2, 0, 0, 0, 0, 0, 0, 0, 2, 1, 2, 2, 0, 0, 2, 1, 0, 1, 0, 2, 1, 1, 2, 0, 0, 0, 0, 0, 0, 0, 0, 1, 2, 2, 1, 1, 0, 0, 2, 0, 2, 2, 0, 2, 1, 0, 2, 2, 1, 0, 2, 1, 1, 2, 0, 1, 0, 2, 0, 2, 0, 1, 1, 2, 0, 0, 1, 2, 2, 0, 2, 1, 0, 2, 1, 0, 0, 2, 0, 2, 1, 1, 2, 0, 2, 1, 1, 2, 0, 0, 0, 0, 0, 1, 0, 1, 2, 0, 2, 0, 0, 2, 0, 2, 2, 2, 0, 1, 0, 1, 2, 0, 0, 0, 0, 1, 0, 1, 1, 0, 1, 1, 2, 0, 0, 0, 0, 0, 2, 2, 0, 1, 0, 2, 2, 2, 1, 2, 1, 0, 1, 2, 2, 0, 0, 2, 2, 0, 2, 0, 1, 1, 2, 0, 1, 2, 0, 2, 1, 1, 1, 1, 1, 0, 0, 0, 2, 1, 0, 0, 0, 2, 1, 0, 0, 1, 2, 1, 0, 0, 2, 2, 0, 0, 0, 0, 0, 0, 1, 0, 0, 0, 2, 1, 0, 0, 1, 1, 0, 0, 2, 0, 1, 2, 0, 0, 2, 2, 2, 1, 1, 0, 0, 1, 0, 2, 1, 0, 0, 1, 0, 2, 0, 0, 2, 0, 2, 0, 0, 0, 2, 1, 1, 2, 0, 0, 0, 0]
0.8392200147167035
array([[1277,   12,   11],
       [  29,  549,  101],
       [ 160,  124,  455]])
kfold preds 1: [2, 2, 1, 1, 1, 1, 2, 0, 1, 2, 1, 1, 2, 1, 1, 1, 2, 2, 0, 1, 0, 1, 1, 1, 1, 1, 0, 1, 1, 2, 1, 1, 0, 0, 2, 1, 1, 1, 0, 1, 1, 1, 1, 1, 1, 1, 2, 1, 0, 0, 1, 1, 1, 0, 1, 1, 1, 0, 1, 0, 1, 0, 1, 2, 1, 0, 1, 1, 1, 1, 0, 1, 1, 1, 1, 0, 2, 1, 1, 0, 1, 1, 1, 2, 1, 1, 1, 0, 1, 1, 1, 1, 1, 1, 0, 2, 1, 2, 0, 1, 1, 0, 1, 1, 1, 0, 1, 0, 0, 1, 1, 1, 1, 0, 0, 1, 1, 1, 1, 0, 2, 1, 1, 1, 2, 0, 1, 0, 0, 1, 2, 2, 1, 1, 1, 1, 1, 1, 1, 1, 0, 0, 2, 1, 2, 2, 2, 1, 0, 1, 1, 1, 1, 1, 0, 1, 0, 2, 0, 2, 0, 0, 2, 1, 1, 1, 0, 1, 0, 1, 1, 0, 0, 1, 2, 1, 1, 2, 2, 1, 1, 1, 1, 2, 0, 1, 1, 1, 1, 1, 1, 1, 1, 2, 1, 1, 1, 1, 1, 2, 1, 1, 1, 1, 1, 1, 2, 1, 0, 0, 1, 1, 1, 0, 1, 0, 1, 1, 1, 1, 1, 0, 1, 1, 2, 1, 2, 2, 0, 1, 0, 1, 1, 0, 1, 1, 0, 1, 2, 2, 1, 1, 1, 1, 0, 0, 1, 1, 2, 2, 1, 0, 0, 0, 2, 2, 0, 1, 2, 0, 1, 1, 1, 2, 2, 1, 0, 1, 1, 0, 1, 1, 1, 0, 0, 1, 0, 2, 1, 0, 1, 1, 1, 1, 1, 2, 1, 1, 1, 1, 1, 0, 1, 0, 1, 1, 1, 0, 1, 2, 0, 1, 0, 1, 1, 1, 2, 2, 0, 1, 1, 1, 1, 0, 1, 1, 1, 1, 1, 0, 1, 1, 1, 1, 1, 2, 1, 1, 1, 1, 0, 1, 0, 0, 0, 1, 1, 2, 1, 2, 1, 0, 1, 1, 0, 1, 0, 1, 1, 1, 0, 0, 1, 2, 1, 1, 1, 2, 2, 1, 1, 1, 1, 1, 1, 1, 1, 1, 1, 1, 0, 2, 2, 1, 2, 1, 2, 1, 2, 2, 1, 1, 1, 1, 1, 0, 1, 2, 1, 1, 1, 2, 1, 1, 1, 1, 1, 0, 1, 1, 0, 1, 2, 0, 2, 1, 1, 0, 1, 1, 1, 1, 1, 1, 1, 1, 0, 1, 1, 1, 1, 1, 2, 1, 0, 1, 0, 1, 1, 1, 0, 1, 0, 0, 1, 0, 1, 1, 1, 1, 2, 1, 1, 1, 0, 2, 2, 1, 2, 0, 0, 2, 1, 0, 1, 2, 2, 1, 1, 1, 1, 0, 0, 0, 1, 2, 1, 1, 1, 1, 1, 1, 1, 1, 1, 0, 1, 1, 1, 1, 1, 0, 1, 1, 1, 2, 0, 1, 2, 1, 2, 1, 1, 1, 0, 1, 1, 0, 1, 1, 1, 1, 1, 0, 1, 1, 2, 1, 1, 1, 2, 2, 1, 1, 1, 2, 0, 1, 2, 1, 1, 1, 1, 0, 1, 0, 1, 1, 1, 0, 2, 1, 1, 1, 1, 2, 1, 2, 2, 2, 1, 1, 2, 1, 1, 2, 1, 1, 1, 2, 0, 1, 1, 1, 1, 1, 0, 2, 2, 1, 1, 1, 0, 0, 1, 0, 1, 1, 1, 1, 0, 1, 1, 1, 1, 0, 1, 2, 2, 1, 1, 1, 0, 1, 1, 1, 0, 1, 2, 0, 0, 1, 1, 2, 1, 1, 1, 0, 1, 0, 1, 1, 1, 1, 1, 0, 1, 1, 1, 0, 1, 0, 1, 1, 1, 1, 1, 1, 1, 1, 1, 1, 1, 2, 1, 0, 1, 1, 0, 1, 0, 2, 2, 1, 1, 1, 0, 1, 1, 1, 1, 1, 1, 1, 1, 0, 1, 2, 1, 1, 2, 2, 0, 1, 1, 1, 2, 1, 0, 0, 2, 1, 1, 1, 0, 1, 0, 2, 1, 1, 1, 1, 2, 1, 0, 1, 1, 1, 2, 1, 0, 1, 1, 0, 1, 2, 0, 2, 1, 1, 0, 2, 1, 2, 1, 1, 1, 1, 2, 1, 1, 0, 1, 1, 1, 1, 0, 1, 1, 0, 0, 1, 1, 1, 2, 1, 0, 1, 1, 1, 0, 0, 2, 2, 2, 1, 1, 1, 1, 1, 1, 1, 1, 2, 0, 0, 1, 1, 1, 2, 1, 0, 1, 1, 0, 1, 1, 1, 1, 2, 0, 1, 1, 1, 1, 2, 0, 2, 0, 2, 1, 0, 1, 0, 1, 1, 2, 2, 1, 1, 1, 1, 1, 0, 0, 1, 1, 1, 1, 1, 0, 1, 0, 2, 1, 1, 1, 1, 2, 1, 1, 2, 1, 1, 1, 1, 1, 0, 0, 1, 1, 0, 1, 1, 0, 1, 1, 1, 0, 1, 1, 0, 1, 1, 0, 1, 2, 1, 1, 0, 1, 1, 1, 1, 0, 2, 2, 2, 1, 1, 0, 1, 1, 0, 1, 1, 2, 1, 1, 2, 1, 1, 1, 1, 0, 1, 1, 2, 1, 2, 1, 1, 2, 2, 1, 1, 0, 1, 1, 1, 1, 1, 1, 1, 1, 1, 1, 2, 0, 2, 1, 0, 0, 0, 1, 0, 2, 1, 1, 1, 0, 1, 0, 1, 1, 1, 0, 1, 1, 1, 1, 0, 0, 1, 2, 0, 1, 0, 1, 1, 0, 2, 1, 1, 1, 0, 1, 2, 1, 1, 1, 2, 1, 1, 2, 1, 2, 1, 1, 1, 1, 1, 2, 1, 1, 2, 1, 1, 0, 1, 1, 2, 2, 0, 0, 1, 1, 1, 1, 0, 0, 1, 2, 1, 1, 1, 1, 1, 1, 1, 2, 1, 1, 1, 1, 1, 1, 1, 1, 1, 1, 1, 1, 2, 1, 1, 0, 1, 0, 1, 0, 1, 1, 1, 2, 1, 1, 1, 2, 1, 1, 1, 2, 2, 1, 1, 1, 1, 0, 1, 0, 1, 0, 1, 1, 1, 2, 0, 1, 1, 1, 1, 1, 0, 1, 1, 1, 0, 1, 1, 1, 0, 2, 1, 1, 2, 1, 2, 1, 2, 1, 1, 2, 0, 1, 2, 1, 1, 2, 0, 2, 2, 1, 1, 1, 0, 1, 1, 1, 1, 2, 1, 1, 0, 0, 1, 0, 0, 2, 1, 0, 1, 1, 0, 1, 2, 1, 1, 0, 1, 2, 1, 1, 0, 1, 2, 0, 1, 0, 2, 0, 2, 1, 1, 1, 1, 1, 2, 2, 1, 1, 0, 1, 1, 2, 2, 0, 0, 0, 1, 2, 0, 2, 0, 2, 1, 1, 2, 0, 1, 0, 1, 1, 2, 2, 2, 2, 1, 1, 0, 1, 2, 1, 1, 1, 1, 1, 1, 2, 0, 2, 1, 0, 1, 0, 1, 1, 0, 1, 0, 2, 0, 1, 1, 0, 1, 1, 1, 2, 1, 1, 2, 1, 1, 1, 1, 0, 1, 1, 0, 1, 0, 0, 2, 0, 1, 1, 0, 1, 1, 1, 1, 1, 1, 1, 0, 0, 0, 1, 1, 1, 2, 2, 1, 1, 0, 1, 1, 0, 1, 1, 1, 0, 1, 0, 1, 0, 0, 0, 2, 1, 2, 0, 1, 2, 0, 1, 1, 0, 1, 2, 1, 1, 1, 2, 2, 1, 1, 1, 1, 0, 0, 1, 2, 1, 2, 1, 1, 1, 1, 1, 1, 1, 0, 1, 2, 0, 2, 1, 1, 1, 1, 1, 1, 1, 1, 2, 0, 0, 0, 0, 0, 1, 0, 1, 1, 1, 2, 1, 1, 1, 0, 1, 1, 1, 1, 1, 2, 1, 1, 1, 0, 1, 1, 1, 1, 1, 1, 1, 1, 0, 0, 1, 0, 1, 0, 1, 0, 1, 1, 1, 1, 0, 1, 1, 1, 1, 1, 0, 1, 0, 1, 2, 0, 1, 1, 1, 2, 2, 1, 1, 1, 1, 2, 1, 1, 1, 1, 2, 1, 1, 1, 2, 1, 1, 0, 1, 1, 1, 0, 1, 2, 1, 1, 1, 1, 1, 1, 0, 1, 0, 1, 1, 0, 2, 0, 1, 0, 1, 1, 2, 0, 1, 2, 1, 0, 1, 0, 1, 2, 1, 1, 1, 1, 2, 0, 2, 1, 2, 0, 1, 1, 2, 1, 1, 1, 0, 1, 2, 1, 1, 1, 1, 1, 1, 1, 1, 0, 1, 2, 2, 1, 2, 0, 0, 1, 1, 0, 1, 1, 1, 1, 1, 2, 0, 0, 1, 1, 1, 0, 1, 0, 1, 2, 2, 1, 1, 0, 1, 0, 1, 1, 0, 0, 1, 1, 0, 1, 0, 2, 2, 1, 1, 1, 1, 2, 1, 1, 2, 0, 1, 1, 1, 1, 1, 2, 2, 1, 1, 1, 1, 0, 2, 2, 0, 2, 1, 2, 0, 1, 1, 1, 1, 1, 0, 0, 1, 0, 1, 1, 0, 0, 0, 1, 1, 2, 0, 0, 2, 1, 2, 2, 2, 1, 1, 0, 2, 1, 1, 1, 1, 1, 1, 1, 1, 2, 0, 0, 0, 1, 1, 1, 2, 1, 1, 1, 1, 1, 1, 1, 1, 0, 0, 1, 1, 2, 1, 1, 1, 1, 2, 1, 0, 0, 0, 1, 1, 0, 1, 1, 0, 0, 1, 0, 2, 1, 1, 0, 0, 2, 1, 0, 1, 0, 1, 1, 1, 1, 1, 0, 1, 1, 2, 0, 1, 1, 1, 0, 0, 2, 0, 1, 2, 1, 1, 0, 1, 2, 1, 1, 1, 1, 0, 1, 1, 2, 1, 0, 1, 1, 1, 2, 1, 1, 1, 1, 1, 0, 1, 1, 2, 1, 1, 2, 1, 1, 1, 1, 1, 0, 1, 0, 0, 1, 2, 1, 0, 1, 1, 2, 1, 0, 1, 1, 1, 1, 1, 0, 0, 0, 1, 2, 0, 1, 1, 1, 0, 1, 2, 1, 1, 0, 1, 0, 1, 0, 1, 1, 1, 1, 1, 1, 1, 1, 2, 1, 0, 1, 0, 1, 0, 2, 1, 1, 0, 1, 0, 1, 1, 1, 1, 1, 1, 1, 0, 2, 1, 1, 1, 1, 0, 1, 1, 2, 0, 0, 2, 1, 1, 1, 1, 1, 1, 1, 1, 1, 2, 1, 0, 2, 1, 0, 2, 1, 0, 0, 2, 1, 0, 1, 1, 1, 0, 1, 1, 1, 0, 1, 2, 1, 1, 1, 1, 1, 1, 2, 0, 1, 1, 1, 1, 2, 0, 0, 0, 1, 1, 0, 1, 1, 2, 0, 1, 1, 0, 1, 2, 2, 1, 1, 2, 0, 2, 1, 1, 1, 1, 1, 0, 1, 2, 1, 1, 1, 1, 0, 1, 1, 2, 1, 0, 1, 0, 1, 1, 1, 0, 1, 2, 1, 1, 2, 1, 1, 2, 1, 1, 1, 1, 0, 0, 0, 1, 1, 1, 2, 1, 2, 1, 1, 1, 1, 0, 1, 1, 0, 1, 1, 1, 1, 1, 1, 1, 1, 0, 1, 1, 1, 0, 1, 0, 1, 1, 1, 1, 1, 1, 1, 0, 1, 1, 1, 0, 0, 1, 2, 2, 2, 1, 2, 0, 1, 0, 0, 1, 0, 2, 1, 1, 1, 1, 2, 2, 0, 1, 1, 1, 0, 0, 1, 1, 1, 1, 0, 1, 2, 0, 2, 2, 0, 1, 1, 1, 1, 0, 0, 1, 1, 1, 1, 1, 0, 0, 2, 1, 0, 1, 1, 1, 1, 1, 1, 1, 1, 0, 1, 0, 1, 1, 1, 1, 1, 1, 0, 1, 0, 0, 1, 2, 0, 0, 1, 2, 0, 1, 1, 1, 1, 1, 1, 1, 0, 1, 1, 1, 1, 2, 1, 1, 1, 1, 1, 0, 2, 2, 1, 1, 1, 1, 1, 1, 1, 1, 1, 0, 1, 2, 1, 1, 2, 0, 2, 2, 0, 0, 0, 0, 1, 2, 2, 2, 1, 1, 0, 0, 2, 1, 1, 0, 1, 1, 0, 1, 1, 1, 1, 1, 1, 2, 1, 1, 1, 0, 1, 0, 2, 1, 0, 0, 1, 1, 1, 1, 1, 1, 0, 1, 1, 1, 0, 0, 2, 1, 1, 0, 1, 1, 1, 0, 1, 2, 1, 1, 1, 1, 1, 1, 1, 1, 1, 1, 1, 1, 1, 1, 1, 1, 0, 2, 2, 1, 2, 1, 1, 0, 1, 1, 1, 0, 1, 1, 1, 2, 0, 0, 2, 1, 1, 0, 1, 0, 1, 0, 1, 0, 1, 2, 1, 1, 2, 1, 1, 2, 2, 0, 1, 1, 0, 1, 1, 1, 0, 1, 1, 2, 0, 1, 1, 1, 1, 0, 1, 1, 0, 1, 1, 1, 1, 2, 1, 2, 1, 2, 1, 0, 1, 1, 1, 0, 1, 1, 2, 1, 1, 1, 0, 1, 1, 0, 1, 2, 1, 1, 1, 1, 0, 1, 1, 1, 1, 2, 1, 2, 1, 1, 2, 1, 1, 1, 1, 1, 0, 0, 1, 1, 1, 2, 2, 0, 2, 1, 1, 1, 1, 1, 1, 0, 1, 0, 1, 1, 0, 0, 1, 0, 2, 1, 2, 1, 1, 1, 0, 1, 0, 1, 2, 1, 2, 1, 1, 1, 0, 2, 1, 2, 1, 2, 1, 1, 2, 2, 1, 0, 1, 2, 1, 1, 2, 1, 1, 1, 2, 0, 1, 0, 1, 1, 0, 2, 1, 1, 0, 1, 1, 2, 1, 1, 2, 2, 0, 2, 1, 0, 1, 1, 1, 1, 0, 0, 2, 1, 2, 2, 1, 0, 1, 2, 1, 0, 1, 2, 1, 1, 2, 1, 1, 1, 1, 0, 1, 1, 1, 1, 0, 2, 1, 0, 1, 0, 1, 2, 0, 0, 0, 2, 1, 0, 1, 1, 1, 1, 1, 1, 2, 1, 0, 2, 1, 1, 1, 1, 0, 1, 1, 0, 1, 1, 2, 2, 0, 2, 1, 0, 1, 1, 0, 1, 1, 1, 1, 0, 1, 2, 1, 1, 1, 1, 1, 1, 0, 0, 2, 1, 2, 1, 0, 0, 1, 0, 1, 1, 1, 2, 1, 1, 1, 1, 0, 1, 0, 1, 1, 1, 1, 2, 2, 2, 1, 2, 2, 1, 1, 1, 0, 1, 0, 1, 0, 1, 1, 1, 1, 0, 1, 2, 2, 0, 1, 1, 0, 2, 1, 1, 1, 2, 0, 1, 0, 1, 2, 1, 0, 1, 1, 1, 1, 1, 0, 1, 2, 1, 2, 2, 1, 0, 1, 1, 1, 1, 0, 2, 0, 1, 0, 1, 0, 1, 2, 1, 1, 1, 1, 1, 1, 1, 1, 1, 1, 1, 1, 0, 0, 1, 1, 1, 2, 1, 2, 2, 1, 0, 1, 2, 1, 1, 1, 2, 1, 1, 0, 1, 1, 1, 1, 2, 1, 1, 2, 1, 2, 1, 2, 1, 1, 1, 0, 1, 2, 2, 1, 1, 2, 2, 2, 1, 1, 2, 1, 1, 2, 0, 0, 0, 2, 1, 2, 1, 1, 1, 1, 2, 1, 1, 1, 0, 1, 1, 1, 1, 1, 0, 0, 1, 1, 0, 1, 2, 1, 2, 1, 0, 1, 1, 1, 1, 1, 1, 1, 1, 0, 1, 1, 1, 0, 0, 1, 1, 1, 0, 1, 0, 0, 0, 1, 2, 0, 1, 1, 1, 1, 1, 0, 0, 1, 0, 0, 1, 1, 1, 1, 1, 2, 1, 0, 1, 1, 1, 0, 1, 0, 1, 1, 0, 1, 1, 1, 1, 1, 1, 0, 1, 2, 1, 1, 0, 2, 0, 1, 1, 2, 1, 1, 0, 1, 1, 1, 1, 0, 1, 1, 1, 1, 0, 1, 0, 1, 1, 0, 1, 2, 0, 1, 1, 2, 1, 1, 1, 1, 1, 2, 1, 2, 2, 2, 1, 1, 2, 0, 2, 1, 1, 1, 1, 1, 2, 0, 1, 1, 0, 0, 2, 1, 1, 1, 1, 2, 2, 1, 1, 1, 0, 1, 1, 1, 0, 1, 1, 2, 0, 1, 0, 2, 1, 1, 1, 0, 1, 1, 2, 2, 1, 1, 2, 1, 2, 0, 2, 1, 2, 2, 2, 1, 1, 1, 1, 1, 1, 1, 1, 2, 2, 1, 1, 1, 1, 0, 1, 1, 1, 1, 1, 1, 1, 1, 2, 1, 1, 1, 1, 2, 1, 0, 2, 1, 0, 0, 2, 1, 0, 1, 2, 1, 0, 1, 1, 0, 1, 0, 1, 1, 1, 2, 2, 2, 1, 2, 1, 0, 0, 1, 0, 0, 2, 1, 1, 0, 1, 2, 1, 2, 1, 0, 0, 1, 1, 1, 0, 1, 1, 0, 1, 0, 0, 1, 1, 1, 1, 1, 0, 1, 2, 1, 2, 1, 1, 0, 1]
kfold targets 1: [2, 2, 0, 0, 1, 1, 2, 0, 1, 2, 0, 1, 0, 1, 0, 2, 2, 2, 0, 0, 0, 0, 2, 2, 0, 1, 0, 2, 2, 2, 0, 2, 0, 0, 2, 0, 1, 0, 0, 0, 1, 0, 1, 1, 0, 0, 2, 2, 0, 0, 0, 0, 0, 0, 1, 0, 1, 0, 2, 0, 1, 0, 2, 0, 0, 0, 0, 2, 0, 0, 0, 1, 0, 1, 2, 0, 2, 2, 1, 0, 1, 0, 1, 0, 2, 0, 2, 0, 1, 1, 1, 1, 1, 1, 0, 0, 2, 2, 0, 0, 0, 0, 1, 0, 1, 0, 1, 0, 0, 0, 1, 1, 2, 0, 0, 1, 0, 0, 1, 0, 2, 2, 0, 2, 2, 0, 0, 0, 0, 0, 2, 2, 1, 0, 1, 0, 0, 1, 0, 0, 2, 0, 2, 2, 2, 1, 0, 1, 0, 2, 1, 2, 0, 2, 0, 2, 0, 2, 0, 2, 0, 0, 2, 0, 2, 0, 0, 2, 0, 0, 2, 0, 0, 0, 1, 0, 0, 2, 2, 0, 0, 1, 1, 2, 0, 2, 2, 0, 0, 0, 2, 1, 2, 2, 1, 0, 1, 0, 0, 0, 1, 1, 2, 2, 2, 2, 2, 1, 0, 0, 1, 2, 0, 0, 0, 0, 1, 2, 1, 1, 0, 0, 0, 1, 2, 1, 2, 2, 0, 2, 0, 2, 1, 0, 1, 2, 0, 0, 2, 2, 0, 2, 2, 2, 0, 0, 0, 0, 2, 2, 1, 0, 0, 0, 2, 2, 0, 1, 2, 0, 0, 0, 1, 2, 0, 0, 0, 1, 2, 0, 1, 1, 1, 0, 0, 1, 0, 2, 0, 0, 2, 1, 0, 1, 1, 2, 0, 2, 1, 2, 1, 0, 2, 0, 1, 0, 1, 0, 0, 1, 0, 2, 0, 0, 1, 0, 0, 2, 0, 0, 2, 0, 0, 0, 2, 0, 0, 2, 2, 0, 1, 0, 0, 0, 0, 2, 0, 0, 2, 1, 0, 1, 0, 0, 0, 0, 2, 2, 0, 2, 2, 0, 1, 2, 0, 0, 0, 2, 1, 1, 0, 0, 2, 2, 2, 0, 1, 2, 2, 1, 0, 1, 0, 2, 1, 1, 2, 1, 0, 1, 0, 2, 2, 0, 1, 0, 2, 0, 2, 0, 0, 0, 2, 1, 0, 0, 0, 2, 1, 2, 0, 2, 0, 2, 2, 0, 2, 0, 1, 2, 0, 0, 2, 0, 2, 2, 0, 0, 0, 0, 2, 0, 2, 1, 1, 0, 0, 2, 0, 0, 2, 0, 2, 0, 0, 1, 0, 2, 0, 1, 0, 1, 0, 0, 1, 0, 1, 0, 0, 0, 2, 0, 1, 1, 0, 2, 2, 1, 2, 0, 1, 2, 1, 0, 1, 2, 2, 1, 2, 0, 2, 0, 0, 0, 2, 0, 2, 2, 2, 0, 1, 0, 0, 1, 2, 0, 0, 1, 1, 1, 1, 0, 0, 1, 1, 0, 0, 0, 2, 1, 2, 1, 0, 2, 0, 2, 0, 0, 0, 0, 0, 2, 1, 0, 0, 1, 2, 1, 2, 2, 2, 0, 1, 0, 1, 2, 0, 1, 0, 0, 0, 0, 1, 0, 1, 0, 2, 1, 2, 0, 2, 0, 0, 0, 2, 2, 1, 2, 2, 2, 0, 1, 2, 0, 1, 0, 1, 0, 2, 2, 0, 0, 1, 1, 1, 0, 0, 2, 0, 1, 0, 1, 0, 0, 2, 0, 0, 2, 0, 0, 0, 2, 1, 0, 1, 0, 2, 2, 0, 1, 0, 1, 0, 0, 0, 1, 0, 1, 2, 0, 0, 1, 1, 2, 0, 1, 1, 0, 1, 0, 2, 1, 1, 2, 0, 0, 0, 2, 0, 0, 1, 0, 0, 1, 2, 1, 0, 2, 0, 0, 0, 0, 1, 0, 0, 0, 2, 2, 0, 1, 0, 1, 2, 2, 2, 1, 0, 1, 2, 2, 1, 2, 0, 1, 1, 0, 2, 2, 1, 2, 2, 2, 0, 0, 2, 2, 0, 2, 0, 0, 2, 1, 1, 1, 0, 1, 0, 2, 0, 0, 1, 1, 2, 0, 0, 1, 1, 1, 0, 1, 0, 1, 0, 0, 1, 2, 0, 2, 0, 0, 0, 2, 1, 2, 1, 0, 1, 0, 2, 0, 1, 0, 2, 1, 1, 2, 0, 0, 0, 0, 0, 0, 1, 0, 2, 2, 0, 2, 0, 1, 0, 0, 2, 2, 1, 1, 2, 2, 0, 1, 0, 2, 0, 0, 0, 0, 2, 0, 1, 2, 1, 0, 0, 2, 1, 1, 0, 1, 0, 2, 0, 1, 0, 0, 2, 2, 0, 0, 0, 0, 1, 0, 2, 0, 0, 0, 2, 2, 0, 1, 1, 2, 1, 0, 0, 1, 1, 0, 1, 1, 0, 1, 0, 2, 1, 1, 0, 0, 0, 1, 0, 2, 0, 1, 0, 2, 1, 0, 0, 1, 1, 0, 0, 1, 0, 2, 1, 1, 0, 2, 0, 0, 2, 1, 0, 0, 2, 2, 0, 0, 0, 2, 0, 1, 0, 2, 2, 0, 1, 1, 0, 1, 0, 0, 1, 0, 2, 0, 1, 2, 1, 1, 0, 1, 0, 0, 0, 2, 0, 2, 1, 2, 2, 2, 0, 1, 0, 2, 0, 0, 0, 1, 0, 1, 1, 1, 1, 2, 0, 2, 1, 0, 0, 0, 2, 0, 2, 2, 0, 0, 0, 0, 0, 1, 1, 0, 0, 1, 1, 2, 0, 0, 0, 0, 2, 0, 0, 0, 0, 0, 0, 0, 0, 1, 2, 0, 1, 2, 2, 1, 1, 2, 0, 0, 2, 1, 2, 0, 1, 1, 1, 0, 0, 0, 0, 2, 2, 1, 0, 0, 2, 1, 2, 0, 0, 0, 1, 1, 0, 0, 0, 0, 2, 1, 1, 1, 0, 2, 0, 2, 2, 1, 1, 0, 1, 1, 1, 2, 2, 1, 0, 2, 2, 2, 0, 1, 0, 1, 0, 2, 0, 1, 0, 2, 2, 2, 1, 2, 2, 0, 0, 1, 2, 0, 1, 0, 2, 0, 0, 1, 0, 1, 0, 0, 2, 2, 0, 0, 2, 0, 1, 1, 1, 0, 0, 1, 1, 0, 1, 0, 0, 0, 2, 2, 0, 2, 0, 2, 0, 2, 1, 2, 2, 0, 2, 0, 1, 1, 0, 0, 2, 0, 0, 0, 1, 0, 1, 1, 1, 1, 1, 1, 0, 0, 0, 0, 0, 0, 2, 0, 0, 1, 0, 0, 0, 2, 2, 1, 0, 1, 2, 1, 0, 0, 0, 2, 0, 2, 0, 2, 0, 2, 1, 0, 1, 0, 0, 2, 2, 1, 2, 0, 0, 1, 0, 0, 0, 0, 0, 1, 2, 0, 2, 0, 1, 0, 0, 2, 0, 0, 0, 0, 1, 2, 1, 2, 2, 0, 2, 0, 0, 2, 0, 1, 0, 2, 1, 0, 2, 0, 2, 1, 0, 0, 0, 1, 0, 0, 1, 0, 2, 0, 1, 1, 0, 1, 1, 1, 0, 1, 2, 0, 0, 1, 1, 2, 0, 2, 2, 0, 0, 0, 0, 2, 0, 2, 0, 0, 2, 2, 2, 2, 0, 0, 2, 0, 0, 0, 1, 1, 0, 2, 2, 0, 1, 0, 0, 0, 0, 0, 0, 1, 0, 2, 0, 2, 0, 0, 0, 1, 1, 2, 0, 1, 2, 0, 0, 1, 0, 0, 2, 1, 2, 1, 2, 1, 0, 0, 2, 1, 0, 0, 1, 2, 1, 2, 1, 1, 1, 2, 0, 1, 0, 0, 0, 2, 0, 2, 0, 0, 1, 1, 1, 2, 0, 2, 2, 0, 0, 0, 0, 0, 0, 0, 0, 0, 2, 2, 2, 1, 1, 0, 1, 1, 2, 1, 1, 2, 2, 1, 1, 0, 1, 1, 0, 1, 0, 0, 0, 1, 0, 0, 2, 0, 0, 0, 1, 0, 2, 1, 1, 1, 0, 0, 0, 2, 1, 0, 0, 1, 0, 2, 2, 0, 2, 2, 0, 0, 2, 2, 2, 1, 0, 2, 0, 0, 1, 1, 2, 1, 0, 1, 2, 2, 2, 0, 0, 2, 0, 0, 0, 0, 2, 1, 2, 2, 0, 1, 0, 1, 0, 2, 1, 0, 2, 0, 2, 0, 0, 1, 2, 0, 0, 2, 2, 0, 2, 0, 1, 2, 1, 1, 0, 1, 2, 0, 2, 0, 2, 0, 0, 2, 2, 0, 1, 2, 0, 1, 2, 1, 1, 2, 2, 1, 1, 0, 2, 0, 1, 2, 2, 0, 2, 0, 0, 1, 1, 0, 2, 1, 0, 0, 2, 2, 0, 0, 1, 0, 0, 0, 2, 0, 2, 2, 2, 2, 0, 0, 1, 0, 0, 2, 0, 0, 1, 1, 0, 1, 0, 2, 2, 0, 1, 1, 1, 2, 0, 1, 2, 0, 1, 2, 0, 1, 1, 2, 2, 0, 1, 1, 1, 0, 0, 2, 0, 0, 0, 0, 0, 1, 1, 0, 0, 1, 0, 0, 0, 0, 1, 0, 0, 0, 0, 1, 2, 0, 0, 0, 2, 1, 0, 2, 2, 1, 0, 0, 2, 1, 0, 1, 0, 1, 0, 1, 2, 2, 0, 0, 0, 0, 2, 0, 2, 2, 0, 2, 2, 2, 0, 0, 1, 0, 0, 0, 0, 2, 0, 1, 2, 0, 2, 2, 0, 0, 0, 1, 1, 0, 0, 0, 0, 0, 1, 0, 2, 2, 0, 0, 0, 2, 1, 0, 2, 0, 2, 0, 0, 0, 0, 0, 2, 0, 2, 0, 1, 1, 1, 0, 0, 0, 0, 1, 2, 0, 2, 0, 2, 2, 1, 0, 1, 1, 0, 0, 0, 2, 2, 0, 0, 2, 0, 0, 1, 1, 0, 1, 2, 0, 0, 0, 1, 2, 0, 2, 1, 0, 1, 0, 1, 0, 1, 0, 0, 1, 1, 0, 0, 0, 0, 2, 0, 0, 2, 0, 2, 2, 2, 0, 0, 0, 2, 0, 0, 2, 0, 0, 0, 2, 1, 1, 1, 0, 1, 0, 0, 0, 1, 1, 0, 1, 2, 1, 1, 2, 2, 2, 0, 0, 0, 2, 0, 2, 0, 1, 0, 1, 0, 0, 1, 1, 2, 0, 2, 1, 0, 2, 2, 2, 0, 1, 0, 2, 1, 2, 0, 0, 2, 1, 1, 1, 0, 2, 1, 0, 1, 1, 1, 1, 0, 0, 2, 0, 2, 1, 0, 0, 2, 2, 0, 0, 2, 2, 0, 1, 1, 1, 0, 2, 2, 1, 0, 2, 0, 2, 0, 2, 0, 1, 0, 0, 0, 0, 0, 0, 0, 2, 0, 0, 1, 1, 0, 0, 1, 0, 0, 1, 2, 0, 1, 2, 2, 0, 2, 1, 2, 1, 1, 1, 0, 0, 2, 1, 1, 1, 1, 0, 1, 1, 2, 0, 0, 1, 0, 1, 1, 0, 0, 1, 0, 0, 1, 1, 1, 0, 2, 0, 1, 1, 0, 0, 0, 0, 0, 0, 1, 1, 0, 0, 0, 1, 1, 2, 0, 0, 1, 0, 0, 0, 1, 0, 2, 0, 1, 2, 0, 0, 1, 0, 0, 0, 0, 0, 1, 1, 0, 0, 1, 2, 0, 1, 2, 2, 0, 0, 2, 2, 2, 0, 2, 2, 0, 2, 0, 0, 0, 0, 2, 1, 1, 2, 0, 2, 2, 0, 1, 1, 0, 0, 0, 1, 2, 1, 2, 0, 0, 2, 0, 2, 0, 0, 2, 1, 0, 2, 0, 0, 2, 0, 1, 0, 0, 0, 0, 2, 2, 0, 0, 0, 2, 2, 1, 1, 0, 1, 0, 2, 0, 0, 0, 2, 2, 2, 2, 0, 1, 0, 0, 0, 2, 0, 0, 1, 2, 0, 1, 0, 1, 1, 0, 0, 1, 0, 0, 0, 2, 0, 2, 2, 1, 1, 2, 2, 0, 0, 2, 1, 1, 1, 1, 0, 1, 2, 1, 1, 0, 1, 2, 1, 0, 2, 0, 2, 2, 0, 0, 0, 0, 2, 2, 2, 2, 0, 2, 0, 0, 2, 1, 1, 0, 1, 0, 0, 0, 1, 1, 1, 1, 0, 2, 0, 1, 2, 0, 2, 0, 2, 0, 0, 0, 0, 0, 1, 0, 0, 2, 0, 1, 0, 1, 0, 0, 0, 1, 1, 0, 1, 0, 1, 0, 0, 0, 1, 0, 0, 0, 1, 0, 2, 0, 0, 2, 0, 1, 0, 0, 2, 1, 0, 0, 2, 0, 0, 0, 0, 0, 1, 0, 2, 0, 1, 2, 2, 2, 0, 0, 0, 0, 0, 0, 0, 0, 2, 0, 1, 0, 0, 2, 0, 0, 2, 1, 2, 2, 0, 0, 1, 1, 0, 1, 2, 0, 0, 1, 2, 2, 0, 0, 2, 1, 1, 0, 1, 0, 0, 2, 2, 1, 0, 2, 0, 0, 0, 2, 1, 0, 2, 0, 2, 0, 1, 0, 2, 2, 0, 1, 0, 0, 0, 0, 2, 2, 0, 2, 0, 1, 0, 0, 1, 2, 0, 2, 2, 2, 2, 2, 2, 2, 0, 2, 1, 2, 0, 0, 2, 2, 1, 2, 2, 0, 2, 0, 1, 0, 1, 0, 2, 0, 1, 0, 0, 2, 0, 0, 0, 0, 2, 1, 2, 0, 2, 2, 0, 0, 0, 1, 2, 1, 2, 2, 1, 1, 0, 2, 1, 2, 2, 2, 0, 1, 2, 0, 0, 0, 0, 2, 2, 2, 2, 0, 1, 0, 2, 0, 2, 0, 1, 1, 0, 2, 0, 2, 0, 0, 2, 2, 1, 0, 2, 2, 0, 2, 1, 0, 1, 1, 0, 1, 0, 0, 1, 2, 2, 1, 2, 0, 0, 1, 1, 0, 2, 2, 2, 1, 2, 2, 2, 0, 1, 0, 0, 1, 1, 1, 0, 2, 2, 0, 2, 0, 2, 0, 0, 0, 0, 2, 0, 0, 1, 0, 0, 0, 1, 2, 2, 0, 0, 2, 2, 2, 1, 1, 0, 1, 0, 0, 1, 0, 1, 2, 0, 2, 1, 0, 0, 0, 0, 1, 2, 0, 2, 0, 2, 2, 0, 2, 0, 2, 1, 2, 0, 0, 2, 0, 2, 1, 0, 0, 2, 0, 1, 0, 2, 2, 1, 1, 0, 2, 0, 1, 0, 1, 2, 2, 1, 2, 2, 2, 1, 0, 2, 0, 1, 2, 0, 2, 0, 0, 0, 1, 0, 1, 1, 0, 0, 2, 2, 0, 0, 0, 0, 2, 0, 0, 0, 2, 0, 2, 0, 0, 2, 1, 0, 2, 1, 2, 2, 0, 0, 0, 2, 1, 2, 2, 1, 0, 1, 2, 0, 0, 0, 2, 0, 2, 0, 2, 0, 1, 2, 1, 2, 2, 2, 0, 1, 0, 2, 1, 1, 2, 0, 0, 0, 0, 0, 2, 0, 1, 2, 0, 0, 0, 0, 2, 0, 1, 1, 2, 1, 1, 0, 0, 1, 2, 0, 2, 1, 0, 2, 2, 2, 1, 2, 0, 1, 1, 0, 0, 2, 2, 2, 1, 2, 2, 2, 1, 0, 2, 1, 1, 2, 0, 0, 0, 2, 0, 2, 0, 1, 0, 0, 2, 0, 0, 0, 0, 0, 0, 1, 1, 0, 0, 0, 1, 0, 0, 1, 0, 2, 0, 0, 0, 1, 0, 0, 0, 0, 1, 1, 0, 0, 2, 0, 1, 0, 0, 1, 0, 2, 0, 2, 0, 0, 0, 2, 2, 0, 1, 0, 0, 0, 0, 0, 0, 2, 0, 0, 1, 0, 0, 1, 1, 0, 0, 0, 0, 0, 0, 0, 0, 0, 0, 1, 0, 1, 1, 1, 1, 2, 1, 0, 2, 1, 2, 2, 0, 2, 2, 1, 1, 2, 1, 2, 0, 1, 2, 1, 1, 0, 1, 0, 2, 2, 0, 0, 0, 2, 1, 0, 0, 2, 0, 1, 1, 1, 1, 0, 1, 2, 1, 2, 0, 2, 2, 2, 0, 1, 1, 0, 2, 2, 0, 1, 1, 0, 2, 0, 0, 0, 0, 0, 2, 1, 2, 2, 1, 2, 2, 1, 2, 1, 0, 0, 0, 2, 0, 0, 2, 2, 0, 1, 0, 1, 0, 0, 2, 0, 0, 0, 2, 0, 2, 2, 2, 0, 2, 0, 2, 0, 2, 2, 1, 1, 0, 1, 1, 1, 1, 2, 1, 2, 1, 2, 0, 0, 1, 0, 0, 1, 0, 0, 1, 0, 1, 0, 0, 0, 2, 0, 0, 0, 2, 0, 2, 1, 0, 0, 2, 2, 0, 2, 2, 1, 0, 0, 0, 0, 1, 1, 0, 2, 0, 2, 2, 0, 0, 2, 0, 0, 0, 0, 0, 0, 2, 0, 1, 0, 2, 2, 0, 2, 2, 0, 0, 0, 0, 2, 0, 1, 1, 0, 1, 0, 0, 1, 0, 0, 1, 2, 0, 1, 2, 1, 2, 0, 2, 0, 0]
0.5818917924181082
array([[580, 625,  73],
       [  3, 650,  28],
       [  2, 405, 351]])
kfold preds 2: [1, 1, 0, 0, 0, 0, 1, 1, 2, 0, 0, 0, 0, 0, 0, 1, 0, 2, 1, 1, 2, 0, 2, 1, 1, 1, 0, 0, 0, 0, 0, 2, 1, 0, 0, 0, 1, 0, 0, 0, 2, 0, 1, 0, 0, 2, 2, 0, 0, 0, 0, 1, 0, 0, 1, 0, 1, 0, 0, 1, 1, 0, 2, 0, 0, 0, 1, 2, 0, 0, 0, 1, 1, 0, 2, 0, 2, 1, 0, 0, 0, 0, 2, 0, 1, 0, 2, 0, 0, 2, 2, 1, 1, 0, 0, 0, 2, 0, 0, 1, 0, 0, 2, 1, 0, 0, 0, 1, 2, 1, 0, 1, 0, 2, 2, 1, 2, 0, 1, 0, 0, 0, 0, 0, 1, 0, 1, 0, 0, 0, 1, 1, 1, 2, 1, 0, 0, 0, 0, 0, 1, 0, 1, 1, 0, 2, 1, 0, 1, 0, 2, 2, 0, 0, 0, 1, 0, 0, 0, 1, 0, 0, 0, 1, 2, 0, 0, 1, 0, 1, 2, 0, 0, 0, 2, 2, 0, 0, 1, 0, 1, 1, 0, 2, 0, 1, 0, 0, 0, 0, 2, 2, 0, 0, 2, 0, 1, 0, 0, 0, 0, 2, 0, 0, 2, 2, 1, 0, 0, 0, 0, 2, 0, 0, 2, 0, 0, 0, 0, 2, 0, 0, 0, 1, 2, 2, 1, 1, 2, 2, 0, 1, 0, 0, 2, 2, 0, 0, 2, 0, 0, 0, 2, 0, 0, 0, 0, 0, 0, 1, 2, 0, 0, 0, 2, 2, 2, 0, 1, 0, 0, 2, 0, 1, 0, 1, 2, 1, 2, 0, 0, 2, 0, 0, 0, 0, 0, 1, 0, 2, 1, 1, 1, 2, 0, 0, 0, 2, 1, 0, 1, 0, 0, 0, 0, 0, 0, 0, 0, 2, 0, 1, 0, 2, 2, 0, 0, 2, 0, 0, 0, 0, 0, 1, 1, 0, 1, 1, 2, 0, 0, 0, 1, 0, 0, 0, 0, 0, 1, 0, 2, 0, 1, 2, 1, 0, 0, 2, 0, 1, 2, 1, 2, 1, 0, 1, 0, 0, 0, 1, 0, 0, 0, 0, 0, 0, 0, 0, 0, 1, 2, 1, 0, 0, 1, 1, 0, 2, 1, 1, 2, 0, 2, 1, 2, 0, 1, 0, 1, 0, 0, 2, 2, 1, 0, 0, 0, 0, 1, 2, 0, 0, 1, 2, 0, 0, 0, 0, 0, 2, 1, 1, 0, 1, 2, 0, 0, 1, 2, 1, 2, 0, 0, 0, 2, 1, 1, 2, 0, 2, 2, 0, 1, 0, 1, 0, 2, 2, 0, 0, 0, 0, 2, 1, 2, 0, 1, 0, 0, 0, 1, 0, 1, 2, 0, 2, 1, 0, 1, 0, 2, 2, 1, 1, 2, 2, 2, 2, 1, 0, 0, 0, 0, 0, 0, 0, 2, 0, 2, 2, 1, 2, 0, 0, 2, 2, 0, 0, 2, 0, 0, 2, 0, 0, 0, 2, 1, 0, 2, 1, 2, 1, 2, 0, 1, 0, 1, 0, 0, 1, 1, 0, 1, 0, 0, 0, 2, 1, 2, 2, 2, 0, 2, 2, 2, 0, 0, 1, 0, 1, 0, 1, 2, 0, 0, 2, 0, 0, 0, 2, 2, 0, 2, 0, 0, 0, 1, 0, 2, 0, 0, 1, 0, 0, 0, 1, 0, 0, 1, 1, 0, 2, 1, 1, 0, 0, 0, 2, 0, 2, 0, 2, 1, 0, 0, 0, 0, 0, 2, 2, 0, 0, 0, 0, 2, 0, 1, 2, 0, 1, 2, 1, 0, 0, 2, 0, 0, 1, 2, 0, 2, 0, 0, 2, 2, 0, 1, 0, 2, 0, 0, 2, 2, 0, 0, 1, 0, 1, 1, 0, 2, 0, 2, 0, 0, 2, 0, 0, 0, 0, 0, 1, 2, 0, 0, 1, 2, 1, 1, 0, 0, 1, 1, 0, 0, 2, 0, 2, 0, 0, 1, 2, 0, 1, 1, 0, 2, 0, 2, 0, 2, 2, 0, 2, 2, 0, 1, 1, 0, 0, 2, 1, 0, 2, 0, 2, 0, 2, 0, 0, 2, 2, 2, 0, 0, 0, 1, 0, 2, 2, 0, 1, 0, 0, 2, 0, 0, 2, 0, 0, 0, 0, 2, 2, 0, 0, 2, 2, 1, 0, 2, 0, 0, 2, 1, 0, 0, 0, 0, 1, 0, 0, 0, 0, 0, 2, 1, 1, 1, 2, 0, 0, 0, 1, 2, 2, 0, 1, 1, 0, 0, 0, 1, 0, 0, 0, 2, 2, 0, 2, 0, 1, 1, 1, 1, 2, 0, 2, 0, 0, 0, 2, 0, 0, 0, 2, 0, 0, 0, 0, 0, 1, 0, 0, 0, 2, 2, 2, 0, 2, 1, 0, 0, 1, 1, 1, 1, 0, 1, 0, 0, 0, 0, 1, 0, 1, 2, 0, 0, 2, 2, 0, 0, 2, 0, 2, 1, 0, 0, 2, 1, 0, 1, 0, 0, 1, 0, 0, 2, 1, 2, 1, 0, 2, 0, 0, 2, 0, 0, 0, 0, 0, 0, 0, 0, 2, 2, 0, 0, 1, 1, 1, 1, 0, 2, 0, 1, 0, 1, 0, 1, 2, 2, 0, 0, 0, 0, 2, 0, 2, 1, 0, 2, 2, 0, 0, 0, 0, 0, 0, 0, 1, 1, 0, 2, 0, 0, 2, 0, 2, 0, 0, 2, 0, 2, 0, 1, 0, 0, 0, 0, 0, 0, 1, 0, 0, 0, 2, 1, 1, 0, 0, 1, 0, 2, 0, 1, 1, 0, 0, 0, 0, 0, 2, 2, 1, 2, 0, 2, 0, 0, 0, 0, 2, 0, 2, 0, 0, 1, 2, 1, 2, 2, 2, 0, 2, 2, 0, 1, 0, 2, 0, 1, 1, 0, 0, 0, 2, 0, 0, 0, 0, 2, 2, 1, 0, 0, 1, 0, 2, 2, 0, 0, 0, 0, 0, 0, 1, 1, 1, 0, 0, 0, 0, 0, 2, 0, 2, 0, 0, 1, 1, 0, 2, 2, 1, 2, 2, 1, 2, 0, 0, 2, 2, 2, 0, 2, 0, 0, 0, 0, 1, 1, 0, 0, 2, 0, 0, 0, 0, 0, 1, 1, 0, 0, 2, 1, 0, 2, 0, 0, 0, 1, 0, 0, 0, 2, 0, 2, 1, 1, 2, 2, 0, 1, 2, 2, 1, 0, 0, 0, 0, 0, 0, 2, 0, 0, 0, 2, 2, 0, 2, 0, 0, 2, 0, 0, 0, 2, 0, 0, 0, 0, 0, 1, 2, 1, 0, 0, 0, 2, 0, 0, 0, 1, 0, 0, 0, 0, 2, 0, 2, 0, 0, 1, 0, 1, 0, 0, 0, 2, 2, 0, 1, 0, 0, 0, 2, 0, 0, 2, 0, 2, 0, 1, 0, 0, 0, 1, 0, 0, 0, 1, 1, 0, 1, 1, 0, 2, 1, 0, 2, 2, 0, 0, 0, 0, 0, 0, 0, 0, 0, 1, 0, 1, 2, 0, 0, 2, 1, 0, 1, 2, 0, 1, 0, 0, 1, 1, 0, 0, 0, 2, 1, 0, 0, 0, 0, 2, 1, 0, 0, 0, 0, 0, 0, 2, 0, 2, 0, 0, 0, 0, 2, 2, 0, 0, 0, 0, 0, 2, 2, 2, 1, 0, 0, 2, 2, 2, 2, 0, 0, 0, 0, 1, 0, 0, 0, 0, 1, 1, 2, 0, 1, 1, 0, 0, 0, 0, 0, 1, 2, 0, 1, 2, 1, 2, 0, 1, 0, 0, 1, 0, 2, 2, 0, 1, 2, 0, 2, 0, 0, 2, 0, 2, 0, 0, 2, 0, 0, 2, 1, 2, 1, 0, 2, 0, 1, 2, 0, 0, 0, 2, 0, 0, 0, 2, 1, 0, 1, 2, 0, 0, 1, 0, 0, 2, 1, 1, 1, 0, 0, 2, 1, 2, 2, 0, 1, 0, 2, 0, 2, 0, 1, 2, 0, 2, 0, 1, 0, 0, 1, 1, 0, 0, 1, 1, 2, 0, 0, 0, 0, 1, 0, 0, 0, 1, 0, 1, 0, 2, 2, 0, 0, 0, 0, 2, 2, 2, 0, 1, 0, 2, 0, 2, 0, 0, 2, 0, 0, 0, 0, 0, 0, 0, 2, 2, 0, 1, 1, 0, 0, 0, 0, 1, 2, 1, 0, 0, 2, 1, 1, 0, 2, 0, 1, 1, 0, 1, 2, 0, 0, 2, 2, 0, 0, 0, 0, 2, 0, 0, 0, 2, 0, 2, 2, 0, 1, 2, 1, 0, 1, 1, 0, 1, 0, 0, 0, 1, 2, 2, 0, 0, 1, 1, 2, 0, 1, 1, 0, 0, 0, 0, 2, 2, 0, 2, 0, 1, 1, 2, 0, 2, 2, 2, 2, 0, 0, 0, 0, 0, 1, 0, 0, 2, 1, 0, 0, 0, 2, 2, 0, 1, 0, 2, 2, 0, 0, 1, 0, 0, 2, 0, 0, 1, 1, 1, 0, 2, 0, 2, 0, 0, 0, 0, 0, 0, 1, 2, 1, 2, 0, 0, 2, 0, 0, 1, 0, 0, 0, 0, 2, 0, 0, 2, 1, 0, 2, 2, 0, 0, 0, 0, 1, 0, 0, 2, 1, 0, 1, 0, 2, 0, 1, 0, 0, 0, 0, 0, 0, 0, 0, 2, 2, 1, 2, 0, 0, 0, 1, 1, 1, 0, 0, 0, 1, 0, 0, 2, 0, 2, 0, 0, 0, 0, 2, 0, 2, 2, 0, 0, 2, 0, 0, 1, 2, 2, 2, 1, 2, 2, 2, 2, 2, 1, 0, 1, 0, 0, 0, 2, 1, 1, 0, 2, 2, 1, 1, 0, 2, 0, 2, 2, 0, 0, 2, 2, 2, 1, 0, 2, 1, 0, 0, 2, 0, 0, 1, 0, 1, 0, 0, 0, 1, 0, 1, 2, 2, 0, 0, 2, 2, 0, 1, 2, 0, 0, 0, 1, 2, 2, 0, 2, 1, 1, 2, 0, 0, 0, 2, 1, 0, 2, 0, 1, 0, 2, 0, 0, 2, 0, 2, 0, 2, 0, 0, 0, 1, 0, 1, 1, 0, 0, 0, 0, 2, 1, 1, 0, 0, 0, 0, 1, 2, 2, 1, 0, 0, 0, 0, 2, 0, 1, 1, 2, 2, 1, 0, 2, 2, 2, 0, 0, 2, 0, 2, 0, 0, 1, 0, 0, 0, 1, 2, 0, 0, 1, 2, 1, 1, 2, 0, 0, 0, 2, 1, 2, 0, 1, 0, 2, 1, 2, 0, 0, 0, 1, 0, 0, 1, 0, 0, 0, 1, 2, 1, 0, 1, 1, 0, 1, 0, 0, 0, 0, 2, 1, 1, 0, 0, 0, 0, 0, 0, 1, 2, 0, 1, 0, 2, 0, 0, 2, 2, 0, 1, 0, 1, 0, 2, 2, 0, 2, 2, 1, 1, 0, 0, 0, 0, 2, 1, 1, 1, 0, 0, 1, 0, 2, 0, 0, 1, 0, 0, 2, 0, 0, 2, 1, 1, 0, 0, 1, 0, 1, 0, 0, 0, 0, 0, 1, 2, 0, 2, 0, 1, 0, 0, 1, 0, 2, 1, 0, 0, 2, 0, 0, 0, 0, 0, 2, 0, 1, 0, 0, 0, 2, 0, 1, 2, 1, 0, 2, 2, 0, 0, 2, 1, 0, 1, 2, 2, 2, 0, 2, 0, 2, 0, 2, 1, 0, 0, 2, 0, 0, 0, 0, 0, 1, 1, 0, 2, 1, 2, 1, 0, 0, 0, 0, 0, 1, 2, 1, 0, 2, 0, 0, 2, 0, 2, 0, 1, 2, 2, 0, 0, 2, 0, 1, 0, 1, 0, 0, 2, 1, 2, 2, 0, 0, 2, 0, 0, 0, 1, 0, 0, 1, 0, 0, 1, 0, 0, 1, 1, 0, 0, 0, 1, 2, 0, 1, 0, 2, 0, 1, 0, 0, 1, 2, 0, 1, 2, 0, 2, 1, 0, 2, 1, 1, 0, 1, 0, 1, 2, 0, 1, 2, 0, 1, 0, 2, 1, 1, 1, 0, 0, 0, 1, 1, 2, 2, 1, 1, 0, 0, 1, 0, 0, 2, 2, 2, 0, 2, 0, 0, 0, 0, 0, 2, 1, 0, 0, 1, 1, 2, 1, 1, 0, 2, 0, 2, 0, 0, 0, 0, 2, 0, 1, 0, 0, 0, 2, 0, 0, 2, 0, 2, 0, 0, 0, 0, 0, 1, 1, 0, 1, 0, 2, 0, 1, 0, 1, 0, 0, 2, 0, 2, 2, 0, 0, 1, 0, 0, 0, 0, 2, 2, 0, 0, 1, 0, 0, 2, 0, 0, 1, 0, 0, 0, 0, 2, 0, 2, 2, 0, 0, 1, 1, 0, 0, 0, 0, 1, 0, 2, 0, 2, 1, 1, 1, 0, 0, 0, 1, 1, 1, 0, 0, 2, 1, 0, 0, 2, 0, 2, 0, 1, 2, 0, 1, 0, 2, 0, 1, 2, 1, 1, 1, 2, 0, 1, 0, 2, 0, 2, 1, 1, 0, 0, 0, 0, 0, 2, 0, 0, 2, 0, 0, 0, 0, 2, 2, 0, 0, 2, 1, 0, 2, 0, 0, 0, 2, 1, 2, 1, 2, 0, 0, 2, 1, 0, 0, 0, 2, 0, 2, 1, 1, 2, 1, 2, 2, 0, 0, 0, 2, 0, 1, 0, 1, 0, 0, 0, 0, 0, 2, 1, 1, 0, 0, 2, 0, 0, 0, 0, 0, 0, 1, 2, 1, 1, 0, 2, 0, 0, 2, 1, 2, 1, 1, 0, 0, 0, 2, 0, 0, 2, 2, 2, 0, 0, 2, 0, 0, 0, 0, 0, 2, 0, 0, 0, 1, 1, 0, 0, 1, 1, 0, 2, 1, 2, 0, 0, 1, 0, 0, 2, 0, 0, 1, 2, 2, 0, 2, 0, 0, 1, 0, 0, 2, 1, 0, 1, 0, 1, 0, 0, 0, 0, 0, 2, 1, 2, 0, 2, 2, 0, 0, 0, 1, 0, 0, 0, 0, 0, 0, 0, 1, 1, 0, 0, 0, 0, 2, 0, 0, 1, 0, 2, 2, 0, 0, 1, 0, 2, 0, 1, 1, 0, 2, 2, 2, 0, 0, 0, 0, 2, 0, 0, 0, 2, 0, 1, 2, 0, 0, 0, 0, 0, 0, 0, 0, 0, 0, 0, 0, 0, 2, 2, 2, 0, 2, 2, 1, 0, 0, 0, 0, 0, 0, 0, 1, 1, 2, 2, 2, 0, 0, 0, 2, 0, 1, 0, 1, 1, 0, 0, 0, 1, 0, 2, 1, 0, 0, 0, 0, 0, 0, 2, 0, 0, 0, 1, 2, 0, 1, 0, 1, 0, 2, 0, 0, 0, 2, 0, 2, 0, 2, 1, 1, 0, 2, 0, 2, 0, 2, 2, 0, 0, 0, 2, 0, 2, 0, 0, 1, 0, 2, 2, 2, 2, 0, 2, 0, 1, 0, 1, 0, 1, 0, 0, 2, 1, 1, 0, 2, 2, 1, 0, 0, 2, 0, 1, 0, 1, 1, 2, 2, 1, 0, 2, 1, 0, 0, 0, 1, 0, 0, 2, 1, 0, 0, 0, 2, 0, 1, 0, 0, 0, 1, 2, 2, 2, 1, 2, 0, 2, 1, 0, 2, 0, 0, 0, 2, 0, 2, 0, 1, 1, 0, 2, 0, 0, 2, 2, 0, 2, 0, 0, 0, 0, 2, 2, 2, 1, 2, 0, 2, 2, 0, 0, 0, 0, 1, 0, 2, 0, 0, 0, 0, 0, 2, 0, 0, 0, 0, 0, 0, 0, 2, 0, 0, 0, 0, 0, 0, 1, 2, 0, 1, 0, 0, 0, 1, 2, 0, 2, 2, 2, 1, 2, 0, 0, 0, 0, 0, 0, 2, 0, 0, 0, 2, 0, 0, 2, 0, 2, 0, 0, 1, 0, 0, 1, 2, 0, 0, 2, 0, 0, 2, 0, 1, 0, 0, 2, 1, 2, 0, 1, 0, 2, 2, 0, 0, 0, 2, 2, 1, 2, 0, 2, 0, 1, 2, 0, 0, 1, 0, 2, 1, 0, 2, 0, 2, 1, 1, 2, 0, 0, 0, 0, 0, 1, 0, 0, 0, 0, 2, 0, 0, 1, 1, 0, 2, 2, 0, 2, 1, 1, 1, 0, 0, 0, 0, 0, 0, 2, 2, 0, 1, 1, 1, 0, 0, 0, 0, 0, 0, 1, 0, 2, 0, 2, 2, 0, 2, 2, 1, 2, 2, 1, 0, 0, 0, 1, 0, 0, 0, 1, 1, 1, 2, 0, 0, 2, 0, 1, 1, 2, 2, 0, 2, 0, 0, 0, 0, 2, 0, 0, 0, 2, 0, 2, 0, 1, 1, 0, 0, 1, 1, 0, 1, 0, 0, 0, 0, 0, 1, 0, 2, 0, 0, 0, 0, 0, 2, 1, 0, 0, 1, 0, 1, 1, 1, 2, 1, 0, 2, 1, 0, 1, 0, 1, 0, 0, 0, 0, 1, 0, 0, 2, 0, 0, 0, 1, 0, 2, 1, 0, 0, 1, 0, 2, 0, 2, 0, 0]
kfold targets 2: [1, 1, 0, 0, 0, 0, 1, 1, 2, 0, 0, 2, 0, 0, 0, 1, 0, 2, 1, 1, 1, 0, 2, 2, 1, 1, 0, 2, 0, 0, 0, 2, 1, 0, 1, 0, 1, 0, 0, 0, 2, 0, 1, 1, 0, 2, 1, 2, 0, 0, 0, 1, 0, 0, 1, 0, 1, 2, 0, 1, 1, 0, 2, 0, 0, 0, 1, 2, 0, 0, 0, 1, 1, 0, 2, 0, 1, 1, 0, 0, 0, 0, 1, 0, 1, 0, 2, 0, 0, 0, 2, 1, 2, 0, 0, 0, 0, 0, 0, 1, 0, 0, 2, 1, 0, 0, 0, 1, 2, 1, 0, 1, 2, 1, 2, 1, 2, 0, 2, 0, 2, 0, 0, 0, 1, 0, 1, 0, 0, 0, 1, 1, 2, 2, 1, 0, 0, 0, 0, 0, 1, 0, 1, 2, 0, 2, 2, 1, 1, 2, 2, 2, 0, 0, 0, 1, 1, 0, 0, 1, 0, 0, 0, 1, 2, 0, 0, 1, 0, 2, 2, 0, 0, 0, 2, 1, 0, 2, 2, 0, 1, 1, 0, 2, 0, 2, 2, 0, 0, 0, 2, 1, 0, 0, 2, 0, 2, 0, 0, 2, 0, 2, 2, 1, 2, 2, 2, 0, 0, 0, 1, 2, 1, 0, 1, 0, 0, 2, 0, 2, 1, 0, 0, 1, 2, 2, 2, 1, 2, 2, 0, 2, 0, 0, 1, 2, 0, 0, 1, 0, 0, 2, 2, 2, 0, 0, 0, 0, 0, 1, 2, 0, 0, 2, 2, 2, 2, 0, 1, 0, 0, 2, 0, 1, 0, 1, 1, 2, 2, 0, 0, 2, 0, 0, 0, 0, 0, 2, 0, 2, 1, 1, 1, 2, 0, 0, 0, 2, 1, 0, 1, 0, 0, 0, 0, 0, 0, 0, 0, 2, 0, 0, 0, 2, 2, 0, 0, 2, 0, 0, 1, 0, 0, 1, 2, 0, 1, 1, 1, 0, 0, 0, 1, 0, 0, 0, 0, 2, 1, 0, 1, 0, 2, 2, 1, 0, 1, 2, 2, 1, 2, 1, 2, 1, 0, 2, 0, 0, 0, 1, 0, 0, 2, 1, 0, 0, 0, 2, 2, 1, 1, 2, 0, 0, 1, 2, 0, 1, 1, 1, 1, 0, 2, 1, 2, 0, 1, 0, 1, 0, 0, 1, 2, 1, 0, 0, 0, 2, 1, 1, 0, 2, 1, 2, 0, 0, 0, 0, 0, 2, 1, 1, 0, 1, 2, 0, 0, 1, 2, 1, 2, 0, 0, 0, 2, 1, 1, 1, 0, 2, 2, 0, 1, 0, 2, 0, 2, 2, 0, 2, 0, 0, 2, 1, 2, 0, 1, 0, 0, 0, 1, 0, 1, 1, 0, 2, 1, 1, 2, 0, 1, 2, 2, 2, 2, 2, 2, 2, 1, 0, 0, 0, 0, 0, 0, 0, 2, 0, 2, 2, 1, 2, 0, 0, 2, 2, 0, 0, 2, 0, 0, 2, 0, 0, 0, 1, 1, 0, 2, 1, 2, 1, 1, 0, 1, 2, 2, 0, 0, 1, 2, 0, 2, 0, 2, 1, 1, 1, 2, 2, 2, 0, 2, 2, 2, 2, 0, 1, 0, 1, 0, 1, 2, 0, 0, 2, 2, 0, 0, 2, 2, 0, 2, 0, 0, 0, 1, 0, 2, 2, 0, 1, 2, 0, 2, 1, 0, 0, 1, 1, 1, 2, 1, 1, 0, 0, 0, 2, 0, 2, 0, 2, 1, 0, 2, 0, 0, 0, 2, 1, 0, 0, 0, 0, 1, 0, 1, 1, 0, 1, 2, 1, 0, 0, 2, 0, 0, 1, 2, 0, 2, 1, 0, 2, 2, 0, 1, 0, 2, 0, 2, 2, 2, 0, 0, 1, 0, 1, 1, 0, 2, 0, 2, 0, 0, 2, 0, 0, 0, 0, 0, 2, 1, 0, 0, 1, 2, 1, 2, 0, 0, 1, 1, 2, 1, 2, 0, 2, 0, 2, 2, 2, 0, 1, 1, 0, 2, 2, 2, 0, 2, 2, 0, 2, 2, 2, 1, 1, 0, 0, 2, 2, 0, 2, 0, 2, 0, 2, 0, 0, 1, 2, 2, 0, 0, 1, 1, 0, 2, 2, 0, 1, 0, 0, 2, 0, 0, 2, 0, 0, 0, 0, 1, 2, 0, 0, 2, 2, 1, 0, 1, 0, 0, 2, 1, 0, 0, 0, 0, 1, 0, 0, 0, 0, 2, 2, 1, 1, 2, 2, 0, 0, 2, 1, 2, 2, 0, 1, 1, 0, 0, 0, 1, 0, 0, 0, 2, 2, 0, 2, 2, 1, 1, 1, 1, 1, 0, 2, 0, 0, 2, 2, 0, 2, 0, 2, 0, 0, 0, 0, 0, 1, 0, 0, 0, 1, 2, 2, 0, 1, 1, 0, 0, 1, 1, 1, 1, 0, 1, 0, 0, 0, 0, 1, 0, 1, 2, 0, 0, 2, 2, 0, 0, 2, 0, 2, 1, 0, 0, 2, 1, 0, 1, 0, 0, 1, 0, 0, 2, 1, 2, 2, 0, 2, 0, 0, 2, 2, 0, 0, 0, 0, 0, 0, 0, 2, 2, 0, 0, 2, 1, 1, 1, 0, 2, 0, 2, 0, 1, 0, 1, 2, 2, 1, 0, 0, 0, 2, 0, 2, 1, 0, 2, 2, 0, 0, 0, 0, 0, 0, 0, 1, 1, 2, 1, 2, 0, 0, 0, 2, 0, 0, 2, 0, 2, 0, 1, 0, 0, 2, 0, 0, 0, 1, 1, 0, 0, 2, 1, 2, 0, 0, 1, 0, 2, 0, 2, 1, 0, 0, 0, 0, 0, 2, 2, 1, 2, 0, 2, 0, 0, 0, 0, 2, 0, 2, 2, 0, 2, 2, 2, 2, 2, 0, 0, 2, 2, 0, 1, 0, 2, 0, 2, 1, 0, 0, 0, 2, 0, 0, 0, 0, 2, 2, 1, 0, 0, 1, 0, 2, 2, 2, 0, 0, 0, 0, 0, 1, 1, 1, 0, 0, 0, 0, 0, 2, 0, 2, 0, 0, 1, 1, 0, 2, 2, 0, 1, 0, 1, 1, 0, 0, 2, 1, 2, 0, 0, 0, 0, 0, 0, 1, 2, 0, 0, 2, 0, 0, 2, 0, 0, 1, 1, 0, 0, 2, 1, 0, 1, 0, 0, 0, 1, 0, 1, 2, 2, 0, 2, 1, 1, 2, 1, 0, 2, 2, 2, 1, 0, 0, 0, 0, 0, 0, 2, 0, 0, 0, 2, 2, 0, 1, 0, 0, 2, 0, 0, 0, 2, 0, 0, 2, 0, 0, 2, 1, 1, 0, 0, 2, 2, 0, 1, 0, 2, 0, 0, 0, 0, 2, 0, 1, 2, 0, 1, 0, 1, 0, 0, 0, 2, 2, 0, 1, 0, 0, 0, 2, 0, 0, 2, 0, 2, 0, 1, 1, 0, 0, 1, 0, 0, 0, 1, 1, 1, 1, 1, 0, 2, 1, 0, 2, 2, 0, 0, 0, 0, 0, 2, 0, 2, 0, 1, 0, 1, 1, 0, 0, 1, 1, 0, 1, 1, 0, 1, 0, 0, 1, 1, 0, 0, 2, 2, 1, 0, 0, 1, 0, 2, 1, 0, 0, 0, 0, 0, 2, 2, 0, 2, 0, 0, 0, 0, 2, 2, 0, 0, 0, 0, 2, 2, 2, 2, 1, 0, 0, 2, 2, 2, 2, 0, 0, 0, 1, 1, 2, 0, 0, 0, 1, 1, 1, 0, 1, 2, 0, 0, 0, 0, 0, 2, 2, 2, 1, 2, 1, 2, 0, 1, 0, 0, 1, 0, 2, 2, 0, 1, 2, 0, 2, 0, 0, 2, 1, 2, 2, 0, 2, 0, 0, 2, 1, 2, 2, 0, 2, 1, 2, 2, 0, 0, 0, 2, 0, 0, 0, 2, 1, 0, 1, 2, 0, 0, 1, 0, 0, 2, 1, 1, 1, 0, 0, 2, 1, 1, 1, 0, 1, 0, 1, 0, 2, 0, 1, 2, 0, 2, 0, 1, 0, 0, 1, 0, 0, 0, 1, 1, 2, 0, 0, 0, 2, 1, 0, 2, 0, 2, 0, 1, 0, 2, 2, 0, 0, 0, 0, 2, 2, 2, 1, 2, 1, 2, 2, 2, 0, 0, 1, 0, 0, 0, 0, 0, 0, 0, 2, 2, 0, 1, 1, 0, 0, 0, 0, 1, 1, 2, 0, 0, 2, 1, 1, 0, 2, 2, 1, 1, 0, 2, 1, 2, 0, 2, 2, 0, 0, 0, 0, 2, 0, 0, 0, 2, 0, 2, 0, 0, 1, 2, 1, 0, 1, 2, 2, 1, 0, 0, 0, 1, 2, 2, 0, 2, 0, 1, 1, 0, 0, 1, 2, 0, 0, 1, 2, 2, 0, 1, 0, 1, 1, 2, 0, 2, 2, 2, 2, 0, 0, 0, 0, 0, 1, 0, 0, 2, 1, 0, 0, 0, 2, 2, 0, 1, 0, 2, 2, 0, 0, 1, 0, 0, 2, 2, 0, 1, 1, 1, 0, 2, 2, 2, 0, 0, 0, 0, 0, 0, 2, 2, 1, 2, 0, 0, 2, 0, 0, 1, 0, 0, 0, 0, 1, 0, 0, 2, 1, 0, 2, 2, 0, 0, 0, 0, 1, 0, 0, 2, 1, 0, 1, 0, 2, 0, 1, 0, 0, 0, 0, 0, 0, 0, 2, 2, 2, 1, 2, 0, 0, 0, 1, 1, 1, 0, 0, 0, 1, 0, 0, 2, 0, 1, 2, 0, 0, 0, 2, 2, 2, 1, 0, 0, 1, 0, 2, 1, 2, 1, 2, 2, 2, 1, 2, 2, 1, 1, 0, 1, 0, 0, 0, 2, 1, 1, 0, 1, 2, 1, 1, 0, 2, 0, 2, 1, 0, 0, 2, 1, 2, 1, 0, 2, 1, 0, 0, 2, 0, 0, 1, 0, 1, 0, 0, 0, 1, 0, 1, 2, 1, 0, 0, 2, 1, 0, 1, 2, 0, 0, 0, 1, 2, 1, 0, 1, 1, 1, 2, 0, 0, 0, 2, 1, 0, 2, 0, 1, 0, 2, 2, 0, 1, 0, 2, 0, 2, 0, 0, 0, 1, 0, 1, 1, 0, 0, 0, 0, 2, 2, 1, 0, 0, 0, 0, 1, 2, 2, 1, 0, 0, 0, 0, 2, 0, 1, 1, 2, 2, 1, 0, 2, 2, 2, 0, 0, 2, 0, 2, 0, 2, 1, 0, 0, 2, 1, 2, 0, 0, 2, 1, 1, 1, 2, 0, 0, 0, 2, 1, 2, 0, 1, 0, 2, 1, 2, 0, 0, 0, 1, 2, 0, 1, 0, 0, 2, 1, 2, 1, 0, 1, 1, 1, 1, 1, 0, 0, 0, 2, 1, 1, 0, 2, 0, 0, 0, 0, 1, 1, 0, 1, 0, 2, 0, 0, 1, 2, 0, 1, 2, 1, 0, 1, 2, 0, 2, 1, 1, 1, 0, 0, 0, 0, 2, 1, 1, 1, 0, 0, 1, 0, 2, 0, 0, 1, 0, 1, 2, 0, 0, 1, 1, 1, 0, 0, 1, 0, 1, 0, 0, 0, 0, 0, 1, 2, 0, 2, 1, 1, 0, 0, 1, 0, 2, 0, 0, 0, 2, 0, 0, 0, 0, 0, 2, 0, 1, 1, 0, 0, 2, 0, 2, 2, 1, 0, 2, 2, 0, 0, 1, 1, 0, 1, 2, 2, 2, 0, 2, 1, 0, 0, 2, 1, 0, 0, 1, 0, 0, 0, 2, 0, 1, 1, 0, 2, 1, 2, 1, 0, 0, 0, 0, 0, 1, 1, 1, 0, 2, 0, 0, 2, 0, 2, 0, 1, 2, 2, 0, 0, 2, 0, 2, 0, 1, 0, 0, 2, 1, 2, 2, 0, 0, 2, 0, 0, 0, 1, 0, 2, 2, 1, 0, 1, 2, 2, 1, 1, 0, 0, 0, 1, 1, 0, 1, 2, 2, 0, 2, 2, 0, 1, 2, 2, 1, 1, 0, 2, 1, 0, 2, 2, 1, 0, 1, 0, 1, 1, 0, 1, 2, 0, 1, 0, 1, 1, 1, 1, 2, 0, 0, 2, 1, 2, 1, 1, 1, 0, 0, 2, 0, 0, 2, 2, 2, 0, 2, 0, 0, 0, 0, 0, 1, 1, 0, 0, 1, 1, 2, 2, 1, 0, 2, 0, 2, 0, 0, 0, 0, 2, 0, 2, 0, 0, 0, 2, 0, 0, 2, 0, 2, 0, 0, 0, 0, 0, 1, 1, 0, 1, 0, 2, 0, 1, 0, 1, 0, 0, 2, 2, 1, 2, 0, 0, 0, 0, 0, 0, 0, 0, 2, 0, 0, 1, 0, 0, 1, 0, 0, 2, 0, 1, 0, 2, 2, 2, 1, 2, 0, 0, 1, 1, 0, 0, 0, 0, 1, 0, 2, 0, 2, 1, 1, 1, 0, 0, 0, 1, 1, 1, 0, 0, 2, 2, 0, 0, 2, 0, 2, 0, 1, 2, 0, 1, 0, 2, 0, 1, 2, 2, 1, 2, 2, 0, 2, 0, 1, 2, 2, 2, 1, 0, 0, 0, 0, 0, 2, 0, 0, 2, 0, 0, 0, 0, 2, 2, 0, 0, 2, 2, 0, 1, 0, 0, 0, 2, 1, 2, 1, 2, 0, 0, 1, 1, 0, 0, 0, 2, 0, 2, 1, 1, 1, 2, 2, 2, 0, 0, 0, 2, 0, 2, 0, 1, 0, 0, 0, 0, 0, 1, 1, 1, 0, 0, 1, 0, 0, 0, 1, 2, 0, 1, 2, 1, 1, 0, 2, 0, 0, 1, 1, 1, 1, 2, 0, 0, 0, 2, 0, 0, 1, 2, 2, 0, 0, 2, 0, 0, 0, 0, 2, 1, 0, 0, 2, 1, 2, 0, 1, 1, 1, 0, 2, 1, 2, 2, 0, 1, 0, 0, 1, 0, 0, 1, 2, 2, 0, 2, 0, 0, 2, 0, 2, 2, 1, 0, 1, 1, 2, 0, 0, 0, 0, 0, 2, 1, 2, 0, 2, 2, 0, 0, 0, 1, 0, 0, 0, 2, 0, 0, 0, 1, 1, 0, 0, 0, 2, 2, 0, 0, 1, 1, 0, 2, 2, 2, 1, 0, 2, 0, 1, 1, 2, 2, 2, 2, 0, 0, 0, 0, 0, 0, 0, 0, 2, 0, 1, 2, 0, 0, 0, 0, 0, 0, 0, 0, 0, 0, 0, 0, 0, 0, 1, 2, 0, 2, 2, 1, 0, 0, 2, 0, 2, 0, 0, 1, 1, 2, 2, 2, 0, 0, 0, 2, 0, 2, 2, 1, 1, 0, 0, 2, 1, 0, 2, 1, 0, 0, 0, 2, 0, 0, 2, 0, 0, 0, 1, 2, 0, 1, 2, 1, 0, 2, 2, 0, 0, 2, 2, 2, 0, 2, 2, 1, 1, 2, 2, 2, 0, 2, 2, 0, 0, 0, 2, 0, 2, 0, 0, 1, 0, 2, 2, 1, 2, 2, 2, 1, 1, 0, 1, 0, 1, 0, 0, 1, 1, 1, 0, 1, 2, 2, 0, 0, 2, 0, 1, 0, 1, 1, 2, 2, 1, 0, 1, 1, 2, 0, 0, 1, 0, 2, 1, 1, 0, 1, 0, 2, 0, 2, 2, 0, 0, 1, 1, 2, 2, 1, 2, 0, 2, 1, 2, 2, 0, 0, 1, 2, 0, 2, 0, 1, 1, 0, 2, 0, 0, 2, 2, 0, 2, 0, 0, 0, 0, 2, 1, 1, 1, 2, 0, 2, 1, 0, 0, 1, 0, 1, 0, 2, 1, 0, 0, 0, 2, 2, 2, 0, 0, 0, 0, 0, 0, 2, 0, 0, 0, 0, 0, 0, 1, 2, 0, 2, 2, 0, 0, 2, 1, 0, 1, 2, 2, 1, 1, 0, 0, 0, 0, 0, 0, 1, 0, 0, 2, 2, 0, 0, 1, 0, 2, 0, 0, 1, 1, 0, 2, 0, 0, 2, 1, 0, 0, 2, 1, 1, 2, 0, 2, 1, 1, 0, 1, 0, 2, 2, 0, 0, 2, 2, 2, 2, 2, 2, 1, 0, 1, 1, 1, 0, 1, 1, 2, 1, 0, 2, 2, 2, 1, 1, 2, 0, 0, 0, 0, 0, 1, 0, 0, 0, 0, 2, 0, 0, 1, 1, 2, 2, 2, 0, 2, 2, 1, 1, 0, 0, 0, 0, 0, 0, 2, 2, 0, 1, 1, 1, 0, 0, 0, 0, 0, 2, 1, 0, 1, 0, 2, 2, 2, 1, 2, 1, 2, 2, 2, 2, 0, 0, 1, 0, 0, 2, 1, 1, 1, 2, 0, 0, 2, 0, 1, 1, 2, 1, 0, 2, 0, 0, 0, 0, 2, 0, 0, 0, 2, 0, 2, 0, 1, 1, 0, 0, 1, 2, 1, 1, 0, 0, 0, 0, 0, 2, 0, 2, 0, 0, 1, 0, 0, 2, 1, 0, 0, 1, 0, 1, 2, 1, 2, 1, 0, 2, 1, 1, 1, 0, 1, 0, 0, 0, 0, 1, 0, 0, 2, 0, 0, 0, 1, 0, 1, 1, 0, 0, 2, 0, 2, 0, 2, 0, 0]
0.8450496871549503
array([[1274,    7,   13],
       [  55,  487,  122],
       [ 131,   93,  535]])
